[ 0.  0.  0.  0.  0.  0.  0.  0.  0.  0.  0.  0.  0.  0.  0.  0.  0.  0.
  0.  0.  0. 26.  0.  0.  0.  0.  0.  0.  0.  0.  0.  0.  0.  0.  0.  0.
 29.  0.  0.  0.  0.  0.  0.  0.  0.  0.  0.  0.  0.  0. 19. 28. 27. 25.
  0.  0.  0.  0.  0.  0.  0.  0.  0.  0.  0. 17. 18. 24.  0.  0.  0.  0.
  0.  0.  0.  0.  0.  0. 33. 11. 16. 22. 10. 23.  0.  0.  0.  0.  0.  0.
  0.  0.  0.  0. 20.  8.  7.  3. 12.  0.  0.  0.  0.  0.  0.  0.  0.  0.
 21. 30. 32.  6.  1.  0. 14.  0.  0.  0.  0.  0.  0.  0.  0. 31.  0.  5.
  4.  2.  0. 13. 15.  0.  0.  0.  0.  0.  0.  0.  0.  0.  0.  0.  0.  9.
  0.  0.  0.  0.  0.  0.  0.  0.  0.  0.  0.  0.  0.  0.  0.  0.  0.  0.
  0.  0.  0.  0.  0.  0.  0.  0.  0.  0.  0.  0.  0.  0.  0.  0.  0.  0.
  0.  0.  0.  0.  0.  0.  0.  0.  0.  0.  0.  0.  0.  0.  0.  0.  0.  0.
  0.  0.  0.  0.  0.  0.  0.  0.  0.  0.  0.  0.  0.  0.  0.  0.  0.  0.
  0.  0.  0.  0.  0.  0.  0.  0.  0.]