[ 0.  0.  0.  0.  0.  0.  0.  0.  0.  0.  0.  0.  0.  0.  0.  0.  0.  0.
  0.  0.  0.  0.  0.  0.  0.  0.  0.  0.  0.  0.  0.  0.  0.  0.  0.  0.
  0.  0.  0.  0.  0.  0.  0.  0.  0.  0. 34.  0.  0.  0.  0.  0.  0.  0.
  0.  0.  0.  0.  0.  0.  0.  0. 33. 30.  0.  0.  0.  0.  0.  0.  0.  0.
  0.  0.  0. 32. 31. 23. 27. 29. 16.  0.  0.  0.  0.  0.  0.  0.  0.  0.
  0.  0.  0. 18. 17. 15.  0.  6.  0.  0. 24.  0.  0.  0.  0.  0.  0.  0.
  0. 12.  9. 11.  1.  3.  4.  0.  0.  0.  0.  0.  0.  0.  0.  0.  0. 22.
 10. 13.  2.  5.  0.  0.  0.  0.  0.  0.  0.  0.  0.  0. 35.  8.  7. 14.
  0.  0.  0.  0.  0.  0.  0.  0.  0.  0. 25. 21. 26. 19. 39.  0.  0.  0.
  0.  0.  0.  0.  0.  0.  0.  0. 41. 36. 20. 38. 40. 42.  0.  0.  0.  0.
  0.  0.  0.  0.  0.  0. 37.  0. 28.  0.  0.  0.  0.  0.  0.  0.  0.  0.
  0.  0.  0.  0.  0.  0.  0.  0.  0.  0.  0.  0.  0.  0.  0.  0.  0.  0.
  0.  0.  0.  0.  0.  0.  0.  0.  0.]