[ 0.  0.  0.  0.  0.  0.  0.  0.  0.  0.  0.  0.  0.  0.  0.  0.  0.  0.
  0.  0.  0.  0.  0.  0.  0.  0.  0.  0.  0.  0.  0.  0.  0.  0.  0.  0.
  0.  0.  0.  0.  0.  0.  0.  0.  0.  0.  0.  0.  0.  0.  0.  0.  0.  0.
  0.  0.  0.  0.  0.  0.  0.  0.  0.  0.  0.  0.  0.  0.  0.  0.  0.  0.
  0.  0.  0.  0.  0.  0.  0.  0.  0. 20. 24. 25. 22.  0.  0.  0.  0.  0.
  0.  0.  0.  0.  0.  0. 15. 12.  0. 23.  0.  0.  0.  0.  0.  0.  0.  0.
  0.  9.  0.  0.  1. 21. 14. 19.  0.  0.  0.  0.  0.  0.  0.  0.  6. 10.
  2.  7. 13. 18.  0.  0.  0.  0.  0.  0.  0.  0.  0.  0.  3.  4. 11.  0.
 16.  0.  0.  0.  0.  0.  0.  0.  0.  0.  0.  0.  5.  8.  0. 17.  0.  0.
  0.  0.  0.  0.  0.  0.  0.  0.  0.  0.  0.  0.  0.  0.  0.  0.  0.  0.
  0.  0.  0.  0.  0.  0.  0.  0.  0.  0.  0.  0.  0.  0.  0.  0.  0.  0.
  0.  0.  0.  0.  0.  0.  0.  0.  0.  0.  0.  0.  0.  0.  0.  0.  0.  0.
  0.  0.  0.  0.  0.  0.  0.  0.  0.]