[ 0.  0.  0.  0.  0.  0.  0.  0.  0.  0.  0.  0.  0.  0.  0.  0.  0.  0.
  0.  0.  0.  0.  0.  0.  0.  0.  0.  0.  0.  0.  0.  0.  0.  0.  0.  0.
  0.  0.  0.  0.  0.  0.  0.  0.  0.  0.  0.  0.  0.  0.  0.  0.  0.  0.
  0.  0.  0.  0.  0.  0.  0.  0.  0.  0.  0.  0.  0. 26.  0.  0.  0.  0.
  0.  0.  0.  0.  0.  0.  0.  0.  0. 21. 22.  0.  0.  0.  0.  0.  0.  0.
  0.  0.  0.  0. 16. 25.  0.  0. 10.  0. 13.  0.  0.  0.  0.  0.  0.  0.
 27. 23. 15. 24.  1.  9.  6.  0. 14.  0.  0.  0.  0.  0.  0.  0. 19.  0.
  7.  2.  4.  0. 11.  0.  0.  0.  0.  0.  0. 30. 31.  0. 17.  8.  0.  5.
  3. 12.  0.  0.  0.  0.  0.  0.  0.  0.  0. 18. 20.  0.  0.  0.  0.  0.
  0.  0.  0.  0.  0.  0.  0. 29.  0.  0.  0.  0.  0.  0.  0.  0.  0.  0.
  0.  0.  0. 28.  0.  0.  0.  0.  0.  0.  0.  0.  0.  0.  0.  0.  0.  0.
  0.  0.  0.  0.  0.  0.  0.  0.  0.  0.  0.  0.  0.  0.  0.  0.  0.  0.
  0.  0.  0.  0.  0.  0.  0.  0.  0.]