[ 0.  0.  0.  0.  0.  0.  0.  0.  0.  0.  0.  0.  0.  0.  0.  0.  0.  0.
  0.  0.  0.  0.  0.  0.  0.  0.  0.  0.  0.  0.  0.  0.  0.  0.  0.  0.
  0.  0.  0.  0.  0.  0.  0.  0.  0.  0.  0.  0.  0.  0. 30.  0.  0.  0.
  0.  0.  0.  0.  0.  0.  0.  0.  0. 23.  0.  0. 25. 28.  0.  0.  0.  0.
  0.  0.  0.  0.  0.  0. 12. 20.  0.  3. 29.  0. 24. 27.  0.  0.  0.  0.
  0.  0.  0.  0. 11. 22.  0. 15. 21. 26.  0.  0.  0.  0.  0.  0.  0. 35.
  0. 19.  9. 10.  1. 16.  0.  0.  0.  0.  0.  0.  0.  0.  0.  0. 31.  6.
  7.  4.  2.  5.  0.  0.  0.  0.  0.  0.  0.  0. 32. 33.  8. 14.  0. 13.
  0.  0.  0.  0.  0.  0.  0.  0.  0.  0. 34. 17.  0. 18.  0.  0.  0.  0.
  0.  0.  0.  0.  0.  0.  0.  0.  0.  0.  0.  0.  0.  0.  0.  0.  0.  0.
  0.  0.  0.  0.  0.  0.  0.  0.  0.  0.  0.  0.  0.  0.  0.  0.  0.  0.
  0.  0.  0.  0.  0.  0.  0.  0.  0.  0.  0.  0.  0.  0.  0.  0.  0.  0.
  0.  0.  0.  0.  0.  0.  0.  0.  0.]