[ 0.  0.  0.  0.  0.  0.  0.  0.  0.  0.  0.  0.  0.  0.  0.  0.  0.  0.
  0.  0.  0.  0.  0.  0.  0.  0.  0.  0.  0.  0.  0.  0.  0.  0.  0.  0.
  0.  0.  0.  0.  0.  0.  0.  0.  0.  0.  0.  0.  0.  0.  0.  0.  0.  0.
  0.  0. 24.  0.  0.  0.  0.  0.  0.  0.  0.  0.  0. 22.  0.  0. 23.  0.
  0.  0.  0.  0.  0.  0.  0.  0.  0.  9. 15. 16.  3. 35. 33.  0.  0. 45.
  0.  0.  0.  0.  0. 21.  8.  7. 17. 13. 18. 32. 40. 42. 43.  0.  0.  0.
  0. 50.  0.  6.  1. 10. 14. 29.  0. 28. 46.  0.  0.  0.  0.  0. 27. 26.
  4. 12.  2.  5.  0. 38. 41. 34.  0.  0.  0.  0. 51. 49. 52. 19. 11. 20.
  0. 44. 39. 30. 47.  0.  0.  0. 53. 58. 55. 57.  0.  0.  0. 31.  0. 36.
  0.  0.  0.  0. 54.  0.  0.  0.  0. 59. 48. 25.  0. 37.  0.  0.  0.  0.
  0.  0.  0.  0. 56.  0.  0.  0.  0.  0.  0.  0.  0.  0.  0.  0.  0.  0.
  0.  0.  0.  0.  0.  0.  0.  0.  0.  0.  0.  0.  0.  0.  0.  0.  0.  0.
  0.  0.  0.  0.  0.  0.  0.  0.  0.]