[ 0.  0.  0.  0.  0.  0.  0.  0.  0.  0.  0.  0.  0.  0.  0.  0.  0.  0.
  0.  0.  0.  0.  0.  0.  0.  0.  0.  0.  0.  0.  0.  0.  0.  0.  0.  0.
  0.  0.  0. 28. 26.  0.  0.  0.  0.  0.  0.  0.  0.  0.  0.  0. 24.  0.
 25.  0.  0.  0.  0.  0.  0.  0.  0.  0.  0.  0.  0.  0. 23. 27. 29.  0.
  0.  0.  0.  0.  0.  0.  0.  0.  0.  0. 21.  0. 19. 22.  0.  0.  0.  0.
  0.  0.  0.  0.  0.  0.  0.  0.  6.  0. 11.  0.  0.  0.  0.  0.  0.  0.
  0.  0.  0.  0.  1.  9. 10.  0. 17.  0.  0.  0.  0.  0.  0.  0.  0.  0.
  5.  2.  4.  0. 12. 15. 20.  0.  0.  0.  0.  0.  0.  0.  0.  8.  0.  7.
  3. 14. 13.  0.  0.  0.  0.  0.  0.  0.  0.  0.  0. 16.  0.  0.  0. 18.
  0.  0.  0.  0.  0.  0.  0.  0.  0.  0.  0.  0.  0.  0.  0.  0.  0.  0.
  0.  0.  0.  0.  0.  0.  0.  0.  0.  0.  0.  0.  0.  0.  0.  0.  0.  0.
  0.  0.  0.  0.  0.  0.  0.  0.  0.  0.  0.  0.  0.  0.  0.  0.  0.  0.
  0.  0.  0.  0.  0.  0.  0.  0.  0.]