[ 0.  0.  0.  0.  0.  0.  0.  0.  0.  0.  0.  0.  0.  0.  0.  0.  0.  0.
  0.  0.  0.  0.  0.  0.  0.  0.  0.  0.  0.  0.  0.  0.  0.  0.  0.  0.
  0.  0.  0.  0.  0.  0.  0.  0.  0.  0.  0.  0.  0.  0.  0.  0.  0.  0.
  0.  0.  0.  0.  0.  0.  0.  0.  0.  0.  0.  0.  0. 18. 11.  0.  0.  0.
  0. 22.  0.  0.  0.  0.  0. 13.  0.  0.  4. 15. 10.  0. 28. 21.  0.  0.
  0.  0.  0.  0.  0. 12.  8.  3.  7.  5. 20. 19.  0.  0.  0.  0.  0.  0.
  0.  0. 14.  6.  1. 16.  0. 17. 25. 30.  0.  0.  0.  0.  0.  0.  0.  0.
  9.  2.  0.  0.  0. 23.  0.  0.  0.  0.  0.  0.  0.  0.  0.  0.  0. 26.
  0. 29. 32. 24.  0.  0.  0.  0.  0.  0.  0.  0.  0.  0. 34. 27. 33. 31.
  0.  0.  0.  0.  0.  0.  0.  0.  0.  0.  0.  0.  0.  0.  0. 35.  0.  0.
  0.  0.  0.  0.  0.  0.  0.  0.  0.  0.  0.  0.  0.  0.  0.  0.  0.  0.
  0.  0.  0.  0.  0.  0.  0.  0.  0.  0.  0.  0.  0.  0.  0.  0.  0.  0.
  0.  0.  0.  0.  0.  0.  0.  0.  0.]