[ 0.  0.  0.  0.  0.  0.  0.  0.  0.  0.  0.  0.  0.  0.  0.  0.  0.  0.
  0.  0.  0.  0.  0.  0.  0.  0.  0.  0.  0.  0.  0.  0.  0.  0.  0.  0.
  0.  0.  0.  0.  0.  0.  0.  0.  0.  0.  0.  0.  0.  0.  0.  0.  0.  0.
  0.  0.  0.  0.  0.  0.  0.  0.  0.  0.  0.  0.  0.  0.  0.  0.  0.  0.
  0.  0.  0.  0.  0.  0.  0.  0.  0.  0.  0.  0.  0.  0.  0.  0.  0.  0.
  0.  0.  0.  0.  0.  0.  2.  0.  3.  0.  0.  0.  0.  0.  0.  0.  0.  0.
  0.  0.  0.  0.  1.  0. 10. 20.  0.  0.  0.  0.  0.  0.  0.  0.  0.  0.
  4.  6.  9.  0. 18.  0.  0.  0.  0.  0.  0.  0.  0.  0.  0.  7.  5.  8.
 11. 21.  0.  0.  0.  0.  0.  0.  0.  0.  0.  0. 15.  0.  0. 17. 12.  0.
  0.  0.  0.  0.  0.  0.  0.  0. 23. 26. 22.  0. 14. 16. 25.  0.  0.  0.
  0.  0.  0.  0. 24.  0.  0.  0.  0. 13. 19.  0.  0.  0.  0.  0.  0.  0.
  0.  0.  0.  0.  0.  0.  0.  0.  0.  0.  0.  0.  0.  0.  0.  0.  0.  0.
  0.  0.  0.  0.  0.  0.  0.  0.  0.]