[ 0.  0.  0.  0.  0.  0.  0.  0.  0.  0.  0.  0.  0.  0.  0.  0.  0.  0.
  0.  0.  0.  0.  0.  0.  0.  0.  0.  0.  0.  0.  0.  0.  0.  0.  0.  0.
  0.  0.  0.  0.  0.  0.  0.  0.  0.  0.  0.  0.  0.  0.  0.  0.  0.  0.
  0. 27.  0.  0.  0.  0.  0.  0.  0.  0.  0.  0.  0.  0. 40. 26.  0.  0.
  0.  0.  0.  0.  0.  0.  0.  0. 16.  0. 20. 18. 25.  0. 22.  0. 38.  0.
  0.  0.  0.  0.  0.  0. 11. 24. 17. 23. 21. 36. 35.  0.  0.  0.  0.  0.
  0.  0.  0.  6.  1.  3. 19. 28. 37.  0.  0.  0.  0.  0.  0.  0.  0.  5.
  4.  2. 15. 14. 33.  0. 39.  0.  0.  0.  0.  0.  0.  0.  0. 10.  9.  7.
 29. 32. 31.  0. 41.  0.  0.  0.  0.  0.  0.  0. 12.  0.  8.  0. 30.  0.
 34.  0.  0.  0.  0.  0.  0.  0.  0. 13.  0.  0.  0.  0.  0.  0.  0.  0.
  0.  0.  0.  0.  0.  0.  0.  0.  0.  0.  0.  0.  0.  0.  0.  0.  0.  0.
  0.  0.  0.  0.  0.  0.  0.  0.  0.  0.  0.  0.  0.  0.  0.  0.  0.  0.
  0.  0.  0.  0.  0.  0.  0.  0.  0.]