[ 0.  0.  0.  0.  0.  0.  0.  0.  0.  0.  0.  0.  0.  0.  0.  0.  0.  0.
  0.  0.  0.  0.  0.  0.  0.  0.  0.  0.  0.  0.  0.  0.  0.  0.  0.  0.
  0.  0.  0.  0.  0.  0.  0.  0.  0.  0.  0.  0. 28. 30.  0.  0. 32.  0.
  0.  0.  0.  0.  0.  0.  0.  0.  0. 20. 27.  0. 31.  0.  0.  0.  0.  0.
  0.  0.  0.  0.  0.  0. 33. 21. 25. 13. 26. 11.  0. 17.  0.  0.  0.  0.
  0.  0.  0.  0. 29. 18. 19. 12.  6. 14. 15.  0.  0.  0.  0.  0.  0.  0.
  0.  0.  0. 16.  1.  0.  9.  0. 24.  0.  0.  0.  0.  0.  0.  0.  0.  0.
  5.  2.  4. 10. 22. 23.  0.  0.  0.  0.  0.  0.  0.  0.  0.  0.  8.  7.
  3.  0.  0.  0.  0.  0.  0.  0.  0.  0.  0.  0.  0.  0.  0.  0.  0.  0.
  0.  0.  0.  0.  0.  0.  0.  0.  0.  0.  0.  0.  0.  0.  0.  0.  0.  0.
  0.  0.  0.  0.  0.  0.  0.  0.  0.  0.  0.  0.  0.  0.  0.  0.  0.  0.
  0.  0.  0.  0.  0.  0.  0.  0.  0.  0.  0.  0.  0.  0.  0.  0.  0.  0.
  0.  0.  0.  0.  0.  0.  0.  0.  0.]