[ 0.  0.  0.  0.  0.  0.  0.  0.  0.  0.  0.  0.  0.  0.  0.  0.  0.  0.
  0.  0.  0.  0.  0.  0.  0.  0.  0.  0.  0.  0.  0.  0.  0.  0.  0.  0.
  0.  0.  0.  0.  0.  0.  0.  0.  0.  0.  0.  0.  0.  0.  0.  0.  0.  0.
  0.  0.  0.  0.  0.  0.  0.  0.  0.  0.  0.  0.  0.  0.  0.  0.  0.  0.
  0.  0.  0.  0.  0.  0.  0.  0.  0.  0.  0.  0.  0.  0.  0.  0.  0.  0.
  0.  0.  0.  0.  0. 11. 10.  8.  0. 20. 18.  0.  0.  0.  0.  0.  0.  0.
  0.  0.  0.  6.  1.  0. 17.  0.  0.  0.  0.  0.  0.  0.  0.  0.  0. 12.
  0.  2.  5. 19.  0.  0.  0.  0.  0.  0.  0.  0.  0. 13.  0. 14.  3.  4.
  9.  0.  0.  0.  0.  0.  0.  0.  0.  0.  0.  0. 15.  0.  0.  7.  0.  0.
  0.  0.  0.  0.  0.  0.  0.  0. 16.  0.  0.  0. 21.  0.  0.  0.  0.  0.
  0.  0.  0.  0.  0.  0.  0.  0.  0.  0.  0.  0.  0.  0.  0.  0.  0.  0.
  0.  0.  0.  0.  0.  0.  0.  0.  0.  0.  0.  0.  0.  0.  0.  0.  0.  0.
  0.  0.  0.  0.  0.  0.  0.  0.  0.]