[ 0.  0.  0.  0.  0.  0.  0.  0.  0.  0.  0.  0.  0.  0.  0.  0.  0.  0.
  0.  0.  0.  0.  0.  0.  0.  0.  0.  0.  0.  0.  0.  0.  0.  0.  0.  0.
  0. 26.  0.  0.  0.  0.  0.  0.  0.  0.  0.  0.  0.  0.  0.  0. 19. 27.
 23. 28.  0.  0.  0.  0.  0.  0.  0.  0. 12.  0. 20. 21.  0. 32.  0.  0.
  0.  0.  0.  0.  0.  0.  0. 15. 11. 16.  9. 33. 29.  0.  0.  0.  0.  0.
  0.  0.  0.  0. 13. 14.  3. 22.  6. 31. 30.  0.  0.  0.  0.  0.  0.  0.
 17.  0. 10.  8.  1.  7.  0.  0.  0.  0.  0.  0.  0.  0. 18.  0.  0.  0.
  5.  4.  2.  0.  0.  0.  0.  0.  0.  0.  0.  0.  0. 25. 24.  0.  0.  0.
  0.  0.  0.  0.  0.  0.  0.  0.  0.  0.  0.  0.  0.  0.  0.  0.  0.  0.
  0.  0.  0.  0.  0.  0.  0.  0.  0.  0.  0.  0.  0.  0.  0.  0.  0.  0.
  0.  0.  0.  0.  0.  0.  0.  0.  0.  0.  0.  0.  0.  0.  0.  0.  0.  0.
  0.  0.  0.  0.  0.  0.  0.  0.  0.  0.  0.  0.  0.  0.  0.  0.  0.  0.
  0.  0.  0.  0.  0.  0.  0.  0.  0.]