[ 0.  0.  0.  0.  0.  0.  0.  0.  0.  0.  0.  0.  0.  0.  0.  0.  0.  0.
  0.  0.  0.  0.  0.  0.  0.  0.  0.  0.  0.  0.  0.  0.  0.  0.  0.  0.
  0.  0.  0.  0.  0.  0.  0.  0.  0.  0.  0.  0.  0.  0.  0.  0.  0.  0.
  0.  0.  0.  0.  0.  0.  0.  0.  0.  0.  0.  0.  0.  0.  0.  0.  0.  0.
  0.  0.  0.  0.  0.  0.  0.  0.  0.  0.  0.  0.  0.  0.  0.  0.  0.  0.
  0.  0.  0.  0.  0.  0.  5.  6.  3.  0.  0.  0.  0.  0.  0.  0.  0.  0.
  0.  0. 13.  0.  1. 10.  9.  0.  0.  0.  0.  0.  0.  0.  0.  0.  0.  0.
  4.  7.  2. 11.  0.  0.  0.  0.  0.  0.  0.  0.  0.  0.  0. 17.  8. 14.
 16. 19. 18.  0.  0.  0.  0.  0.  0.  0.  0.  0.  0.  0. 12. 25. 22. 24.
  0.  0.  0.  0.  0.  0.  0.  0.  0.  0.  0. 15. 20.  0. 26.  0.  0.  0.
  0.  0.  0.  0.  0.  0.  0.  0. 23.  0. 21. 27. 28.  0.  0.  0.  0.  0.
  0.  0.  0.  0.  0.  0.  0.  0.  0.  0.  0.  0.  0.  0.  0.  0.  0.  0.
  0.  0.  0.  0.  0.  0.  0.  0.  0.]