[ 0.  0.  0.  0.  0.  0.  0.  0.  0.  0.  0.  0.  0.  0.  0.  0.  0.  0.
  0.  0.  0.  0.  0.  0.  0.  0.  0.  0.  0.  0.  0.  0.  0.  0.  0.  0.
  0.  0.  0.  0.  0.  0.  0.  0.  0.  0.  0.  0.  0.  0.  0.  0.  0. 21.
  0.  0.  0.  0.  0.  0.  0.  0.  0.  0.  0.  0. 15. 16.  0.  0.  0.  0.
  0.  0.  0.  0.  0.  0.  0.  0. 17.  8. 10. 12. 13.  0.  0.  0.  0.  0.
  0.  0.  0.  0. 28.  0. 22.  3. 14. 18. 25. 24.  0.  0.  0.  0.  0.  0.
  0.  0. 20. 11.  1.  7.  6. 19.  0.  0.  0.  0.  0.  0.  0.  0. 23. 30.
  0.  2.  4.  5. 26.  0.  0.  0.  0.  0.  0.  0.  0. 29. 31.  0.  9.  0.
  0.  0. 27.  0.  0.  0.  0.  0.  0.  0.  0.  0.  0.  0.  0.  0.  0.  0.
  0.  0.  0.  0.  0.  0.  0.  0.  0.  0.  0.  0.  0.  0.  0.  0.  0.  0.
  0.  0.  0.  0.  0.  0.  0.  0.  0.  0.  0.  0.  0.  0.  0.  0.  0.  0.
  0.  0.  0.  0.  0.  0.  0.  0.  0.  0.  0.  0.  0.  0.  0.  0.  0.  0.
  0.  0.  0.  0.  0.  0.  0.  0.  0.]