[ 0.  0.  0.  0.  0.  0.  0.  0.  0.  0.  0.  0.  0.  0.  0.  0.  0.  0.
  0.  0.  0.  0.  0.  0.  0.  0.  0.  0.  0.  0.  0.  0. 36. 27.  0.  0.
  0.  0.  0.  0.  0.  0.  0.  0.  0.  0.  0.  0.  0. 26.  0. 23.  0.  0.
  0.  0.  0.  0.  0.  0.  0.  0. 31. 28. 30. 22. 35.  0. 20.  0.  0.  0.
  0.  0.  0.  0.  0. 29.  0.  0. 32. 18. 19.  0.  0.  0.  0.  0.  0.  0.
  0.  0.  0.  0. 34. 17.  0. 33.  0.  0. 21.  0.  0.  0.  0.  0.  0.  0.
 24. 25. 12.  0.  1.  9.  6.  0.  0.  0.  0.  0.  0.  0.  0.  0.  0.  0.
 11.  2.  4.  5.  0.  0.  0.  0.  0.  0.  0.  0.  0.  0.  0.  8.  7.  0.
  3. 10.  0.  0.  0.  0.  0.  0.  0.  0.  0. 13.  0. 14.  0.  0.  0.  0.
  0.  0.  0.  0.  0.  0.  0.  0.  0.  0. 16. 15.  0.  0.  0.  0.  0.  0.
  0.  0.  0.  0.  0.  0.  0.  0.  0.  0.  0.  0.  0.  0.  0.  0.  0.  0.
  0.  0.  0.  0.  0.  0.  0.  0.  0.  0.  0.  0.  0.  0.  0.  0.  0.  0.
  0.  0.  0.  0.  0.  0.  0.  0.  0.]