[ 0.  0.  0.  0.  0.  0.  0.  0.  0.  0.  0.  0.  0.  0.  0.  0.  0.  0.
  0.  0.  0.  0.  0. 30. 23.  0.  0.  0.  0.  0.  0.  0.  0.  0.  0.  0.
  0.  0. 29.  0. 21.  0.  0.  0.  0.  0.  0.  0.  0.  0.  0. 16.  0. 27.
 22. 18. 13. 12.  0.  0.  0.  0.  0.  0.  0.  0. 31. 15. 19. 17. 20. 11.
 24.  0.  0.  0.  0.  0.  0.  0.  0.  0.  0.  3. 10.  9.  7.  0.  0.  0.
  0.  0.  0.  0.  0.  0.  0.  0. 28.  5.  6. 14.  0.  0.  0.  0.  0.  0.
  0.  0.  0.  0.  1. 25.  4.  0.  0.  0.  0.  0.  0.  0.  0.  0.  0.  0.
  0. 26.  2.  0.  8.  0.  0.  0.  0.  0.  0.  0.  0.  0.  0.  0.  0.  0.
  0.  0.  0.  0.  0.  0.  0.  0.  0.  0.  0.  0.  0.  0.  0.  0.  0.  0.
  0.  0.  0.  0.  0.  0.  0.  0.  0.  0.  0.  0.  0.  0.  0.  0.  0.  0.
  0.  0.  0.  0.  0.  0.  0.  0.  0.  0.  0.  0.  0.  0.  0.  0.  0.  0.
  0.  0.  0.  0.  0.  0.  0.  0.  0.  0.  0.  0.  0.  0.  0.  0.  0.  0.
  0.  0.  0.  0.  0.  0.  0.  0.  0.]