[ 0.  0.  0.  0.  0.  0.  0.  0.  0.  0.  0.  0.  0.  0.  0.  0.  0.  0.
  0. 44.  0.  0.  0.  0.  0.  0.  0.  0.  0.  0.  0.  0.  0.  0. 42. 43.
 38. 40. 28. 41.  0.  0.  0.  0.  0.  0.  0.  0.  0.  0. 39.  0. 27.  0.
  0.  0.  0.  0.  0.  0.  0.  0.  0. 37. 20. 18. 21. 26.  0.  0.  0.  0.
  0.  0.  0.  0.  0.  0. 36.  0. 17. 25. 22. 29. 10.  0.  0.  0.  0.  0.
  0.  0.  0. 34. 23. 13. 19. 14.  9.  0.  0.  0.  0.  0.  0.  0.  0. 33.
 24. 32. 35.  4.  1. 30.  3.  8.  0.  0.  0.  0.  0.  0.  0.  0. 31. 15.
  0.  2.  0.  5. 11.  0.  0.  0.  0.  0.  0.  0.  0.  0. 16.  0.  0.  7.
  6.  0. 12.  0.  0.  0.  0.  0.  0.  0.  0.  0.  0.  0.  0.  0.  0.  0.
  0.  0.  0.  0.  0.  0.  0.  0.  0.  0.  0.  0.  0.  0.  0.  0.  0.  0.
  0.  0.  0.  0.  0.  0.  0.  0.  0.  0.  0.  0.  0.  0.  0.  0.  0.  0.
  0.  0.  0.  0.  0.  0.  0.  0.  0.  0.  0.  0.  0.  0.  0.  0.  0.  0.
  0.  0.  0.  0.  0.  0.  0.  0.  0.]