[ 0.  0.  0.  0.  0.  0.  0.  0.  0.  0.  0.  0.  0.  0.  0.  0.  0.  0.
  0.  0.  0.  0.  0.  0.  0.  0.  0.  0.  0.  0.  0.  0.  0.  0.  0.  0.
  0.  0.  0. 19.  0.  0.  0.  0.  0.  0.  0.  0.  0.  0.  0. 14.  0.  0.
  0.  0.  0.  0.  0.  0.  0.  0.  0.  0.  0.  0.  0. 13.  0. 17.  0.  0.
  0.  0.  0.  0.  0.  0.  0.  0.  0.  3. 10.  5.  9.  0.  0.  0.  0.  0.
  0.  0.  0.  0.  0.  0.  0. 15.  0. 11.  0.  0.  0.  0.  0.  0.  0.  0.
  0.  0.  0. 18.  1. 16. 12.  0.  0.  0.  0.  0.  0.  0.  0.  0.  0.  0.
  4.  6.  2.  7.  0.  0.  0.  0.  0.  0.  0.  0.  0.  0.  0.  8.  0.  0.
  0.  0.  0.  0.  0.  0.  0.  0.  0.  0.  0.  0.  0.  0.  0.  0.  0.  0.
  0.  0.  0.  0.  0.  0.  0.  0.  0.  0.  0.  0.  0.  0.  0.  0.  0.  0.
  0.  0.  0.  0.  0.  0.  0.  0.  0.  0.  0.  0.  0.  0.  0.  0.  0.  0.
  0.  0.  0.  0.  0.  0.  0.  0.  0.  0.  0.  0.  0.  0.  0.  0.  0.  0.
  0.  0.  0.  0.  0.  0.  0.  0.  0.]