[ 0.  0.  0.  0.  0.  0.  0.  0.  0.  0.  0.  0.  0.  0.  0.  0.  0.  0.
  0.  0.  0.  0.  0.  0.  0.  0.  0.  0.  0.  0.  0.  0.  0.  0.  0.  0.
  0.  0.  0.  0.  0.  0.  0.  0.  0.  0.  0.  0.  0.  0.  0.  0. 14.  0.
  0.  0.  0.  0.  0.  0.  0.  0.  0.  0.  0.  0.  0. 12. 13.  0. 10.  0.
  0.  0.  0.  0.  0.  0.  0.  0.  0.  0. 11.  0.  9.  0.  0.  0.  0.  0.
  0.  0.  0.  0. 15. 16.  0.  3.  7.  8.  5.  0.  0.  0.  0.  0.  0.  0.
  0.  0. 20.  0.  1.  6.  4.  0.  0.  0.  0.  0.  0.  0.  0.  0.  0.  0.
 17. 21.  2.  0.  0.  0.  0.  0.  0.  0.  0.  0.  0.  0. 18.  0. 19.  0.
  0.  0.  0.  0.  0.  0.  0.  0.  0.  0.  0.  0.  0.  0.  0.  0.  0.  0.
  0.  0.  0.  0.  0.  0.  0.  0.  0.  0.  0.  0.  0.  0.  0.  0.  0.  0.
  0.  0.  0.  0.  0.  0.  0.  0.  0.  0.  0.  0.  0.  0.  0.  0.  0.  0.
  0.  0.  0.  0.  0.  0.  0.  0.  0.  0.  0.  0.  0.  0.  0.  0.  0.  0.
  0.  0.  0.  0.  0.  0.  0.  0.  0.]