[ 0.  0.  0.  0.  0.  0.  0.  0.  0.  0.  0.  0.  0.  0.  0.  0.  0.  0.
  0.  0.  0.  0.  0.  0.  0.  0.  0.  0.  0.  0.  0.  0.  0.  0.  0.  0.
  0.  0. 26.  0.  0.  0.  0.  0.  0.  0.  0.  0.  0.  0.  0.  0.  0. 25.
  0.  0.  0.  0.  0.  0.  0.  0.  0.  0.  0. 21.  0. 22. 23.  0.  0.  0.
  0. 32.  0.  0.  0.  0.  0.  0.  0. 29.  0. 11. 10.  0.  0. 31.  0.  0.
  0.  0.  0. 27.  0. 20.  0.  6.  7.  3.  8. 17. 34.  0.  0.  0.  0. 30.
 48. 24. 49.  0.  1.  4. 14. 15. 12. 33.  0.  0.  0.  0.  0. 28.  0. 45.
 44.  0.  2.  0.  5. 16. 13.  0.  0.  0.  0.  0.  0. 46. 50.  0.  9. 18.
  0. 19.  0. 38.  0.  0.  0.  0.  0.  0.  0. 47.  0.  0. 43.  0. 36. 37.
  0.  0.  0.  0.  0.  0.  0.  0.  0.  0.  0.  0. 41. 35. 42. 39.  0.  0.
  0.  0.  0.  0.  0.  0.  0.  0.  0.  0.  0.  0.  0. 40.  0.  0.  0.  0.
  0.  0.  0.  0.  0.  0.  0.  0.  0.  0.  0.  0.  0.  0.  0.  0.  0.  0.
  0.  0.  0.  0.  0.  0.  0.  0.  0.]