[ 0.  0.  0.  0.  0.  0.  0.  0. 61.  0.  0.  0.  0.  0.  0.  0.  0.  0.
  0. 38.  0.  0. 46.  0.  0.  0.  0.  0.  0.  0.  0.  0.  0.  0.  0. 37.
 60.  0. 43.  0.  0.  0.  0.  0.  0.  0.  0. 77.  0.  0. 42. 35. 41. 56.
 13. 55.  0.  0.  0.  0.  0.  0.  0. 54.  0. 36. 59.  9.  0. 12. 57.  0.
  0.  0.  0.  0.  0.  0. 39. 17. 40.  3. 18. 45.  8. 11. 62.  0.  0.  0.
  0. 48.  0. 21. 20. 14.  0. 44.  7. 10. 58.  0.  0.  0.  0.  0.  0. 24.
  0.  0. 19. 22.  1.  6. 63.  0. 67. 76.  0.  0.  0.  0. 53. 49. 23. 16.
  0.  2.  4.  5. 66.  0.  0.  0.  0.  0.  0.  0.  0. 26. 25. 15.  0. 32.
 64. 69. 65. 75.  0.  0.  0.  0.  0. 27. 30. 28. 47. 31. 51. 33. 52. 72.
  0.  0.  0.  0.  0.  0.  0.  0.  0. 29. 34. 74.  0.  0. 71.  0.  0.  0.
  0.  0.  0.  0.  0.  0. 50. 73. 70.  0. 68.  0.  0.  0.  0.  0.  0.  0.
  0.  0.  0.  0.  0.  0.  0.  0.  0.  0.  0.  0.  0.  0.  0.  0.  0.  0.
  0.  0.  0.  0.  0.  0.  0.  0.  0.]