[ 0.  0.  0.  0.  0.  0.  0.  0.  0.  0.  0.  0.  0.  0.  0.  0. 30. 32.
  0.  0.  0.  0.  0.  0.  0.  0.  0.  0.  0.  0.  0.  0. 29.  0. 26. 24.
  0.  0.  0.  0.  0.  0.  0.  0.  0.  0.  0. 27. 25. 28. 23.  0.  0.  0.
  0.  0.  0.  0.  0.  0.  0.  0. 21. 22. 19. 17. 11. 20.  0.  0.  0.  0.
  0.  0.  0.  0.  0. 31.  0. 18.  3.  8.  5.  0.  0.  0.  0.  0.  0.  0.
  0.  0. 33.  0. 12.  7.  4.  6. 14. 15.  0.  0.  0.  0.  0.  0.  0.  0.
  0.  0. 10.  9.  1.  0. 16.  0.  0.  0.  0.  0.  0.  0.  0.  0.  0.  0.
  2.  0.  0.  0.  0.  0.  0.  0.  0.  0.  0.  0.  0.  0.  0.  0. 13.  0.
  0.  0.  0.  0.  0.  0.  0.  0.  0.  0.  0.  0.  0.  0.  0.  0.  0.  0.
  0.  0.  0.  0.  0.  0.  0.  0.  0.  0.  0.  0.  0.  0.  0.  0.  0.  0.
  0.  0.  0.  0.  0.  0.  0.  0.  0.  0.  0.  0.  0.  0.  0.  0.  0.  0.
  0.  0.  0.  0.  0.  0.  0.  0.  0.  0.  0.  0.  0.  0.  0.  0.  0.  0.
  0.  0.  0.  0.  0.  0.  0.  0.  0.]