[ 0.  0.  0.  0.  0.  0.  0.  0.  0.  0.  0.  0.  0.  0.  0.  0.  0.  0.
  0.  0.  0.  0.  0.  0.  0.  0.  0.  0.  0.  0.  0.  0.  0.  0.  0.  0.
  0.  0.  0.  0.  0.  0.  0.  0.  0.  0.  0.  0.  0.  0.  0.  0.  0.  0.
  0. 22.  0.  0.  0.  0.  0.  0.  0.  0.  0.  0. 13.  0. 14. 21.  0. 19.
  0.  0.  0.  0.  0. 53. 17.  0. 16. 12.  0.  5.  0.  8.  0.  0.  0.  0.
  0.  0.  0. 18. 15. 11.  0.  0.  4.  6.  7. 20.  0.  0.  0.  0.  0.  0.
  0. 28.  0. 10.  1.  9.  3.  0. 40.  0.  0.  0.  0.  0.  0.  0. 27.  0.
  0. 24.  2. 29.  0. 43.  0.  0.  0.  0.  0.  0. 52. 25. 26. 23. 47. 48.
 49. 30. 42. 44. 45.  0.  0.  0.  0. 51.  0. 32.  0.  0. 41. 36.  0.  0.
  0.  0.  0.  0.  0.  0.  0. 34. 33. 31. 38. 37. 35. 39.  0.  0.  0.  0.
  0.  0.  0.  0.  0.  0.  0. 46.  0.  0. 50.  0.  0.  0.  0.  0.  0.  0.
  0.  0.  0.  0.  0.  0.  0.  0.  0.  0.  0.  0.  0.  0.  0.  0.  0.  0.
  0.  0.  0.  0.  0.  0.  0.  0.  0.]