[ 0.  0.  0.  0.  0.  0.  0.  0.  0.  0.  0.  0.  0.  0.  0.  0.  0.  0.
  0.  0.  0.  0.  0.  0.  0.  0.  0.  0.  0.  0.  0.  0.  0.  0.  0.  0.
  0.  0.  0.  0.  0. 33.  0.  0.  0.  0.  0.  0.  0.  0.  0.  0. 16.  0.
  0.  0. 31.  0.  0.  0.  0.  0.  0.  0.  0.  0.  0.  0. 13.  0. 10. 29.
  0. 26.  0.  0.  0.  0.  0.  0.  0.  0. 47. 14.  9. 27. 34. 25. 30.  0.
  0.  0.  0.  0.  0.  0.  6.  0.  3. 18. 15. 17. 35. 36.  0.  0.  0.  0.
  0.  0. 12. 11.  1.  7.  4. 21. 32. 28. 37.  0.  0.  0.  0.  0. 46. 48.
  0.  2.  5. 23. 22.  0. 20.  0.  0.  0.  0.  0.  0.  0. 44.  0.  0.  8.
 42. 19.  0.  0.  0.  0.  0.  0.  0.  0.  0.  0.  0.  0.  0. 40. 41. 24.
 38.  0.  0.  0.  0.  0.  0.  0.  0.  0. 45.  0.  0. 43. 39.  0.  0.  0.
  0.  0.  0.  0.  0.  0.  0.  0.  0.  0.  0.  0.  0.  0.  0.  0.  0.  0.
  0.  0.  0.  0.  0.  0.  0.  0.  0.  0.  0.  0.  0.  0.  0.  0.  0.  0.
  0.  0.  0.  0.  0.  0.  0.  0.  0.]