[ 0.  0.  0.  0.  0.  0.  0.  0.  0.  0.  0.  0.  0.  0.  0.  0.  0.  0.
  0.  0.  0.  0.  0.  0.  0.  0.  0.  0.  0.  0.  0.  0.  0.  0.  0.  0.
  0.  0.  0.  0.  0. 46.  0.  0.  0.  0.  0.  0.  0.  0.  0.  0.  0.  0.
 32.  0. 45.  0.  0.  0.  0.  0.  0.  0.  0.  0.  0.  0. 33. 34. 17. 25.
 28.  0.  0.  0.  0.  0.  0.  0.  0.  0.  0.  5. 14. 26. 27.  0. 42.  0.
  0.  0.  0.  0.  0. 50.  0.  6.  4.  7. 38. 29. 31. 37.  0.  0.  0.  0.
  0.  0.  0. 12.  1.  9. 11.  8. 30.  0. 35.  0.  0.  0.  0.  0.  0.  3.
  0. 20.  2. 13. 10.  0. 39. 41. 36.  0.  0.  0.  0.  0. 24. 19.  0. 21.
 22. 15.  0. 40. 56.  0.  0.  0.  0.  0.  0.  0. 18.  0. 23. 16. 43. 54.
  0. 55.  0.  0.  0.  0.  0.  0.  0.  0. 49. 48. 44.  0. 52. 53.  0.  0.
  0.  0.  0.  0.  0.  0.  0.  0.  0. 47.  0. 51.  0.  0.  0.  0.  0.  0.
  0.  0.  0.  0.  0.  0.  0. 57.  0.  0.  0.  0.  0.  0.  0.  0.  0.  0.
  0.  0.  0.  0.  0.  0.  0.  0.  0.]