[ 0.  0.  0.  0.  0.  0.  0.  0.  0.  0.  0.  0.  0.  0.  0.  0.  0.  0.
  0.  0.  0.  0.  0.  0.  0.  0.  0.  0.  0.  0.  0.  0.  0.  0.  0.  0.
  0.  0.  0.  0.  0.  0.  0.  0.  0.  0.  0.  0.  0.  0.  0.  0.  0.  0.
  0.  0.  0.  0.  0.  0.  0.  0.  0.  0.  0.  0.  0.  0.  0.  0.  0.  0.
  0.  0.  0.  0.  0.  0.  0.  0.  0.  0.  0.  0. 14. 13. 11.  0.  0.  0.
  0.  0.  0.  0.  0.  0. 59.  0.  0.  3. 10. 12.  0.  0.  0.  0.  0. 50.
  0.  0. 36. 44.  1.  0.  8.  6.  9.  0.  0.  0.  0.  0. 57. 49. 58. 43.
 25.  2.  4.  7.  0.  0.  0.  0.  0.  0. 51. 56. 42. 31. 16. 26. 35.  5.
 18. 17.  0. 61.  0.  0.  0.  0. 45. 41. 46. 33. 15. 24. 27. 20.  0. 60.
 63.  0.  0.  0.  0. 53. 52. 32. 29. 23. 30. 19. 21. 22. 62.  0.  0.  0.
  0. 54. 55.  0. 47.  0.  0. 34. 37.  0. 28. 64. 66.  0.  0.  0.  0.  0.
 48.  0.  0.  0. 39. 38.  0.  0. 65.  0.  0.  0.  0.  0.  0.  0.  0.  0.
 40.  0.  0.  0.  0.  0.  0.  0.  0.]