[ 0.  0.  0.  0.  0.  0.  0.  0.  0.  0.  0.  0.  0.  0.  0.  0.  0.  0.
  0.  0.  0.  0.  0.  0.  0.  0.  0.  0.  0.  0.  0.  0.  0.  0.  0.  0.
  0.  0.  0.  0.  0.  0.  0.  0.  0.  0.  0.  0.  0.  0.  0.  0.  0.  0.
  0.  0.  0.  0.  0.  0.  0.  0.  0.  0.  0.  0.  0.  0.  0.  0.  0.  0.
  0.  0.  0.  0.  0.  0.  0.  0.  0. 10. 11.  0.  0.  0.  0.  0.  0.  0.
  0.  0.  0.  0.  0.  0. 22.  7.  8.  0. 24.  0.  0.  0.  0.  0.  0.  0.
  0. 14. 21. 13.  1.  9.  4.  0.  0.  0.  0.  0.  0.  0.  0.  0. 17.  0.
 16. 12.  2.  3.  0.  0.  0.  0.  0.  0.  0.  0.  0.  0. 18.  5. 25.  6.
  0.  0.  0.  0.  0.  0.  0.  0.  0.  0. 19. 20. 15.  0.  0.  0.  0.  0.
  0.  0.  0.  0.  0.  0.  0. 26. 23.  0.  0. 29.  0.  0.  0.  0.  0.  0.
  0.  0.  0.  0.  0.  0. 27.  0.  0.  0.  0.  0.  0.  0.  0.  0.  0.  0.
  0.  0.  0.  0. 28.  0.  0.  0.  0.  0.  0.  0.  0.  0.  0.  0.  0.  0.
  0.  0.  0.  0.  0.  0.  0.  0.  0.]