[ 0.  0.  0.  0.  0.  0.  0.  0.  0.  0.  0.  0.  0.  0.  0.  0.  0.  0.
  0.  0.  0.  0.  0.  0.  0.  0.  0.  0.  0.  0.  0.  0.  0.  0.  0.  0.
  0.  0.  0.  0.  0.  0.  0.  0.  0.  0.  0.  0.  0.  0.  0.  0. 41. 47.
  0.  0.  0.  0.  0.  0.  0.  0.  0.  0.  0. 43. 12. 45. 42.  0.  0.  0.
  0.  0.  0.  0.  0.  0.  0.  0. 44.  0. 13.  0.  0.  0.  0.  0.  0.  0.
  0.  0.  0.  0. 40. 31.  0. 46.  8.  3.  7. 19. 26.  0.  0.  0.  0.  0.
  0.  0. 39. 30.  1.  9. 10.  6. 20. 22. 23.  0.  0.  0.  0.  0.  0.  0.
 17. 16.  2. 14.  4.  5.  0.  0.  0.  0.  0.  0.  0.  0. 34.  0. 15. 24.
 21. 25. 11. 27. 28.  0.  0.  0.  0.  0.  0.  0. 33. 32. 18. 37.  0.  0.
  0.  0.  0.  0.  0.  0.  0.  0.  0. 29.  0. 35.  0. 36.  0.  0.  0.  0.
  0.  0.  0.  0.  0.  0.  0. 38.  0.  0.  0.  0.  0.  0.  0.  0.  0.  0.
  0.  0.  0.  0.  0.  0.  0.  0.  0.  0.  0.  0.  0.  0.  0.  0.  0.  0.
  0.  0.  0.  0.  0.  0.  0.  0.  0.]