[ 0.  0.  0.  0.  0.  0.  0.  0.  0.  0.  0.  0.  0.  0.  0.  0.  0.  0.
  0.  0.  0.  0.  0.  0.  0.  0.  0.  0.  0.  0.  0.  0.  0.  0.  0.  0.
  0.  0.  0.  0.  0.  0.  0.  0.  0.  0.  0.  0.  0.  0.  0. 31.  0.  0.
  0.  0.  0.  0.  0.  0.  0.  0.  0.  0.  0. 30. 21. 23. 14.  0.  0.  0.
  0.  0.  0.  0.  0. 29.  0. 28. 24. 16.  9. 22.  3.  0.  0.  0.  0.  0.
  0.  0.  0. 26. 19. 17.  0. 20. 10.  8. 13.  0.  0.  0.  0.  0.  0.  0.
  0.  0. 18. 25.  1. 11.  5. 12.  0.  0.  0.  0.  0.  0.  0. 33. 38. 15.
  4.  6.  2.  7.  0. 27.  0.  0.  0.  0.  0.  0. 32.  0.  0.  0. 37.  0.
  0.  0.  0.  0.  0.  0.  0.  0.  0.  0. 35.  0. 36.  0.  0.  0.  0.  0.
  0.  0.  0.  0.  0.  0.  0.  0. 34.  0.  0.  0.  0.  0.  0.  0.  0.  0.
  0.  0.  0.  0.  0.  0.  0.  0.  0.  0.  0.  0.  0.  0.  0.  0.  0.  0.
  0.  0.  0.  0.  0.  0.  0.  0.  0.  0.  0.  0.  0.  0.  0.  0.  0.  0.
  0.  0.  0.  0.  0.  0.  0.  0.  0.]