[ 0.  0.  0.  0.  0.  0.  0.  0.  0.  0.  0.  0.  0.  0.  0.  0.  0.  0.
  0.  0.  0.  0.  0.  0.  0.  0.  0.  0.  0.  0.  0.  0.  0.  0.  0.  0.
  0.  0.  0.  0.  0.  0.  0.  0.  0.  0.  0.  0.  0.  0.  0.  0.  0.  0.
  0.  0.  0.  0.  0.  0.  0.  0.  0.  0.  0.  0.  0.  0.  0.  0.  0.  0.
  0.  0.  0.  0.  0.  0.  0.  0.  0.  0.  0.  0. 13.  0.  0. 20.  0.  0.
  0.  0.  0.  0.  0.  0.  0. 14.  0.  0. 11. 19. 21.  0.  0.  0.  0.  0.
  0.  0.  0.  0.  1.  5.  8.  0. 17.  0.  0.  0.  0.  0.  0.  0.  0.  0.
  6.  2.  4.  7. 12.  0. 18.  0.  0.  0.  0.  0.  0.  0.  0.  0.  0.  0.
  3.  9. 15. 16.  0.  0.  0.  0.  0.  0.  0.  0.  0.  0.  0.  0.  0. 10.
  0.  0.  0.  0.  0.  0.  0.  0.  0.  0.  0.  0.  0.  0.  0.  0.  0.  0.
  0.  0.  0.  0.  0.  0.  0.  0.  0.  0.  0.  0.  0.  0.  0.  0.  0.  0.
  0.  0.  0.  0.  0.  0.  0.  0.  0.  0.  0.  0.  0.  0.  0.  0.  0.  0.
  0.  0.  0.  0.  0.  0.  0.  0.  0.]