[ 0.  0.  0.  0.  0.  0.  0.  0.  0.  0.  0.  0.  0.  0.  0.  0.  0.  0.
  0.  0. 59.  0.  0.  0.  0.  0.  0.  0.  0.  0.  0.  0.  0. 46. 60.  0.
 55. 56.  0. 51.  0.  0.  0.  0.  0.  0.  0. 58. 57. 45.  0.  0.  0. 52.
  0.  0.  0.  0.  0.  0.  0.  0. 39. 38. 26. 19. 20.  5.  0.  0. 12. 53.
  0.  0.  0.  0.  0. 44. 29. 25. 18.  7.  6.  4. 11.  0. 35. 54.  0.  0.
  0.  0.  0. 27. 21. 10. 15.  3.  9. 13. 14.  0.  0.  0.  0.  0.  0. 28.
 33.  0. 40. 16.  1.  8. 32. 41.  0.  0.  0.  0.  0.  0.  0.  0. 36. 37.
 30.  2. 34. 31. 24. 49.  0.  0.  0.  0.  0.  0.  0.  0.  0.  0. 22. 17.
  0. 64. 50.  0.  0.  0.  0.  0.  0.  0.  0.  0. 23. 42.  0. 63.  0.  0.
  0.  0.  0.  0.  0.  0.  0.  0.  0. 67. 43. 61. 47. 62.  0.  0.  0.  0.
  0.  0.  0.  0.  0.  0.  0.  0. 48. 66. 65.  0.  0.  0.  0.  0.  0.  0.
  0.  0.  0.  0.  0.  0.  0.  0.  0.  0.  0.  0.  0.  0.  0.  0.  0.  0.
  0.  0.  0.  0.  0.  0.  0.  0.  0.]