[ 0.  0.  0.  0.  0.  0.  0.  0.  0.  0.  0.  0.  0.  0.  0.  0.  0.  0.
  0.  0.  0.  0.  0.  0.  0.  0.  0.  0.  0.  0.  0.  0.  0.  0.  0.  0.
  0. 27.  0.  0.  0.  0.  0.  0.  0.  0.  0.  0.  0.  0.  0.  0. 26.  0.
  0.  0.  0.  0.  0.  0.  0.  0.  0.  0. 30. 37.  0. 24.  0.  0.  0.  0.
  0.  0.  0.  0.  0.  0.  0. 39. 29.  0. 18. 23.  0.  0.  0.  0.  0.  0.
  0.  0. 25.  0. 28. 38.  3.  0.  6. 11.  0.  0.  0.  0.  0.  0.  0.  0.
 22. 19.  7.  0.  1.  8. 13.  0.  0.  0.  0.  0.  0.  0.  0.  0. 32.  0.
  5.  2.  4.  0.  0.  0.  0.  0.  0.  0.  0.  0. 21. 14. 20. 10. 12.  9.
  0.  0.  0.  0.  0.  0.  0. 34. 31.  0. 33. 15.  0. 16.  0.  0.  0.  0.
  0.  0.  0.  0.  0.  0.  0.  0. 35.  0. 17.  0.  0.  0.  0.  0.  0.  0.
  0.  0.  0.  0.  0.  0. 36.  0.  0.  0.  0.  0.  0.  0.  0.  0.  0.  0.
  0.  0.  0.  0.  0.  0.  0.  0.  0.  0.  0.  0.  0.  0.  0.  0.  0.  0.
  0.  0.  0.  0.  0.  0.  0.  0.  0.]