[ 0.  0.  0.  0.  0.  0.  0.  0.  0.  0.  0.  0.  0.  0.  0.  0.  0.  0.
  0.  0.  0.  0.  0.  0.  0.  0.  0.  0.  0.  0.  0.  0.  0.  0.  0.  0.
  0.  0.  0.  0.  0.  0.  0.  0.  0.  0.  0.  0.  0.  0.  0.  0.  0.  0.
  0.  0.  0.  0.  0.  0.  0.  0.  0.  0.  0. 23.  0.  0.  0.  0.  0.  0.
  0.  0.  0.  0.  0. 18.  0.  0.  0.  0.  0.  9. 12.  0.  0.  0.  0.  0.
  0.  0.  0. 17.  0. 13.  0.  2.  5.  0.  0.  0.  0.  0.  0.  0.  0.  0.
 22. 15. 14.  8.  1.  7.  0.  0.  0.  0.  0.  0.  0.  0.  0. 19. 16.  3.
 11.  6. 10.  4.  0.  0.  0.  0.  0.  0.  0. 20. 21.  0.  0.  0.  0.  0.
  0.  0.  0.  0.  0.  0.  0.  0.  0.  0.  0.  0.  0.  0.  0.  0.  0.  0.
  0.  0.  0.  0.  0.  0.  0.  0.  0.  0.  0.  0.  0.  0.  0.  0.  0.  0.
  0.  0.  0.  0.  0.  0.  0.  0.  0.  0.  0.  0.  0.  0.  0.  0.  0.  0.
  0.  0.  0.  0.  0.  0.  0.  0.  0.  0.  0.  0.  0.  0.  0.  0.  0.  0.
  0.  0.  0.  0.  0.  0.  0.  0.  0.]