[ 0.  0.  0.  0.  0.  0.  0.  0.  0.  0.  0.  0.  0.  0.  0.  0.  0.  0.
  0.  0.  0.  0.  0.  0.  0.  0.  0.  0.  0.  0.  0.  0.  0.  0.  0.  0.
  0.  0.  0.  0.  0.  0.  0.  0.  0.  0.  0.  0.  0.  0.  0.  0.  0.  0.
  0.  0.  0.  0.  0.  0.  0.  0.  0.  0.  0.  0.  0.  0.  0.  0.  0.  0.
  0.  0.  0.  0.  0.  0.  0.  0.  0.  0.  0.  0.  0.  0.  0.  0.  0.  0.
  0.  0.  0.  0. 13.  0.  0.  0.  6.  3.  0.  0.  0.  0.  0.  0.  0.  0.
  0.  0.  8.  5.  1.  0.  0. 10.  0.  0.  0.  0.  0. 34.  0. 31.  0.  9.
  0.  2.  4.  0.  7.  0.  0.  0.  0.  0.  0. 35. 28. 14. 27. 18. 17. 15.
  0.  0.  0.  0.  0.  0.  0.  0. 29. 30. 23. 19.  0. 12. 11.  0.  0.  0.
  0.  0.  0.  0. 37. 36. 26. 32. 20. 33. 16.  0. 21.  0.  0.  0.  0.  0.
  0. 39.  0. 40.  0.  0.  0.  0. 24. 25. 22.  0.  0.  0.  0. 38.  0.  0.
 41. 42.  0.  0.  0.  0.  0.  0.  0.  0.  0.  0.  0.  0.  0.  0.  0.  0.
  0.  0.  0.  0.  0.  0.  0.  0.  0.]