[ 0.  0.  0.  0.  0.  0.  0.  0.  0.  0.  0.  0.  0.  0.  0.  0.  0.  0.
  0.  0.  0.  0.  0.  0.  0.  0.  0.  0.  0.  0.  0.  0.  0.  0.  0.  0.
  0.  0.  0.  0.  0.  0.  0.  0.  0.  0.  0.  0.  0.  0.  0.  0.  0.  0.
  0.  0.  0.  0.  0.  0.  0.  0.  0.  0.  0.  0.  0.  0.  0.  0.  0.  0.
  0.  0.  0.  0.  0.  0.  0.  0. 12.  0.  9.  0.  0.  0.  0.  0.  0.  0.
  0.  0.  0.  0.  0.  0.  3.  8.  6.  0.  0.  0.  0.  0.  0.  0.  0.  0.
  0.  0. 16. 10.  1.  7.  0. 14.  0.  0.  0.  0.  0.  0.  0.  0.  0. 11.
  0.  4.  2.  5.  0.  0.  0.  0.  0.  0.  0.  0.  0. 24. 23. 19. 27. 21.
  0.  0.  0.  0.  0.  0.  0.  0.  0.  0.  0. 15. 17. 13. 18.  0.  0.  0.
  0.  0.  0.  0.  0.  0.  0.  0.  0. 22. 25. 20.  0.  0.  0.  0.  0.  0.
  0.  0.  0.  0.  0.  0.  0.  0. 26.  0.  0.  0.  0.  0.  0.  0.  0.  0.
  0.  0.  0.  0.  0.  0.  0.  0.  0.  0.  0.  0.  0.  0.  0.  0.  0.  0.
  0.  0.  0.  0.  0.  0.  0.  0.  0.]