[ 0.  0.  0.  0.  0.  0.  0.  0.  0.  0.  0.  0.  0.  0.  0.  0.  0.  0.
  0.  0.  0.  0.  0.  0.  0.  0.  0.  0.  0.  0.  0.  0.  0.  0.  0.  0.
  0.  0.  0.  0.  0.  0.  0.  0.  0.  0.  0.  0.  0.  0.  0.  0.  0.  0.
  0.  0.  0.  0.  0.  0.  0.  0.  0.  0.  0.  0.  0. 33.  0.  0.  0.  0.
  0.  0.  0.  0.  0.  0. 30. 23.  0.  0. 21.  0.  0.  0.  0.  0.  0.  0.
  0.  0. 26. 27. 24. 22. 20. 25.  8. 19. 32.  0.  0.  0.  0.  0.  0.  0.
 29. 28. 14. 10.  1.  3.  4. 31.  0.  0.  0.  0.  0.  0.  0.  0.  0. 17.
  7.  2.  6. 18. 13.  0.  0.  0.  0.  0.  0.  0.  0.  0. 12.  9.  5. 11.
 16. 15.  0.  0.  0.  0.  0.  0.  0.  0.  0.  0.  0.  0.  0.  0.  0.  0.
  0.  0.  0.  0.  0.  0.  0.  0.  0.  0.  0.  0.  0.  0.  0.  0.  0.  0.
  0.  0.  0.  0.  0.  0.  0.  0.  0.  0.  0.  0.  0.  0.  0.  0.  0.  0.
  0.  0.  0.  0.  0.  0.  0.  0.  0.  0.  0.  0.  0.  0.  0.  0.  0.  0.
  0.  0.  0.  0.  0.  0.  0.  0.  0.]