[ 0.  0.  0. 74.  0.  0.  0.  0.  0.  0.  0.  0.  0.  0.  0.  0.  0.  0.
 73. 70.  0. 44. 71. 62.  0. 77.  0.  0.  0.  0.  0.  0.  0. 45. 46. 43.
  0. 72.  0. 75. 76.  0.  0.  0.  0.  0. 65. 42. 39. 41. 68. 67. 63. 56.
 57. 66. 59.  0.  0.  0.  0. 34. 64. 35.  0. 32.  0. 69. 60. 61. 58.  0.
  0.  0.  0.  0. 53. 33. 40. 25. 26.  7. 17. 19. 20.  0.  0.  0.  0.  0.
  0. 38.  0. 27. 52.  5.  6. 10. 16. 22. 23.  0.  0.  0.  0.  0.  0. 29.
  0. 21. 14.  2.  1.  9.  0.  0.  0.  0.  0.  0.  0. 49.  0. 24. 12. 11.
 13.  4.  0.  3.  0.  0.  0.  0.  0. 50.  0.  0. 15. 28.  0.  8. 54. 55.
  0. 78.  0.  0.  0.  0.  0.  0.  0.  0. 36. 18. 51.  0.  0.  0.  0.  0.
  0.  0.  0.  0.  0.  0.  0. 30.  0.  0.  0.  0.  0.  0.  0.  0.  0.  0.
  0.  0.  0. 31. 37. 47. 48.  0.  0.  0.  0.  0.  0.  0.  0.  0.  0.  0.
  0.  0.  0.  0.  0.  0.  0.  0.  0.  0.  0.  0.  0.  0.  0.  0.  0.  0.
  0.  0.  0.  0.  0.  0.  0.  0.  0.]