[ 0.  0.  0.  0.  0.  0.  0.  0.  0.  0.  0.  0.  0.  0.  0.  0.  0.  0.
  0.  0.  0.  0.  0.  0. 33.  0.  0.  0.  0.  0.  0.  0.  0.  0.  0.  0.
  0.  0.  0.  0. 30.  0.  0.  0.  0.  0.  0.  0.  0.  0.  0. 53. 35. 51.
 32. 27.  0. 25.  0.  0.  0.  0.  0. 43.  0.  0. 34. 37. 28. 18. 29. 26.
 24. 23.  0.  0.  0.  0. 42.  0.  0. 52. 31. 36.  0. 21. 17. 22.  0.  0.
  0.  0.  0.  0. 41.  0.  0. 38.  8.  3. 19. 20.  0.  0.  0.  0.  0.  0.
  0. 45.  0. 12.  1. 11.  5. 14.  0.  0.  0.  0.  0.  0.  0.  0. 46. 39.
  7.  2.  4.  6.  0. 13.  0.  0.  0.  0.  0.  0. 50.  0. 40.  0.  0.  9.
  0. 10.  0.  0.  0.  0.  0.  0.  0.  0. 54.  0. 47.  0. 16.  0. 15.  0.
  0.  0.  0.  0. 56.  0.  0.  0. 55.  0. 44.  0.  0.  0.  0.  0.  0.  0.
  0.  0.  0.  0.  0.  0. 48.  0.  0.  0.  0.  0.  0.  0.  0.  0.  0.  0.
  0.  0. 49.  0.  0.  0.  0.  0.  0.  0.  0.  0.  0.  0.  0.  0.  0.  0.
  0.  0.  0.  0.  0.  0.  0.  0.  0.]