[ 0.  0.  0.  0.  0.  0.  0.  0.  0.  0.  0.  0.  0.  0.  0.  0.  0.  0.
  0.  0.  0.  0.  0.  0.  0.  0.  0.  0.  0.  0.  0.  0.  0.  0.  0.  0.
  0.  0.  0.  0.  0.  0.  0.  0.  0.  0.  0.  0.  0.  0.  0.  0.  0.  0.
  0.  0.  0.  0.  0.  0.  0.  0.  0.  0.  0.  0.  0.  0.  0.  0.  0.  0.
  0.  0.  0.  0.  0.  0.  0.  0.  0.  0.  0.  0.  0.  0.  0.  0.  0.  0.
  0.  0.  0.  0.  0.  8.  3.  5.  7. 12. 11.  0.  0.  0.  0.  0.  0.  0.
  0.  0.  0. 17.  1.  0.  0.  0.  0.  0.  0.  0.  0.  0.  0.  0.  0.  9.
  4.  0.  2.  0.  0.  0.  0.  0.  0.  0.  0.  0.  0. 18. 19. 16.  6.  0.
  0.  0.  0.  0.  0.  0.  0.  0.  0.  0.  0. 20. 10.  0. 14.  0.  0.  0.
  0.  0.  0.  0.  0.  0.  0.  0. 13.  0.  0.  0. 15.  0.  0.  0.  0.  0.
  0.  0.  0.  0.  0.  0.  0.  0.  0.  0.  0.  0.  0.  0.  0.  0.  0.  0.
  0.  0.  0.  0.  0.  0.  0.  0.  0.  0.  0.  0.  0.  0.  0.  0.  0.  0.
  0.  0.  0.  0.  0.  0.  0.  0.  0.]