[ 0.  0.  0.  0.  0.  0.  0.  0.  0.  0.  0.  0.  0.  0.  0.  0.  0.  0.
  0.  0. 54.  0. 48.  0.  0.  0.  0.  0.  0.  0.  0.  0.  0.  0.  0. 57.
 52. 49.  0. 45.  0.  0.  0.  0.  0.  0.  0.  0.  0. 51. 50. 28. 46. 42.
 47.  0.  0.  0.  0.  0.  0.  0.  0. 58. 53.  0. 39. 18.  0.  0.  0.  0.
  0.  0.  0.  0.  0.  0.  0.  0.  0. 30.  0. 29. 55.  0. 56.  0.  0.  0.
  0.  0.  0.  0.  0.  0.  0. 11.  6. 10. 12. 23.  0.  0.  0.  0.  0.  0.
  0. 43.  0.  8.  1.  7. 13. 14.  0.  0.  0.  0.  0.  0.  0.  0.  0. 44.
  0.  9.  2. 15. 17. 19.  0.  0.  0.  0.  0.  0.  0.  0.  0. 31.  4.  0.
  3. 16.  0.  0.  0.  0.  0.  0.  0.  0. 40. 37.  5. 33. 20. 22. 25. 24.
  0.  0.  0.  0.  0.  0.  0. 38. 41. 32.  0. 27. 21. 35. 36.  0.  0.  0.
  0.  0.  0.  0.  0.  0.  0.  0. 26. 34.  0.  0.  0.  0.  0.  0.  0.  0.
  0.  0.  0.  0.  0.  0.  0.  0.  0.  0.  0.  0.  0.  0.  0.  0.  0.  0.
  0.  0.  0.  0.  0.  0.  0.  0.  0.]