[ 0.  0.  0.  0.  0.  0.  0.  0.  0.  0.  0.  0.  0.  0.  0.  0.  0.  0.
  0.  0.  0.  0.  0.  0.  0.  0.  0.  0.  0.  0.  0.  0.  0.  0.  0.  0.
  0.  0.  0.  0.  0.  0.  0.  0.  0.  0.  0.  0.  0.  0. 30. 31.  0.  0.
  0.  0.  0.  0.  0.  0.  0.  0.  0.  0. 33. 29. 28.  0.  0. 15.  0.  0.
  0.  0.  0.  0.  0.  0.  0. 32. 27.  0.  4.  0. 14. 11.  0.  0.  0.  0.
  0.  0.  0. 25. 26. 17.  6.  3. 13. 10.  0.  0.  0.  0.  0.  0.  0.  0.
  0. 24.  7. 16.  1.  8. 12.  0.  0.  0.  0.  0.  0.  0.  0.  0.  0. 20.
 21.  2.  5.  0.  0.  0.  0.  0.  0.  0.  0.  0.  0. 35.  9. 18.  0. 43.
 23.  0.  0.  0.  0.  0.  0.  0.  0.  0. 22. 19.  0. 40.  0.  0.  0.  0.
  0.  0.  0.  0.  0.  0.  0.  0. 34. 36. 37. 41.  0.  0.  0.  0.  0.  0.
  0.  0.  0.  0.  0. 42. 38.  0. 44.  0.  0.  0.  0.  0.  0.  0.  0.  0.
  0.  0.  0.  0. 39.  0.  0.  0.  0.  0.  0.  0.  0.  0.  0.  0.  0.  0.
  0.  0.  0.  0.  0.  0.  0.  0.  0.]