[ 0.  0.  0.  0.  0.  0.  0.  0.  0.  0.  0.  0.  0.  0.  0.  0.  0.  0.
  0.  0.  0.  0.  0.  0.  0.  0.  0.  0.  0.  0.  0.  0.  0.  0.  0.  0.
  0.  0. 57.  0.  0.  0.  0.  0.  0.  0.  0.  0.  0.  0.  0. 53. 56.  0.
 60. 59.  0.  0.  0.  0.  0.  0.  0.  0. 55. 54. 52. 63. 61.  0. 58.  0.
  0. 73.  0.  0.  0.  0. 30.  0.  0.  0.  0. 62. 13.  0. 11. 72.  0.  0.
  0.  0.  0. 25. 27. 15. 28. 39.  6.  0. 10. 70. 71.  0. 67.  0.  0.  0.
  0. 26. 29. 14.  1.  7.  8. 68. 12. 65. 64.  0.  0.  0.  0. 23. 24. 19.
  5.  2.  4. 40.  9. 48. 66.  0.  0.  0.  0.  0.  0. 20. 16. 21. 42. 41.
  3. 33. 44. 69.  0.  0.  0.  0.  0.  0.  0. 18. 17. 38. 32. 47. 34. 49.
  0.  0.  0.  0.  0.  0.  0. 51.  0. 22. 43. 35. 45. 31. 46.  0.  0.  0.
  0.  0.  0.  0.  0.  0.  0. 36.  0. 50.  0.  0.  0.  0.  0.  0.  0.  0.
  0.  0.  0.  0.  0. 37.  0.  0.  0.  0.  0.  0.  0.  0.  0.  0.  0.  0.
  0.  0.  0.  0.  0.  0.  0.  0.  0.]