[ 0.  0.  0.  0.  0.  0.  0.  0.  0.  0.  0.  0.  0.  0.  0.  0.  0.  0.
  0.  0.  0.  0.  0.  0.  0.  0.  0.  0.  0.  0.  0.  0.  0.  0.  0.  0.
  0.  0.  0.  0.  0.  0.  0.  0.  0.  0.  0.  0.  0.  0.  0.  0.  0.  0.
  0.  0.  0.  0.  0.  0.  0.  0.  0.  0.  0.  0.  0. 14. 13.  9.  0.  0.
  0.  0.  0.  0.  0.  0.  0.  0.  0.  3.  0.  4.  8. 11.  0.  0.  0.  0.
  0.  0.  0.  0.  0.  0.  0.  2.  5. 15. 10.  0.  0.  0.  0.  0.  0.  0.
  0.  0.  0.  6.  1. 20.  0. 28. 12. 18.  0.  0.  0.  0.  0.  0.  0.  7.
 21. 19. 22.  0.  0.  0. 17.  0.  0.  0.  0.  0.  0.  0. 23.  0. 25. 27.
  0. 16.  0.  0.  0.  0.  0.  0.  0.  0. 24.  0.  0. 26.  0.  0.  0.  0.
  0.  0.  0.  0.  0.  0.  0.  0.  0.  0.  0.  0.  0.  0.  0.  0.  0.  0.
  0.  0.  0.  0.  0.  0.  0.  0.  0.  0.  0.  0.  0.  0.  0.  0.  0.  0.
  0.  0.  0.  0.  0.  0.  0.  0.  0.  0.  0.  0.  0.  0.  0.  0.  0.  0.
  0.  0.  0.  0.  0.  0.  0.  0.  0.]