[ 0.  0.  0.  0.  0.  0.  0.  0.  0.  0.  0.  0.  0.  0.  0.  0.  0.  0.
  0.  0.  0.  0.  0.  0.  0.  0.  0.  0.  0.  0.  0.  0.  0.  0.  0.  0.
  0.  0.  0.  0.  0.  0.  0.  0.  0.  0.  0.  0.  0.  0. 26.  0.  0.  0.
  0.  0.  0.  0.  0.  0.  0.  0. 27.  0. 25.  0.  0.  0.  0.  0.  0.  0.
  0.  0.  0.  0.  0.  0. 23. 24. 19. 16. 18. 10.  0.  0.  0.  0.  0.  0.
  0.  0. 21. 13. 22. 17.  2.  9.  0.  0.  0.  0.  0.  0.  0.  0.  0. 15.
  0.  8. 20.  7.  1.  0.  0.  0.  0.  0.  0.  0.  0.  0.  0. 14.  5.  0.
  4.  0.  0.  0.  0.  0.  0.  0.  0.  0.  0.  0. 11.  0.  3. 12.  0.  0.
  0.  0.  0.  0.  0.  0.  0.  0.  0.  0.  0.  0.  6.  0.  0.  0.  0.  0.
  0.  0.  0.  0.  0.  0.  0.  0.  0.  0.  0.  0.  0.  0.  0.  0.  0.  0.
  0.  0.  0.  0.  0.  0.  0.  0.  0.  0.  0.  0.  0.  0.  0.  0.  0.  0.
  0.  0.  0.  0.  0.  0.  0.  0.  0.  0.  0.  0.  0.  0.  0.  0.  0.  0.
  0.  0.  0.  0.  0.  0.  0.  0.  0.]