[ 0.  0.  0.  0.  0.  0.  0.  0.  0.  0.  0.  0.  0.  0.  0.  0.  0.  0.
  0.  0.  0.  0.  0. 21.  0.  0.  0.  0.  0.  0.  0.  0.  0.  0.  0. 20.
  0.  0. 23.  0.  0.  0.  0.  0.  0.  0.  0.  0.  0.  0.  0. 19. 15.  0.
  0.  0.  0.  0.  0.  0.  0.  0.  0.  0.  0. 11.  7. 14. 13.  0.  0.  0.
  0.  0.  0.  0.  0.  0.  0. 22.  5.  4. 12. 16. 17.  0.  0.  0.  0.  0.
  0.  0.  0.  0.  8.  9.  2.  6.  0.  0. 18.  0.  0.  0.  0.  0.  0.  0.
  0.  0. 10.  0.  1.  0.  0.  0.  0.  0.  0.  0.  0.  0.  0.  0.  0.  0.
  0.  0.  0.  0.  0.  0.  0.  0.  0.  0.  0.  0.  0.  0.  0.  3.  0.  0.
  0.  0.  0.  0.  0.  0.  0.  0.  0.  0.  0.  0.  0.  0.  0.  0.  0.  0.
  0.  0.  0.  0.  0.  0.  0.  0.  0.  0.  0.  0.  0.  0.  0.  0.  0.  0.
  0.  0.  0.  0.  0.  0.  0.  0.  0.  0.  0.  0.  0.  0.  0.  0.  0.  0.
  0.  0.  0.  0.  0.  0.  0.  0.  0.  0.  0.  0.  0.  0.  0.  0.  0.  0.
  0.  0.  0.  0.  0.  0.  0.  0.  0.]