[ 0.  0.  0.  0.  0.  0.  0.  0.  0.  0.  0.  0.  0.  0.  0.  0.  0.  0.
  0.  0.  0.  0.  0.  0.  0.  0.  0.  0.  0.  0.  0.  0.  0.  0.  0.  0.
  0.  0.  0.  0.  0.  0.  0.  0.  0.  0.  0.  0.  0.  0.  0.  0.  0. 23.
  0. 18.  0.  0.  0.  0.  0.  0.  0.  0.  0.  0. 22. 15. 19. 17.  0.  0.
  0.  0.  0.  0.  0.  0.  0.  0.  0.  0.  6. 13. 10.  0.  0.  0.  0.  0.
  0.  0.  0.  0.  0.  0. 12.  3.  9. 11.  0.  0.  0.  0.  0.  0.  0.  0.
  0.  0.  5.  7.  1.  8.  4. 16. 21. 20.  0.  0.  0.  0.  0.  0.  0. 14.
  0.  0.  2.  0.  0.  0.  0.  0.  0.  0.  0.  0.  0.  0.  0.  0.  0.  0.
  0.  0.  0.  0.  0.  0.  0.  0.  0.  0.  0.  0.  0.  0.  0.  0.  0.  0.
  0.  0.  0.  0.  0.  0.  0.  0.  0.  0.  0.  0.  0.  0.  0.  0.  0.  0.
  0.  0.  0.  0.  0.  0.  0.  0.  0.  0.  0.  0.  0.  0.  0.  0.  0.  0.
  0.  0.  0.  0.  0.  0.  0.  0.  0.  0.  0.  0.  0.  0.  0.  0.  0.  0.
  0.  0.  0.  0.  0.  0.  0.  0.  0.]