[ 0.  0.  0.  0.  0.  0.  0.  0.  0.  0.  0. 48.  0.  0.  0.  0.  0.  0.
  0.  0.  0.  0.  0.  0.  0. 47. 49.  0.  0.  0.  0.  0.  0. 45.  0.  0.
  0.  0.  0. 37. 46. 43.  0.  0. 54.  0.  0.  0.  0. 44. 55.  0.  0. 35.
 38. 28. 50.  0. 53. 57.  0.  0.  0.  0.  0. 42.  0. 39. 24. 33. 25.  0.
 51. 52.  0.  0.  0.  0.  0. 41.  0. 40.  0. 32. 23. 27. 31. 56.  0.  0.
  0.  0.  0.  0.  0.  0.  3. 10. 26. 69. 15. 36. 34.  0.  0.  0.  0.  0.
  0.  0.  0.  8.  1.  7. 12. 30.  0.  0.  0.  0.  0.  0.  0.  0.  0. 11.
  0.  4.  2.  5. 29. 68.  0.  0.  0.  0.  0.  0.  0.  0. 14. 19.  0.  6.
 21. 18. 59. 58.  0.  0.  0.  0.  0.  0.  0.  0. 13. 20. 16.  9. 67. 65.
  0. 70.  0.  0.  0.  0.  0.  0.  0.  0.  0. 17. 22. 64.  0. 72.  0. 71.
  0.  0.  0.  0.  0.  0.  0.  0. 63. 62. 60.  0.  0.  0.  0.  0.  0.  0.
  0.  0.  0.  0.  0.  0.  0. 66. 61.  0.  0.  0.  0.  0.  0.  0.  0.  0.
  0.  0.  0.  0.  0.  0.  0.  0.  0.]