[ 0.  0.  0.  0.  0.  0.  0.  0.  0.  0.  0.  0.  0.  0.  0.  0.  0.  0.
  0.  0.  0.  0.  0.  0.  0.  0.  0.  0.  0.  0.  0.  0.  0.  0.  0.  0.
  0.  0.  0.  0.  0.  0.  0.  0.  0.  0.  0.  0.  0.  0.  0.  0.  0.  0.
  0.  0.  0.  0.  0.  0.  0.  0.  0.  0.  0.  0.  0.  0.  0.  0.  0.  0.
  0.  0.  0.  0.  0.  0.  0.  0.  0.  0.  0.  0.  0.  0.  0.  0.  0.  0.
  0.  0.  0.  0.  0.  0.  0.  0.  6.  0.  9.  0.  0.  0.  0.  0.  0.  0.
  0.  0.  0. 13.  1. 18.  4. 28.  0.  0.  0.  0.  0.  0.  0.  0.  0. 20.
  0. 11.  2.  3. 25.  0.  0.  0.  0.  0.  0. 21.  0.  0. 19.  5.  8.  7.
 24. 27.  0.  0.  0.  0.  0.  0.  0.  0.  0. 17. 14. 10. 22. 16. 23.  0.
  0.  0.  0.  0.  0.  0.  0.  0. 15. 33. 12. 38. 26. 30. 39.  0.  0.  0.
  0.  0.  0.  0.  0. 32.  0.  0. 36. 35. 29.  0.  0.  0.  0.  0.  0.  0.
  0.  0. 31.  0.  0. 40. 34.  0.  0.  0.  0.  0.  0.  0.  0.  0.  0.  0.
  0.  0.  0.  0. 37.  0.  0.  0.  0.]