[ 0.  0.  0.  0.  0.  0.  0.  0.  0.  0.  0.  0.  0.  0.  0.  0.  0.  0.
  0.  0.  0.  0.  0. 41.  0.  0.  0.  0.  0.  0.  0.  0.  0.  0.  0.  0.
  0. 35. 39. 27.  0.  0.  0.  0.  0.  0.  0.  0.  0.  0. 29.  0.  0. 31.
  0. 34.  0.  0.  0.  0.  0.  0.  0.  0.  0.  0. 28. 32. 11. 23. 40.  0.
  0.  0.  0.  0.  0.  0.  0.  0.  0.  5. 10. 33. 30. 38.  0. 37.  0.  0.
  0.  0.  0.  0.  0.  0.  8.  3.  4.  9.  0. 24.  0.  0.  0.  0.  0.  0.
  0.  0.  0.  0.  1.  6. 12. 20.  0. 21.  0.  0.  0.  0.  0.  0.  0.  0.
  0.  2.  7. 36. 13. 22.  0.  0.  0.  0.  0.  0.  0.  0.  0.  0.  0. 14.
 16. 17.  0.  0.  0.  0.  0.  0.  0.  0.  0.  0.  0. 25. 26. 19. 15.  0.
  0.  0.  0.  0.  0.  0.  0.  0.  0.  0.  0.  0.  0. 18.  0.  0.  0.  0.
  0.  0.  0.  0.  0.  0.  0.  0.  0.  0.  0.  0.  0.  0.  0.  0.  0.  0.
  0.  0.  0.  0.  0.  0.  0.  0.  0.  0.  0.  0.  0.  0.  0.  0.  0.  0.
  0.  0.  0.  0.  0.  0.  0.  0.  0.]