[ 0.  0.  0.  0.  0.  0.  0.  0.  0.  0.  0.  0.  0.  0.  0.  0.  0.  0.
  0.  0.  0.  0.  0.  0.  0.  0.  0.  0.  0.  0.  0.  0.  0.  0.  0.  0.
  0.  0. 26.  0.  0.  0.  0.  0.  0.  0.  0.  0.  0.  0.  0.  0. 24. 23.
 17.  0.  0.  0.  0.  0.  0.  0.  0.  0.  0.  0. 31.  0. 25. 16.  0. 11.
  0.  0.  0.  0.  0.  0.  0.  0. 30.  0. 14. 15. 12. 10.  0.  0.  0.  0.
  0.  0.  0.  0. 28. 27.  0.  3.  7.  8.  0.  0.  0.  0.  0.  0.  0.  0.
  0.  0. 22. 19.  1.  6. 13.  0.  0.  0.  0.  0.  0.  0.  0.  0. 21. 20.
 29.  4.  2.  5.  0.  0.  0.  0.  0.  0.  0. 48. 37. 42. 41.  9. 39. 18.
  0.  0.  0.  0.  0.  0.  0.  0.  0. 46. 34.  0. 32. 35.  0.  0.  0.  0.
  0.  0.  0.  0.  0. 44. 45. 40. 36.  0.  0. 33.  0.  0.  0.  0.  0.  0.
  0. 47.  0.  0. 38.  0.  0.  0.  0.  0.  0.  0.  0.  0.  0.  0.  0.  0.
  0. 43.  0.  0.  0.  0.  0.  0.  0.  0.  0.  0.  0.  0.  0.  0.  0.  0.
  0.  0.  0.  0.  0.  0.  0.  0.  0.]