[ 0.  0.  0.  0.  0.  0.  0.  0.  0.  0.  0.  0.  0.  0.  0.  0.  0.  0.
  0.  0.  0.  0.  0.  0.  0.  0.  0.  0.  0.  0.  0.  0.  0.  0.  0.  0.
  0.  0.  0.  0.  0.  0.  0.  0.  0.  0.  0.  0.  0.  0.  0.  0. 20.  0.
  0.  0.  0.  0.  0.  0.  0.  0.  0.  0.  0.  0.  0. 13. 11. 14. 21.  0.
  0.  0.  0.  0.  0.  0.  0.  0.  0.  0.  4. 15. 19.  0.  0.  0.  0.  0.
  0.  0.  0.  0.  0.  0.  6.  3.  5. 18. 17.  0.  0.  0.  0.  0.  0.  0.
  0.  0.  7.  8.  1. 16.  0.  0.  0.  0.  0.  0.  0.  0.  0.  0.  0.  0.
  9.  0.  2.  0.  0.  0.  0.  0.  0.  0.  0.  0.  0.  0. 10.  0.  0. 12.
  0.  0.  0.  0.  0.  0.  0.  0.  0.  0.  0.  0.  0.  0.  0.  0.  0.  0.
  0.  0.  0.  0.  0.  0.  0.  0.  0.  0.  0.  0.  0.  0.  0.  0.  0.  0.
  0.  0.  0.  0.  0.  0.  0.  0.  0.  0.  0.  0.  0.  0.  0.  0.  0.  0.
  0.  0.  0.  0.  0.  0.  0.  0.  0.  0.  0.  0.  0.  0.  0.  0.  0.  0.
  0.  0.  0.  0.  0.  0.  0.  0.  0.]