[ 0.  0.  0.  0.  0.  0.  0.  0.  0.  0.  0.  0.  0.  0.  0.  0.  0.  0.
  0.  0.  0.  0.  0.  0.  0.  0.  0.  0.  0.  0.  0.  0.  0.  0.  0.  0.
  0.  0.  0.  0.  0.  0.  0.  0.  0.  0.  0.  0.  0.  0. 26.  0.  0.  0.
 55.  0.  0.  0.  0.  0.  0.  0.  0.  0. 28. 23.  0.  0.  0. 14.  0.  0.
  0.  0.  0.  0.  0.  0. 27. 29. 25. 24.  0.  5.  0. 11. 56.  0.  0.  0.
  0.  0.  0. 30. 22. 21.  0. 13.  4.  8.  0. 57.  0.  0.  0.  0.  0.  0.
  0.  0. 44. 12.  1.  0.  3. 18.  0.  0.  0.  0.  0.  0. 54. 41. 53. 43.
 33.  6.  2. 16. 17. 58.  0.  0.  0.  0.  0.  0.  0. 36. 46.  9. 19.  7.
 20. 15.  0.  0.  0.  0.  0.  0. 48. 42. 37.  0.  0. 10. 34. 35. 32.  0.
  0.  0.  0.  0.  0.  0. 45.  0. 40. 38.  0. 49. 31. 52. 51.  0.  0.  0.
  0.  0.  0.  0.  0. 47. 39. 50.  0.  0.  0.  0.  0.  0.  0.  0.  0.  0.
  0.  0.  0.  0.  0.  0.  0.  0.  0.  0.  0.  0.  0.  0.  0.  0.  0.  0.
  0.  0.  0.  0.  0.  0.  0.  0.  0.]