[ 0.  0.  0.  0.  0.  0.  0.  0.  0.  0.  0.  0.  0.  0.  0.  0.  0.  0.
  0.  0.  0.  0.  0.  0.  0.  0.  0.  0.  0.  0.  0.  0.  0. 25.  0. 26.
  0.  0.  0. 50.  0.  0.  0.  0.  0.  0.  0.  0. 30. 22.  0. 23.  0.  0.
  0.  0.  0.  0.  0.  0.  0.  0.  0. 27.  0. 24.  0. 19.  0. 49. 34. 36.
  0.  0.  0.  0.  0.  0.  0. 13.  0. 16.  3. 44. 43. 35. 33. 51. 52.  0.
  0.  0.  0.  0. 15. 12. 14. 10.  0. 31.  0. 46.  0.  0.  0.  0. 29. 20.
 28. 18.  0. 17.  1.  5.  8. 32. 45.  0.  0.  0.  0.  0.  0. 21.  0. 11.
  4.  6.  2.  7.  0.  0. 47.  0.  0.  0.  0.  0. 72. 59.  0. 71.  9.  0.
 38. 37. 41.  0. 48.  0.  0.  0.  0.  0. 73. 56. 70.  0.  0. 65. 39. 40.
 67.  0.  0.  0.  0. 75.  0. 57. 55. 58.  0. 53. 42. 61. 66.  0.  0.  0.
  0.  0.  0.  0. 74.  0.  0. 54. 63. 60. 62.  0.  0.  0.  0.  0.  0.  0.
  0.  0.  0.  0.  0. 68. 64.  0.  0.  0.  0.  0.  0.  0.  0.  0.  0.  0.
  0.  0.  0. 69.  0.  0.  0.  0.  0.]