[ 0.  0.  0.  0.  0.  0.  0.  0.  0.  0.  0.  0.  0.  0.  0.  0.  0.  0.
  0.  0.  0.  0. 46. 40.  0.  0.  0.  0.  0.  0.  0.  0.  0.  0.  0.  0.
 42. 39. 41.  0.  0.  0.  0. 52. 48.  0.  0.  0.  0.  0.  0.  0.  0. 18.
 17.  0. 44.  0. 47.  0.  0.  0.  0.  0.  0.  0.  0. 25.  0. 16. 45. 11.
 21. 49. 50.  0.  0.  0.  0.  0.  0. 37. 26.  0. 12. 10. 13.  0. 43.  0.
  0.  0.  0.  0.  0.  0.  0.  3.  7.  8. 15. 19. 24. 51.  0.  0.  0.  0.
  0. 30.  0. 38.  1.  6. 22. 14. 20. 23. 53.  0.  0.  0.  0.  0.  0. 29.
  0.  4.  2.  5.  0. 34.  0.  0.  0.  0.  0.  0.  0.  0. 28.  9.  0. 27.
  0.  0.  0. 35.  0.  0.  0.  0.  0.  0.  0.  0.  0. 31.  0. 33.  0.  0.
  0.  0.  0.  0.  0.  0.  0.  0.  0. 32.  0.  0.  0.  0.  0.  0.  0.  0.
  0.  0.  0.  0.  0.  0.  0.  0.  0. 36.  0.  0.  0.  0.  0.  0.  0.  0.
  0.  0.  0.  0.  0.  0.  0.  0.  0.  0.  0.  0.  0.  0.  0.  0.  0.  0.
  0.  0.  0.  0.  0.  0.  0.  0.  0.]