[ 0.  0.  0.  0.  0.  0.  0.  0.  0.  0.  0.  0.  0.  0.  0.  0.  0.  0.
  0.  0.  0.  0.  0.  0.  0.  0.  0.  0.  0.  0.  0.  0.  0.  0.  0.  0.
  0.  0.  0.  0.  0.  0.  0.  0.  0.  0.  0.  0.  0.  0.  0.  0.  0.  0.
 20.  0.  0.  0.  0.  0.  0.  0.  0.  0.  0.  0.  0. 22. 13. 16.  0.  0.
  0.  0.  0.  0.  0.  0.  0.  0. 18. 11. 19. 12.  0.  0.  0.  0.  0.  0.
  0.  0.  0.  0.  0. 21.  3. 17.  6. 15.  0.  0.  0.  0.  0.  0.  0.  0.
  0. 25. 24. 14.  1. 10.  9.  0.  0.  0.  0.  0.  0.  0.  0.  0. 23.  0.
  5.  4.  2.  0.  0.  0.  0.  0.  0.  0.  0.  0.  0.  0.  0.  0.  8.  7.
  0.  0.  0.  0.  0.  0.  0.  0.  0.  0.  0.  0.  0.  0.  0.  0.  0.  0.
  0.  0.  0.  0.  0.  0.  0.  0.  0.  0.  0.  0.  0.  0.  0.  0.  0.  0.
  0.  0.  0.  0.  0.  0.  0.  0.  0.  0.  0.  0.  0.  0.  0.  0.  0.  0.
  0.  0.  0.  0.  0.  0.  0.  0.  0.  0.  0.  0.  0.  0.  0.  0.  0.  0.
  0.  0.  0.  0.  0.  0.  0.  0.  0.]