[ 0.  0.  0.  0.  0.  0.  0.  0.  0.  0.  0.  0.  0.  0.  0.  0.  0.  0.
  0.  0.  0.  0.  0.  0.  0.  0.  0.  0.  0.  0.  0.  0.  0.  0.  0.  0.
 20.  0.  0.  0.  0.  0.  0.  0.  0.  0.  0.  0.  0.  0.  0.  0. 19.  0.
  0.  0.  0.  0.  0.  0.  0.  0.  0.  0.  0.  0. 13. 14.  0.  0.  0.  0.
  0.  0.  0.  0.  0.  0.  0.  0. 22.  3. 12.  9.  0.  0.  0.  0.  0.  0.
  0.  0.  0.  0. 21. 11.  0. 10.  8.  0.  7.  0.  0.  0.  0.  0.  0.  0.
  0. 24. 18.  0.  1.  0.  6.  0.  0.  0.  0.  0.  0.  0.  0.  0. 23.  0.
  0.  4.  2.  5. 16.  0. 26. 31.  0.  0.  0.  0.  0.  0.  0.  0.  0.  0.
 30. 27. 17. 29.  0.  0.  0.  0.  0.  0.  0.  0.  0.  0. 15.  0.  0. 25.
  0.  0.  0.  0.  0.  0.  0.  0.  0.  0.  0.  0.  0.  0.  0. 28.  0.  0.
  0.  0.  0.  0.  0.  0.  0.  0.  0.  0.  0.  0.  0.  0.  0.  0.  0.  0.
  0.  0.  0.  0.  0.  0.  0.  0.  0.  0.  0.  0.  0.  0.  0.  0.  0.  0.
  0.  0.  0.  0.  0.  0.  0.  0.  0.]