[ 0.  0. 59.  0.  0.  0.  0.  0.  0.  0.  0.  0.  0.  0.  0.  0.  0.  0.
 58. 53.  0.  0. 69.  0.  0.  0.  0.  0.  0.  0.  0.  0. 57. 52. 54.  0.
  0. 68. 43.  0. 62.  0. 67.  0.  0.  0. 56. 41. 55. 49. 34. 48. 42.  0.
 61. 65. 66.  0.  0.  0.  0.  0.  0. 38. 29. 37. 28. 50. 45.  0. 64.  0.
  0.  0.  0.  0.  0.  0.  0. 32. 30. 27. 51. 46. 44. 60. 63.  0.  0.  0.
 40. 39. 35. 33. 31. 36.  0.  8.  3. 47.  0. 70. 78.  0.  0.  0.  0.  0.
  0.  0.  6.  7.  1.  0. 10. 79. 73. 71.  0.  0.  0.  0.  0. 26. 23.  5.
  4.  2.  0. 11. 72.  0. 77.  0.  0.  0.  0.  0. 15. 20. 24. 12.  9.  0.
  0. 80. 74. 81.  0.  0.  0.  0.  0. 19. 22. 13. 21.  0. 18.  0. 76. 84.
 75.  0.  0.  0.  0.  0. 25.  0. 14. 16. 17.  0.  0. 83. 85. 82.  0.  0.
  0.  0.  0.  0.  0.  0.  0.  0.  0.  0. 86.  0.  0.  0.  0.  0.  0.  0.
  0.  0.  0.  0.  0.  0.  0.  0.  0.  0.  0.  0.  0.  0.  0.  0.  0.  0.
  0.  0.  0.  0.  0.  0.  0.  0.  0.]