[ 0.  0.  0.  0.  0.  0.  0.  0.  0.  0.  0.  0.  0.  0.  0.  0.  0.  0.
  0.  0.  0.  0.  0.  0.  0.  0.  0.  0.  0.  0.  0.  0.  0.  0.  0. 18.
  0.  0.  0.  0.  0.  0.  0.  0.  0.  0.  0.  0.  0.  0.  0. 17.  0. 16.
  0.  0.  0.  0.  0.  0.  0.  0. 27. 24. 26. 22. 10. 15.  0.  0.  0.  0.
  0.  0.  0.  0.  0.  0.  0. 19. 20. 11.  3. 13. 14.  0.  0.  0.  0.  0.
  0.  0. 28. 21. 25. 23.  0.  6.  9.  0.  0.  0.  0.  0.  0.  0.  0.  0.
  0. 29. 35. 33.  1.  8.  7.  0.  0.  0.  0.  0.  0.  0.  0. 30. 31.  0.
  4.  5.  2.  0. 12.  0.  0.  0.  0.  0.  0.  0.  0. 32.  0.  0.  0. 34.
  0.  0.  0.  0.  0.  0.  0.  0.  0.  0.  0.  0.  0.  0.  0.  0.  0.  0.
  0.  0.  0.  0.  0.  0.  0.  0.  0.  0.  0.  0.  0.  0.  0.  0.  0.  0.
  0.  0.  0.  0.  0.  0.  0.  0.  0.  0.  0.  0.  0.  0.  0.  0.  0.  0.
  0.  0.  0.  0.  0.  0.  0.  0.  0.  0.  0.  0.  0.  0.  0.  0.  0.  0.
  0.  0.  0.  0.  0.  0.  0.  0.  0.]