[ 0.  0.  0.  0.  0.  0.  0.  0.  0.  0.  0.  0.  0.  0.  0.  0.  0.  0.
  0.  0. 40.  0.  0.  0.  0.  0.  0.  0.  0.  0.  0.  0.  0. 37.  0.  0.
  0.  0.  0.  0.  0.  0.  0.  0.  0.  0.  0.  0. 34. 35. 18.  0. 14. 19.
  0. 29.  0.  0.  0.  0.  0.  0. 38. 24. 23. 21. 13. 17. 22. 33. 32. 28.
  0.  0.  0.  0.  0.  0. 36. 10.  3. 20.  7.  8. 16.  0. 30.  0.  0.  0.
  0.  0.  0.  0. 39.  5.  4.  2. 11.  0. 25. 26.  0.  0.  0.  0.  0.  0.
  0.  0.  6.  9.  1.  0. 12.  0. 31.  0.  0.  0.  0.  0.  0.  0. 15.  0.
  0.  0.  0. 27.  0.  0.  0.  0.  0.  0.  0.  0.  0.  0.  0.  0.  0.  0.
  0.  0.  0.  0.  0.  0.  0.  0.  0.  0.  0.  0.  0.  0.  0.  0.  0.  0.
  0.  0.  0.  0.  0.  0.  0.  0.  0.  0.  0.  0.  0.  0.  0.  0.  0.  0.
  0.  0.  0.  0.  0.  0.  0.  0.  0.  0.  0.  0.  0.  0.  0.  0.  0.  0.
  0.  0.  0.  0.  0.  0.  0.  0.  0.  0.  0.  0.  0.  0.  0.  0.  0.  0.
  0.  0.  0.  0.  0.  0.  0.  0.  0.]