[ 0.  0.  0.  0.  0.  0.  0.  0.  0.  0.  0.  0.  0.  0.  0.  0.  0.  0.
  0.  0.  0.  0.  0.  0.  0.  0.  0.  0.  0.  0.  0.  0.  0.  0.  0.  0.
  0.  0.  0.  0.  0.  0.  0.  0.  0.  0.  0.  0.  0.  0.  0.  0. 14.  0.
  0.  0.  0.  0.  0.  0.  0.  0.  0.  0.  0. 17.  0.  7.  0.  0.  0.  0.
  0.  0.  0.  0.  0.  0.  0.  0. 16. 15. 13.  3.  0.  0.  0.  0.  0.  0.
  0.  0.  0.  0.  0.  0.  0.  9.  0.  5.  0.  0.  0.  0.  0.  0.  0.  0.
  0.  0.  0. 12.  1.  0.  6.  8.  0.  0.  0.  0.  0.  0.  0.  0.  0. 11.
  4. 10.  2.  0.  0.  0.  0.  0.  0.  0.  0.  0.  0.  0.  0.  0.  0.  0.
  0.  0.  0.  0.  0.  0.  0.  0.  0.  0.  0.  0.  0.  0.  0.  0.  0.  0.
  0.  0.  0.  0.  0.  0.  0.  0.  0.  0.  0.  0.  0.  0.  0.  0.  0.  0.
  0.  0.  0.  0.  0.  0.  0.  0.  0.  0.  0.  0.  0.  0.  0.  0.  0.  0.
  0.  0.  0.  0.  0.  0.  0.  0.  0.  0.  0.  0.  0.  0.  0.  0.  0.  0.
  0.  0.  0.  0.  0.  0.  0.  0.  0.]