[ 0.  0.  0.  0.  0.  0.  0.  0.  0.  0.  0.  0.  0.  0.  0.  0.  0.  0.
  0.  0.  0.  0.  0.  0.  0.  0.  0.  0.  0.  0.  0.  0.  0.  0.  0.  0.
  0.  0.  0.  0.  0.  0.  0.  0.  0.  0.  0.  0.  0.  0.  0.  0.  0.  0.
  0.  0.  0.  0.  0.  0.  0.  0.  0.  0.  0.  0.  0.  0.  0.  0.  0.  0.
  0.  0.  0.  0.  0.  0.  0.  0.  0.  0.  0.  0.  0. 13.  9.  0.  0.  0.
  0.  0.  0.  0.  0.  0.  0.  0. 11.  0.  8.  0.  0.  0.  0.  0.  0.  0.
  0.  0.  0.  0.  1.  0.  4. 12. 14. 15.  0.  0.  0.  0.  0.  0.  0.  0.
  0.  0.  2.  0. 10.  0. 16.  0.  0.  0.  0.  0.  0.  0.  0.  0.  6.  0.
  3.  0.  0.  0.  0.  0.  0.  0.  0.  0.  0.  0.  7.  0.  5.  0.  0.  0.
  0.  0.  0.  0.  0.  0.  0.  0.  0.  0.  0.  0.  0.  0.  0.  0.  0.  0.
  0.  0.  0.  0.  0.  0.  0.  0.  0.  0.  0.  0.  0.  0.  0.  0.  0.  0.
  0.  0.  0.  0.  0.  0.  0.  0.  0.  0.  0.  0.  0.  0.  0.  0.  0.  0.
  0.  0.  0.  0.  0.  0.  0.  0.  0.]