[ 0.  0.  0.  0.  0.  0.  0.  0.  0.  0.  0.  0.  0.  0.  0.  0.  0.  0.
  0.  0.  0.  0.  0.  0.  0.  0.  0.  0.  0.  0.  0.  0.  0.  0.  0.  0.
  0.  0.  0.  0.  0.  0.  0.  0.  0.  0.  0.  0.  0.  0.  0.  0.  0. 23.
 22.  0. 16.  0.  0.  0.  0.  0.  0.  0.  0.  0.  0. 18. 17.  9. 15. 19.
 20.  0.  0.  0.  0.  0.  0.  0.  0.  0.  0.  0.  5.  0.  0.  0.  0.  0.
  0.  0.  0.  0.  0.  0.  0. 14.  3. 21.  0.  0.  0.  0.  0.  0.  0.  0.
  0.  0.  0.  0.  1. 24.  7. 12. 26.  0.  0.  0.  0.  0.  0.  0.  0.  0.
  6. 11.  2. 10.  8.  0.  0.  0.  0.  0.  0.  0.  0.  0.  0.  0.  0.  4.
  0. 25.  0.  0.  0.  0.  0.  0.  0.  0.  0.  0.  0. 13.  0.  0.  0.  0.
  0.  0.  0.  0.  0.  0.  0.  0.  0.  0.  0.  0.  0.  0.  0.  0.  0.  0.
  0.  0.  0.  0.  0.  0.  0.  0.  0.  0.  0.  0.  0.  0.  0.  0.  0.  0.
  0.  0.  0.  0.  0.  0.  0.  0.  0.  0.  0.  0.  0.  0.  0.  0.  0.  0.
  0.  0.  0.  0.  0.  0.  0.  0.  0.]