[ 0.  0.  0.  0.  0.  0.  0.  0.  0.  0.  0.  0.  0.  0.  0.  0.  0.  0.
  0.  0.  0.  0.  0.  0.  0.  0.  0.  0.  0.  0.  0.  0.  0.  0.  0.  0.
  0.  0.  0.  0.  0.  0.  0.  0.  0.  0.  0.  0. 54.  0. 51.  0. 53.  0.
  0.  0.  0.  0.  0.  0.  0.  0.  0.  0.  0. 41.  0.  0. 50.  0.  0.  0.
  0.  0.  0.  0.  0.  0.  0. 35. 39. 40.  3. 33. 38.  0.  0.  0.  0.  0.
  0.  0.  0.  0. 34. 52. 31. 30. 28.  0.  0. 56. 37.  0.  0.  0.  0.  0.
  0. 45.  5.  8.  1. 29.  0.  0. 36.  0.  0.  0.  0.  0.  0.  0. 32. 46.
  7.  2.  6. 23. 20.  0. 55.  0.  0.  0.  0.  0. 27. 44. 10. 15. 11.  4.
 24.  0.  0. 57.  0.  0.  0.  0.  0. 47. 42. 14. 21. 16. 12.  9.  0.  0.
  0.  0.  0.  0.  0.  0.  0. 48. 18. 17. 25. 13.  0.  0.  0.  0.  0.  0.
  0.  0.  0.  0. 49. 19. 22.  0.  0.  0.  0.  0.  0.  0.  0.  0.  0.  0.
  0.  0.  0.  0. 26.  0.  0.  0.  0.  0.  0.  0.  0.  0.  0.  0.  0.  0.
  0.  0. 43.  0.  0.  0.  0.  0.  0.]