[ 0.  0.  0.  0.  0.  0.  0.  0.  0.  0.  0.  0.  0.  0.  0.  0.  0.  0.
  0.  0.  0.  0.  0.  0.  0.  0.  0.  0.  0.  0.  0.  0.  0.  0.  0.  0.
  0. 22.  0.  0.  0.  0.  0.  0.  0.  0.  0.  0.  0.  0.  0. 19.  0. 21.
  0.  0.  0.  0.  0.  0.  0.  0.  0.  0.  0.  0. 15. 18.  0. 11.  0.  0.
  0.  0.  0.  0.  0.  0.  0.  0. 17. 12. 16. 10.  0.  0.  0.  0.  0.  0.
  0.  0.  0.  0.  0. 20. 14.  4.  9.  6.  0.  0.  0.  0.  0.  0.  0.  0.
  0.  0.  0.  8.  1.  5.  7.  0.  0.  0.  0.  0.  0.  0.  0.  0.  0. 13.
  0.  3.  2.  0.  0.  0.  0.  0.  0.  0.  0.  0.  0.  0.  0.  0.  0.  0.
  0.  0.  0.  0.  0.  0.  0.  0.  0.  0.  0.  0.  0.  0.  0.  0.  0.  0.
  0.  0.  0.  0.  0.  0.  0.  0.  0.  0.  0.  0.  0.  0.  0.  0.  0.  0.
  0.  0.  0.  0.  0.  0.  0.  0.  0.  0.  0.  0.  0.  0.  0.  0.  0.  0.
  0.  0.  0.  0.  0.  0.  0.  0.  0.  0.  0.  0.  0.  0.  0.  0.  0.  0.
  0.  0.  0.  0.  0.  0.  0.  0.  0.]