[ 0.  0.  0.  0.  0.  0.  0.  0.  0.  0.  0.  0.  0.  0.  0.  0.  0.  0.
  0.  0.  0.  0.  0.  0.  0.  0.  0. 60.  0.  0.  0.  0.  0.  0. 44.  0.
  0. 47.  0.  0. 56. 59.  0.  0.  0.  0.  0.  0.  0.  0. 41. 42.  0. 45.
  0. 57. 58.  0.  0.  0.  0.  0.  0.  0.  0.  0. 43. 48. 37. 39. 40.  0.
 61.  0.  0.  0.  0.  0.  0.  0. 16.  3. 51. 46. 38. 50.  0.  0.  0.  0.
  0.  0.  0.  0. 15. 12.  0. 10. 35. 49. 27. 36. 33.  0.  0.  0.  0.  0.
  0.  0.  0. 13.  1.  7. 14. 28. 31. 30.  0.  0.  0.  0.  0.  0. 18. 11.
  8.  6.  2.  9. 34. 29. 32. 53.  0.  0.  0.  0.  0. 17.  0.  4.  5.  0.
 70. 23.  0. 52.  0.  0.  0.  0.  0.  0.  0. 20.  0. 72. 64. 67. 54. 26.
 55.  0.  0.  0.  0.  0.  0. 21. 24. 19. 66. 65. 63.  0.  0.  0.  0.  0.
  0.  0.  0.  0.  0. 22. 71. 68. 62. 69.  0.  0.  0.  0.  0.  0.  0.  0.
  0.  0. 25.  0.  0.  0.  0.  0.  0.  0.  0.  0.  0.  0.  0.  0.  0.  0.
  0.  0.  0.  0.  0.  0.  0.  0.  0.]