[ 0.  0.  0.  0.  0.  0.  0.  0.  0.  0.  0.  0.  0.  0.  0.  0.  0.  0.
  0.  0.  0.  0.  0.  0.  0.  0.  0.  0.  0.  0.  0.  0.  0.  0.  0.  0.
  0.  0.  0.  0.  0.  0.  0.  0.  0.  0.  0.  0.  0.  0.  0.  0.  0.  0.
  0.  0.  0.  0.  0.  0.  0.  0.  0.  0.  0.  0.  0.  0.  0.  0.  0.  0.
  0.  0.  0.  0.  0.  0.  0.  0.  0.  0.  0.  0.  0. 12.  0.  0.  0.  0.
  0.  0.  0.  0.  0.  0.  0.  0.  4. 16.  9. 26.  0.  0.  0.  0.  0.  0.
  0.  0.  0.  0.  1.  5.  6. 11.  0.  0.  0.  0.  0.  0.  0.  0.  0.  0.
  0.  0.  2.  0.  7. 15. 17. 24.  0.  0.  0.  0.  0.  0.  0.  0.  8. 25.
  3.  0. 27. 13.  0.  0.  0.  0.  0.  0.  0.  0. 18. 21. 10. 20. 14. 23.
 22.  0.  0.  0.  0.  0.  0.  0. 19.  0.  0.  0.  0.  0.  0.  0.  0.  0.
  0.  0.  0.  0.  0.  0.  0.  0.  0.  0.  0.  0.  0.  0.  0.  0.  0.  0.
  0.  0.  0.  0.  0.  0.  0.  0.  0.  0.  0.  0.  0.  0.  0.  0.  0.  0.
  0.  0.  0.  0.  0.  0.  0.  0.  0.]