[ 0.  0.  0.  0.  0.  0.  0.  0.  0.  0.  0.  0.  0.  0.  0.  0.  0.  0.
  0.  0.  0.  0.  0.  0.  0.  0.  0.  0.  0.  0.  0.  0.  0.  0.  0.  0.
  0.  0.  0.  0.  0.  0.  0.  0.  0.  0.  0.  0.  0.  0.  0.  0.  0.  0.
  0.  0.  0.  0.  0.  0.  0.  0.  0.  0.  0.  0.  0.  0.  0.  0.  0.  0.
  0.  0.  0.  0.  0.  0.  0.  0. 12.  0.  0.  3.  0.  0.  0.  0.  0.  0.
  0.  0.  0.  0.  0.  5.  0. 21.  0.  0. 19.  0.  0.  0.  0.  0.  0.  0.
  0.  0. 11.  4.  1. 16. 18. 22.  0.  0.  0.  0.  0.  0.  0.  0.  0.  9.
  6. 15.  2. 20.  0.  0.  0.  0.  0.  0.  0.  0.  0.  0. 14.  7.  8.  0.
  0.  0.  0.  0.  0.  0.  0.  0.  0.  0.  0. 13.  0. 10. 17.  0.  0.  0.
  0.  0.  0.  0.  0.  0.  0.  0.  0.  0.  0.  0.  0.  0.  0.  0.  0.  0.
  0.  0.  0.  0.  0.  0.  0.  0.  0.  0.  0.  0.  0.  0.  0.  0.  0.  0.
  0.  0.  0.  0.  0.  0.  0.  0.  0.  0.  0.  0.  0.  0.  0.  0.  0.  0.
  0.  0.  0.  0.  0.  0.  0.  0.  0.]