[ 0.  0.  0.  0.  0.  0.  0.  0.  0.  0.  0.  0.  0.  0.  0.  0.  0.  0.
  0.  0.  0.  0.  0.  0.  0.  0.  0.  0.  0.  0.  0.  0.  0.  0.  0.  0.
  0.  0.  0.  0.  0.  0.  0.  0.  0.  0.  0.  0.  0.  0.  0.  0.  0.  0.
 26.  0. 27.  0.  0.  0.  0.  0.  0.  0.  0.  0.  0.  0.  0.  0. 28. 30.
  0. 32.  0.  0.  0.  0.  0.  0.  0. 14. 18.  6. 15. 33. 25. 31. 34.  0.
  0.  0.  0.  0.  0.  0.  0. 13. 11. 10.  0. 29.  0.  0.  0.  0.  0.  0.
  0.  0.  0. 12.  1. 24.  7. 23. 21. 35.  0.  0.  0.  0.  0.  0.  0.  4.
 16. 17.  2.  9. 22.  0.  0.  0.  0.  0.  0.  0.  0.  0.  0.  5.  0.  8.
  3.  0.  0.  0.  0.  0.  0.  0.  0.  0.  0.  0.  0.  0. 19. 20.  0.  0.
  0.  0.  0.  0.  0.  0.  0.  0.  0.  0.  0.  0.  0.  0.  0.  0.  0.  0.
  0.  0.  0.  0.  0.  0.  0.  0.  0.  0.  0.  0.  0.  0.  0.  0.  0.  0.
  0.  0.  0.  0.  0.  0.  0.  0.  0.  0.  0.  0.  0.  0.  0.  0.  0.  0.
  0.  0.  0.  0.  0.  0.  0.  0.  0.]