[ 0.  0.  0.  0.  0.  0.  0.  0. 67.  0.  0.  0.  0.  0.  0.  0.  0.  0.
  0.  0.  0.  0.  0.  0. 66. 69.  0.  0.  0.  0.  0.  0.  0.  0.  0. 51.
 44. 46. 65.  0. 62.  0. 71.  0.  0.  0.  0.  0.  0.  0. 48. 43. 47.  0.
  0. 68. 70.  0.  0.  0.  0.  0.  0.  0. 36. 45. 41. 64. 63. 53. 54. 76.
 72. 78. 79.  0.  0. 50. 49. 37. 35. 39. 40. 52. 12. 83. 55. 74. 73.  0.
  0. 59. 56. 58. 38. 34. 33.  0.  0.  9. 82. 81. 75. 77.  0.  0.  0. 16.
  0. 61.  0. 42.  1.  4.  0. 80. 85. 84.  0.  0.  0.  0. 57. 15.  0. 60.
  7.  2.  0.  6.  0.  0.  0.  0.  0.  0.  0.  0. 23. 13. 10.  8. 28.  3.
 20. 19.  0.  0.  0.  0.  0.  0.  0. 24. 14. 11.  5.  0. 25. 26.  0.  0.
  0.  0.  0.  0.  0.  0. 21.  0. 22. 17. 31. 29. 27. 32.  0.  0.  0.  0.
  0.  0.  0.  0.  0.  0.  0. 18. 30.  0.  0.  0.  0.  0.  0.  0.  0.  0.
  0.  0.  0.  0.  0.  0.  0.  0.  0.  0.  0.  0.  0.  0.  0.  0.  0.  0.
  0.  0.  0.  0.  0.  0.  0.  0.  0.]