[ 0.  0.  0.  0.  0.  0.  0.  0.  0.  0.  0.  0.  0.  0.  0.  0.  0.  0.
  0.  0.  0.  0.  0.  0.  0.  0.  0.  0.  0.  0.  0.  0.  0.  0.  0.  0.
  0.  0.  0.  0.  0.  0.  0.  0.  0.  0.  0.  0.  0.  0.  0.  0.  0.  0.
  0.  0.  0.  0.  0.  0.  0.  0.  0.  0.  0.  0.  0.  0.  0.  0.  0.  0.
  0.  0.  0.  0.  0.  0.  0.  0.  0.  0.  0.  9.  0.  0.  0.  0.  0.  0.
  0.  0.  0.  0.  0.  0.  0.  4.  0.  0.  0.  0.  0.  0.  0.  0.  0.  0.
  0.  0. 15.  6.  1.  0.  0.  0.  0.  0.  0.  0.  0.  0.  0.  0. 21.  8.
 13.  5.  2.  0.  0.  0.  0.  0.  0.  0.  0.  0.  0. 16. 14. 10.  7.  0.
  3.  0.  0.  0.  0.  0.  0.  0.  0. 17.  0. 24. 20. 11. 18.  0.  0.  0.
  0.  0.  0.  0.  0.  0.  0.  0. 19. 22. 12.  0.  0.  0.  0.  0.  0.  0.
  0.  0.  0.  0.  0.  0.  0.  0.  0.  0.  0.  0.  0.  0.  0.  0.  0.  0.
  0.  0.  0. 23.  0.  0.  0.  0.  0.  0.  0.  0.  0.  0.  0.  0.  0.  0.
  0.  0.  0.  0.  0.  0.  0.  0.  0.]