[ 0.  0.  0.  0.  0.  0.  0.  0.  0.  0.  0.  0.  0.  0.  0.  0.  0.  0.
 26.  0.  0.  0.  0.  0.  0.  0.  0.  0.  0.  0.  0.  0.  0.  0. 25.  0.
 24.  0.  0.  0.  0.  0.  0.  0.  0.  0.  0.  0.  0. 28. 23. 42. 41. 31.
 37.  0.  0.  0.  0.  0.  0.  0.  0.  0. 27. 30. 19. 29. 39.  0. 43.  0.
  0.  0.  0.  0.  0.  0.  0.  0. 20. 21. 36. 40. 38.  0.  0.  0.  0.  0.
  0.  0.  0.  0.  0. 32.  3.  8. 35.  0.  0.  0.  0.  0.  0.  0.  0.  0.
 17.  0. 10. 22.  1.  5.  6. 34.  0.  0.  0.  0.  0.  0.  0. 18.  0. 11.
  0.  4.  2.  7.  0.  0.  0.  0.  0.  0.  0.  0.  0.  0.  0. 12.  9. 33.
  0.  0.  0.  0.  0.  0.  0.  0.  0. 16. 15.  0.  0.  0.  0.  0.  0.  0.
  0.  0.  0.  0.  0.  0.  0.  0.  0. 13. 14.  0.  0.  0.  0.  0.  0.  0.
  0.  0.  0.  0.  0.  0.  0.  0.  0.  0.  0.  0.  0.  0.  0.  0.  0.  0.
  0.  0.  0.  0.  0.  0.  0.  0.  0.  0.  0.  0.  0.  0.  0.  0.  0.  0.
  0.  0.  0.  0.  0.  0.  0.  0.  0.]