[ 0.  0.  0.  0.  0.  0.  0.  0.  0.  0.  0.  0.  0.  0.  0.  0.  0.  0.
  0.  0.  0.  0.  0.  0.  0.  0.  0.  0.  0.  0.  0. 38. 41.  0. 43.  0.
  0.  0.  0.  0.  0.  0.  0.  0.  0.  0. 45. 37. 40.  0. 39.  0.  0.  0.
  0.  0.  0.  0.  0.  0.  0. 42.  0. 35. 36.  0. 29.  0.  0.  0.  0.  0.
  0.  0.  0.  0.  0.  0. 30. 31. 28.  0. 44. 47. 46.  0. 51.  0.  0.  0.
  0.  0.  0. 34.  0. 25.  0.  0.  0. 49. 50.  0.  0.  0.  0.  0.  0. 33.
 32. 22.  0. 12.  1.  0. 48. 52.  0.  0.  0.  0.  0.  0.  0.  0.  0. 21.
  7.  2.  4. 18.  6. 19.  0.  0.  0.  0.  0.  0.  0.  0. 10. 11.  8. 17.
  3.  0.  0.  0.  0.  0.  0.  0.  0.  0. 23. 24.  9. 13.  5. 14.  0.  0.
  0.  0.  0.  0.  0.  0.  0.  0.  0. 15.  0. 20.  0.  0.  0.  0.  0.  0.
  0.  0.  0.  0.  0. 26. 16. 27.  0.  0.  0.  0.  0.  0.  0.  0.  0.  0.
  0.  0.  0.  0.  0.  0.  0.  0.  0.  0.  0.  0.  0.  0.  0.  0.  0.  0.
  0.  0.  0.  0.  0.  0.  0.  0.  0.]