[ 0.  0.  0.  0.  0.  0.  0.  0.  0.  0.  0.  0.  0.  0.  0.  0.  0.  0.
  0.  0.  0.  0.  0.  0.  0.  0.  0.  0.  0.  0.  0.  0.  0.  0.  0.  0.
  0.  0.  0.  0.  0.  0.  0.  0.  0.  0.  0.  0.  0.  0.  0.  0.  0.  0.
  0.  0.  0.  0.  0.  0.  0.  0.  0.  0.  0.  0. 29.  0.  0. 23.  0.  0.
  0.  0.  0.  0.  0.  0.  0.  0.  0. 16.  0. 21. 22.  0.  0.  0.  0.  0.
  0.  0.  0.  0. 25.  0. 17. 12.  9. 20.  7.  0.  0.  0.  0.  0.  0.  0.
 27. 26. 24. 14.  1. 19.  6.  0.  0.  0.  0.  0.  0.  0.  0.  0.  0. 15.
 10. 13.  2. 18.  8.  0.  0.  0.  0.  0.  0.  0.  0.  0. 28.  0.  4.  0.
  3.  0.  0.  0.  0.  0.  0.  0.  0.  0.  0.  0.  5.  0. 11.  0.  0.  0.
  0.  0.  0.  0.  0.  0.  0.  0.  0.  0.  0.  0.  0.  0.  0.  0.  0.  0.
  0.  0.  0.  0.  0.  0.  0.  0.  0.  0.  0.  0.  0.  0.  0.  0.  0.  0.
  0.  0.  0.  0.  0.  0.  0.  0.  0.  0.  0.  0.  0.  0.  0.  0.  0.  0.
  0.  0.  0.  0.  0.  0.  0.  0.  0.]