[ 0.  0.  0.  0.  0.  0.  0.  0.  0.  0.  0.  0.  0.  0.  0.  0.  0.  0.
  0.  0.  0.  0.  0.  0.  0.  0.  0.  0.  0.  0.  0.  0.  0.  0.  0.  0.
  0.  0. 22.  0.  0.  0.  0.  0.  0.  0.  0.  0.  0.  0.  0.  0. 20.  0.
 19.  0.  0.  0.  0.  0.  0.  0.  0.  0.  0.  0. 11.  0. 21. 16.  0.  0.
  0.  0.  0.  0.  0.  0.  0.  0.  0. 10.  0.  3. 18. 17.  0.  0.  0.  0.
  0.  0.  0.  0.  0.  9.  8. 15.  0. 14. 26.  0.  0.  0.  0.  0.  0.  0.
  0.  0. 12.  0.  1.  4. 25.  0.  0.  0.  0.  0.  0.  0.  0.  0. 13.  0.
  6.  2.  7.  0. 35.  0.  0.  0.  0.  0.  0.  0.  0.  0. 24.  5. 23.  0.
 27. 28.  0.  0.  0.  0.  0.  0.  0.  0.  0.  0.  0. 32. 31.  0. 29.  0.
  0.  0.  0.  0.  0.  0.  0.  0.  0.  0.  0.  0. 33.  0. 30.  0.  0.  0.
  0.  0.  0.  0.  0.  0.  0.  0. 34.  0.  0.  0.  0.  0.  0.  0.  0.  0.
  0.  0.  0.  0.  0.  0.  0.  0.  0.  0.  0.  0.  0.  0.  0.  0.  0.  0.
  0.  0.  0.  0.  0.  0.  0.  0.  0.]