[ 0.  0.  0.  0.  0.  0.  0.  0.  0.  0.  0.  0.  0.  0.  0.  0.  0.  0.
  0.  0.  0.  0.  0.  0.  0.  0.  0.  0.  0.  0.  0.  0.  0.  0.  0.  0.
  0.  0.  0.  0.  0.  0.  0.  0.  0.  0.  0.  0.  0.  0.  0.  0.  0. 21.
 15.  0. 24.  0.  0.  0.  0.  0.  0.  0.  0.  0.  0.  0. 10. 16. 17. 25.
  0.  0.  0.  0.  0.  0.  0.  0.  0.  7.  4.  6. 23. 20. 22.  0.  0.  0.
  0.  0.  0.  0.  0.  0. 12.  3. 11.  9. 13. 14.  0.  0.  0.  0.  0.  0.
  0.  0. 30.  0.  1.  8. 36. 37. 28. 26.  0.  0.  0.  0.  0.  0. 31. 19.
 18.  2.  0.  0. 29. 34.  0. 27.  0.  0.  0.  0.  0.  0.  0.  0. 33.  5.
  0.  0. 35.  0.  0.  0.  0.  0.  0.  0.  0.  0.  0.  0. 32. 38.  0.  0.
  0.  0.  0.  0.  0.  0.  0.  0.  0.  0.  0.  0.  0.  0.  0.  0.  0.  0.
  0.  0.  0.  0.  0.  0.  0.  0.  0.  0.  0.  0.  0.  0.  0.  0.  0.  0.
  0.  0.  0.  0.  0.  0.  0.  0.  0.  0.  0.  0.  0.  0.  0.  0.  0.  0.
  0.  0.  0.  0.  0.  0.  0.  0.  0.]