[ 0.  0.  0.  0.  0.  0.  0.  0.  0.  0.  0.  0.  0.  0.  0.  0. 39.  0.
  0.  0.  0.  0.  0.  0.  0.  0.  0.  0.  0.  0.  0.  0. 38. 40.  0.  0.
  0.  0.  0.  0.  0.  0.  0.  0.  0.  0.  0.  0. 36. 31. 30. 28. 26.  0.
 33.  0.  0.  0.  0.  0.  0.  0.  0.  0. 32. 37. 29. 25. 12.  0.  0.  0.
  0.  0.  0.  0.  0.  0. 34. 27.  0. 24.  3. 13.  5. 14.  0.  0.  0.  0.
  0.  0. 35.  0.  0. 16.  0. 23.  8. 10. 11.  0.  0.  0.  0.  0.  0.  0.
  0.  0.  0.  6.  1. 15.  0. 22.  0.  0.  0.  0.  0.  0.  0.  0.  0.  0.
  7.  2.  4. 19.  0.  0.  0.  0.  0.  0.  0.  0.  0.  0.  0.  0.  0.  9.
 18. 17.  0.  0.  0.  0.  0.  0.  0.  0.  0.  0.  0.  0.  0.  0. 21. 20.
  0.  0.  0.  0.  0.  0.  0.  0.  0.  0.  0.  0.  0.  0.  0.  0.  0.  0.
  0.  0.  0.  0.  0.  0.  0.  0.  0.  0.  0.  0.  0.  0.  0.  0.  0.  0.
  0.  0.  0.  0.  0.  0.  0.  0.  0.  0.  0.  0.  0.  0.  0.  0.  0.  0.
  0.  0.  0.  0.  0.  0.  0.  0.  0.]