[ 0.  0.  0.  0.  0.  0.  0.  0.  0.  0.  0.  0.  0.  0.  0.  0.  0.  0.
  0.  0.  0.  0.  0.  0.  0.  0.  0.  0.  0.  0.  0.  0.  0.  0.  0.  0.
  0.  0.  0.  0.  0.  0.  0.  0.  0.  0.  0.  0.  0.  0.  0. 44.  0.  0.
  0. 40.  0.  0.  0.  0.  0.  0.  0.  0. 28.  0.  0.  0. 37. 41.  0.  0.
  0.  0.  0.  0.  0.  0. 29. 27. 24.  0.  0. 36.  0.  0.  0.  0.  0.  0.
  0.  0.  0. 26. 23. 25. 17. 12.  6. 14.  0. 21.  0.  0.  0.  0.  0.  0.
  0. 43. 16. 15.  1.  7.  5.  8. 22.  0. 38.  0.  0.  0.  0.  0.  0. 42.
  0.  2.  4.  9. 19. 11. 20.  0.  0.  0.  0.  0.  0. 32. 33. 30.  0.  0.
  3. 18. 39.  0.  0.  0.  0.  0.  0.  0.  0. 31.  0. 34.  0. 10.  0. 13.
  0.  0.  0.  0.  0.  0.  0.  0.  0.  0.  0. 35.  0.  0.  0.  0.  0.  0.
  0.  0.  0.  0.  0.  0.  0.  0.  0.  0.  0.  0.  0.  0.  0.  0.  0.  0.
  0.  0.  0.  0.  0.  0.  0.  0.  0.  0.  0.  0.  0.  0.  0.  0.  0.  0.
  0.  0.  0.  0.  0.  0.  0.  0.  0.]