[ 0.  0.  0.  0.  0.  0.  0.  0.  0.  0.  0.  0.  0.  0.  0.  0.  0.  0.
  0.  0.  0.  0.  0.  0.  0.  0.  0.  0.  0.  0.  0.  0.  0.  0.  0.  0.
  0. 17.  0.  0.  0.  0.  0.  0.  0.  0.  0.  0.  0.  0.  0.  0. 14. 23.
  0.  0.  0.  0.  0.  0.  0.  0.  0.  0.  0.  0. 11. 16.  0.  0.  0.  0.
  0.  0.  0.  0.  0.  0.  0. 20. 13. 12. 10.  0.  0.  0.  0.  0.  0.  0.
  0.  0.  0.  0. 15. 18.  3.  0.  8.  0.  7.  0.  0.  0.  0.  0.  0.  0.
  0. 19. 22. 21.  1.  9.  6.  0.  0. 52.  0.  0.  0.  0.  0.  0.  0. 24.
 25.  4.  2.  5. 55.  0. 53. 49.  0.  0.  0.  0.  0. 33. 29. 34. 31.  0.
  0. 37. 39. 48.  0.  0.  0.  0.  0.  0. 32. 27. 26. 40.  0. 47. 54. 38.
 50.  0.  0.  0.  0.  0.  0.  0. 30. 35. 28. 43.  0. 44.  0.  0.  0.  0.
  0.  0.  0.  0.  0.  0. 41. 36. 46. 42. 51.  0.  0.  0.  0.  0.  0.  0.
  0.  0.  0.  0.  0. 45.  0.  0.  0.  0.  0.  0.  0.  0.  0.  0.  0.  0.
  0.  0.  0.  0.  0.  0.  0.  0.  0.]