[ 0.  0.  0.  0.  0.  0.  0.  0.  0.  0.  0.  0.  0.  0.  0.  0.  0.  0.
  0.  0.  0.  0.  0.  0.  0.  0.  0.  0.  0.  0.  0.  0.  0.  0.  0.  0.
  0.  0.  0.  0.  0.  0.  0.  0.  0.  0.  0.  0.  0.  0.  0.  0.  0.  0.
  0.  0.  0.  0.  0.  0.  0.  0.  0.  0.  0.  0.  0.  0.  0.  0.  0.  0.
  0.  0.  0.  0.  0.  0.  0.  0.  0.  0.  0.  0.  0.  0.  0.  0.  0.  0.
  0.  0.  0.  0.  0.  0.  0.  0.  0.  0.  0.  0.  0.  0.  0.  0.  0.  0.
  0.  0. 10.  0.  1.  0.  4. 21.  0.  0.  0.  0.  0.  0.  0.  0.  0.  0.
  9.  8.  2. 18. 12. 19.  0.  0.  0.  0.  0.  0.  0.  0.  0.  0.  5.  6.
  3.  0.  0.  0.  0.  0.  0.  0.  0.  0.  0.  0.  0. 20.  7.  0.  0.  0.
  0.  0.  0.  0.  0.  0.  0.  0.  0. 16. 11. 15. 13.  0.  0.  0.  0.  0.
  0.  0.  0.  0.  0. 22.  0.  0.  0. 17. 14.  0.  0.  0.  0.  0.  0.  0.
  0.  0.  0.  0.  0.  0.  0.  0.  0.  0.  0.  0.  0.  0.  0.  0.  0.  0.
  0.  0.  0.  0.  0.  0.  0.  0.  0.]