[ 0.  0.  0.  0.  0.  0. 61.  0.  0.  0.  0.  0.  0.  0.  0.  0.  0.  0.
  0.  0.  0.  0. 60.  0.  0. 58.  0.  0.  0.  0.  0.  0. 69.  0.  0.  0.
 67.  0. 54. 57.  0.  0.  0.  0.  0.  0.  0.  0. 68.  0. 64.  0.  0. 43.
 44.  0.  0.  0.  0.  0.  0.  0.  0.  0. 66. 65.  0. 47. 28. 42. 46. 51.
  0.  0.  0.  0.  0.  0. 70.  0. 34. 33. 27. 50. 45. 49. 59.  0.  0. 63.
  0.  0. 73. 71. 31. 30.  0.  8.  0.  0. 35. 40.  0. 62.  0. 76. 72. 78.
 74. 14. 75.  9.  1.  5. 10.  0. 37. 48.  0.  0.  0. 77. 29. 32. 25. 13.
  6.  2.  4.  7. 38. 52. 55.  0.  0.  0.  0.  0.  0. 22. 15. 16. 11.  0.
  3. 12. 39.  0. 56.  0.  0.  0.  0.  0.  0. 17. 26. 20. 23. 53.  0.  0.
  0.  0.  0.  0.  0.  0.  0.  0. 18. 19. 21.  0. 36. 41.  0.  0.  0.  0.
  0.  0.  0.  0.  0.  0. 24.  0.  0.  0.  0.  0.  0.  0.  0.  0.  0.  0.
  0.  0.  0.  0.  0.  0.  0.  0.  0.  0.  0.  0.  0.  0.  0.  0.  0.  0.
  0.  0.  0.  0.  0.  0.  0.  0.  0.]