[ 0.  0.  0.  0.  0.  0.  0.  0.  0.  0.  0.  0.  0.  0.  0.  0.  0.  0.
  0.  0.  0.  0.  0.  0.  0.  0.  0.  0.  0.  0.  0.  0.  0.  0.  0.  0.
  0.  0.  0.  0.  0.  0.  0.  0.  0.  0.  0.  0.  0.  0.  0.  0.  0.  0.
  0.  0.  0.  0.  0.  0.  0.  0.  0.  0.  0. 15.  0.  0.  0.  0.  0.  0.
  0.  0.  0.  0.  0.  0.  0.  0.  0. 14.  0.  0.  0.  0.  0.  0.  0.  0.
  0.  0.  0.  0.  0.  0.  0. 10.  9.  3.  8.  0.  0.  0.  0.  0.  0.  0.
  0.  0.  0.  0.  1. 12.  5. 11. 21.  0.  0.  0.  0.  0.  0.  0.  0.  0.
  4.  2.  7.  6. 19. 16.  0.  0.  0.  0.  0.  0.  0.  0.  0.  0. 26.  0.
 17. 13. 20.  0.  0.  0.  0.  0.  0.  0.  0.  0.  0.  0. 22. 23. 18.  0.
  0.  0.  0.  0.  0.  0.  0.  0.  0.  0.  0.  0. 24.  0.  0.  0.  0.  0.
  0.  0.  0.  0.  0.  0.  0.  0. 25.  0.  0.  0.  0.  0.  0.  0.  0.  0.
  0.  0.  0.  0.  0.  0.  0.  0.  0.  0.  0.  0.  0.  0.  0.  0.  0.  0.
  0.  0.  0.  0.  0.  0.  0.  0.  0.]