[ 0.  0.  0.  0.  0.  0. 59.  0.  0.  0.  0.  0.  0.  0.  0.  0.  0.  0.
  0. 62. 65. 64. 58. 60.  0.  0.  0.  0.  0.  0.  0.  0.  0.  0. 39. 36.
 38. 24. 42. 43.  0.  0.  0.  0.  0.  0.  0.  0.  0. 57.  0. 56.  0. 17.
 18. 51.  0. 50.  0.  0.  0.  0. 45.  0.  0. 61. 66. 63.  0. 23. 22. 49.
  0.  0.  0. 54. 55. 46. 44. 34. 53.  0. 15. 16.  3. 21. 25. 52. 30.  0.
  0.  0.  0. 35. 40. 37. 13. 12. 10. 31. 19. 48. 47. 29.  0.  0.  0.  0.
  0. 41. 14.  0.  1. 11.  6.  0. 20. 26. 27.  0.  0.  0.  0.  0.  0.  9.
  4. 32.  2.  5.  0.  0.  0.  0.  0.  0.  0.  0.  0.  0.  0.  0.  7.  8.
  0. 28.  0.  0.  0.  0.  0.  0.  0.  0.  0.  0.  0.  0.  0. 33.  0.  0.
  0.  0.  0.  0.  0.  0.  0.  0.  0.  0.  0.  0.  0.  0.  0.  0.  0.  0.
  0.  0.  0.  0.  0.  0.  0.  0.  0.  0.  0.  0.  0.  0.  0.  0.  0.  0.
  0.  0.  0.  0.  0.  0.  0.  0.  0.  0.  0.  0.  0.  0.  0.  0.  0.  0.
  0.  0.  0.  0.  0.  0.  0.  0.  0.]