[ 0.  0.  0.  0.  0.  0.  0.  0.  0.  0.  0.  0.  0.  0.  0.  0.  0.  0.
  0.  0.  0.  0.  0.  0.  0.  0.  0.  0.  0.  0.  0.  0.  0.  0.  0.  0.
  0.  0.  0.  0.  0.  0.  0.  0.  0.  0.  0.  0.  0.  0.  0.  0.  0.  0.
  0.  0.  0.  0.  0.  0.  0.  0.  0.  0.  0.  0. 17. 18.  0.  0.  0.  0.
  0.  0.  0.  0.  0.  0. 24.  0. 22. 28.  4. 13. 12.  0.  0.  0.  0.  0.
  0.  0.  0.  0. 21.  0.  6.  3.  0. 11. 15.  0.  0.  0.  0.  0.  0.  0.
 19. 20.  7.  9.  1.  8. 16. 14.  0.  0.  0.  0.  0.  0.  0.  0.  0. 10.
 23.  2.  5.  0.  0.  0.  0.  0.  0.  0.  0.  0.  0.  0. 27.  0. 25.  0.
  0.  0.  0.  0.  0.  0.  0.  0.  0.  0.  0.  0.  0.  0. 26.  0.  0.  0.
  0.  0.  0.  0.  0.  0.  0.  0.  0.  0.  0.  0.  0.  0.  0.  0.  0.  0.
  0.  0.  0.  0.  0.  0.  0.  0.  0.  0.  0.  0.  0.  0.  0.  0.  0.  0.
  0.  0.  0.  0.  0.  0.  0.  0.  0.  0.  0.  0.  0.  0.  0.  0.  0.  0.
  0.  0.  0.  0.  0.  0.  0.  0.  0.]