[ 0.  0.  0.  0.  0.  0.  0.  0.  0.  0.  0.  0.  0.  0.  0.  0.  0.  0.
  0.  0.  0.  0.  0.  0.  0.  0.  0.  0.  0.  0.  0.  0.  0.  0.  0.  0.
  0.  0.  0.  0.  0. 37.  0.  0.  0.  0.  0.  0.  0.  0.  0.  0.  0. 33.
 31.  0.  0.  0.  0.  0.  0.  0.  0.  0.  0.  0.  0. 29. 24. 26.  0. 36.
 21.  0.  0.  0.  0.  0.  0.  0.  0. 14.  0. 17.  0. 32. 20. 38.  0. 39.
  0.  0.  0.  0.  0. 13.  0. 34. 35. 30. 18. 22. 23. 40.  0.  0.  0.  0.
  0.  0. 16. 25.  1.  5.  8. 19. 27.  0.  0.  0.  0.  0.  0.  0.  0. 11.
  6.  2.  4.  7. 28.  0.  0.  0.  0.  0.  0.  0.  0.  0.  0. 12.  9.  0.
  3. 10.  0.  0.  0.  0.  0.  0.  0.  0.  0.  0. 15.  0.  0.  0.  0.  0.
  0.  0.  0.  0.  0.  0.  0.  0.  0.  0.  0.  0.  0.  0.  0.  0.  0.  0.
  0.  0.  0.  0.  0.  0.  0.  0.  0.  0.  0.  0.  0.  0.  0.  0.  0.  0.
  0.  0.  0.  0.  0.  0.  0.  0.  0.  0.  0.  0.  0.  0.  0.  0.  0.  0.
  0.  0.  0.  0.  0.  0.  0.  0.  0.]