[ 0.  0.  0.  0.  0.  0.  0.  0.  0.  0.  0.  0.  0.  0.  0.  0.  0.  0.
  0.  0.  0.  0.  0.  0.  0.  0.  0.  0.  0.  0.  0.  0.  0.  0.  0.  0.
  0.  0.  0.  0.  0.  0.  0.  0.  0.  0.  0.  0.  0.  0.  0.  0.  0.  0.
  0.  0.  0.  0.  0.  0.  0.  0.  0.  0.  0.  0.  0.  0.  0.  0.  0.  0.
  0.  0.  0.  0.  0.  0.  0.  0.  0.  0. 13.  0.  0.  0.  0.  0.  0.  0.
  0.  0.  0.  0.  0.  0.  0.  0. 12.  0. 15.  0.  0.  0.  0.  0.  0.  0.
  0.  0.  0.  0.  1.  0. 10. 24.  0.  0. 20.  0.  0.  0.  0.  0.  0.  0.
  0.  4.  2.  9.  8.  0. 21.  0.  0.  0.  0.  0.  0.  0.  0.  5.  0.  6.
  3.  0. 16.  0.  0.  0.  0.  0.  0.  0.  0.  0.  0.  0.  7. 11. 14.  0.
 17.  0.  0.  0.  0.  0.  0.  0.  0.  0.  0.  0. 18. 22.  0.  0.  0.  0.
  0.  0.  0.  0.  0.  0.  0.  0. 19.  0. 23.  0.  0.  0.  0.  0.  0.  0.
  0.  0.  0.  0.  0.  0.  0.  0.  0.  0.  0.  0.  0.  0.  0.  0.  0.  0.
  0.  0.  0.  0.  0.  0.  0.  0.  0.]