[ 0.  0.  0.  0.  0.  0.  0.  0.  0.  0.  0.  0.  0.  0.  0.  0.  0.  0.
  0.  0.  0.  0.  0.  0.  0.  0.  0.  0.  0.  0.  0.  0.  0.  0.  0.  0.
  0.  0.  0.  0.  0.  0.  0.  0.  0.  0.  0.  0.  0. 25.  0. 20.  0. 42.
  0.  0.  0.  0.  0.  0.  0.  0.  0.  0.  0. 22. 21. 19. 41. 43. 44.  0.
  0.  0.  0.  0.  0.  0.  0. 23.  0. 24.  7. 15. 16. 18. 27.  0.  0.  0.
  0.  0.  0.  0. 26.  0.  2.  8.  9. 17.  0. 28.  0.  0.  0.  0.  0. 39.
  0.  0.  0.  3.  1.  5.  6. 29.  0.  0.  0.  0.  0.  0.  0. 36. 37.  4.
 12. 13. 10.  0.  0. 30.  0.  0.  0.  0.  0.  0.  0. 38.  0.  0. 11. 14.
  0. 31.  0.  0.  0.  0.  0.  0.  0.  0.  0. 32. 47. 33. 51.  0.  0.  0.
  0.  0.  0.  0.  0.  0.  0.  0. 35. 48. 34. 50. 52.  0.  0.  0.  0.  0.
  0.  0.  0.  0.  0.  0. 45. 49. 40.  0.  0.  0.  0.  0.  0.  0.  0.  0.
  0.  0.  0.  0.  0.  0. 46.  0.  0.  0.  0.  0.  0.  0.  0.  0.  0.  0.
  0.  0.  0.  0.  0.  0.  0.  0.  0.]