[ 0.  0.  0.  0.  0.  0.  0.  0.  0.  0.  0.  0.  0.  0.  0.  0.  0.  0.
  0.  0.  0.  0.  0.  0.  0.  0.  0.  0.  0.  0.  0.  0.  0.  0.  0.  0.
 55. 56. 47. 53.  0.  0.  0.  0.  0.  0.  0.  0. 75. 72. 68. 52.  0.  0.
 46. 43.  0. 48.  0.  0.  0. 70.  0. 71. 73. 57. 74. 25. 12. 42. 44. 45.
  0.  0.  0.  0.  0. 67. 64.  0. 76. 10. 11.  0. 50. 41.  0. 54.  0.  0.
  0.  0.  0. 69.  0. 58.  3. 26.  8. 51.  7. 40. 49.  0.  0.  0.  0.  0.
  0. 59. 65. 66.  1.  9.  6.  0.  0.  0.  0.  0.  0.  0. 63. 24. 16. 17.
  0.  2.  4.  5.  0.  0.  0.  0.  0.  0.  0.  0. 60. 23. 15. 18.  0. 13.
 38. 14. 33.  0.  0.  0.  0.  0.  0. 61. 22. 19. 21.  0. 30.  0. 34. 37.
  0.  0.  0.  0.  0. 62.  0. 77. 20. 28. 29.  0.  0.  0. 36.  0.  0.  0.
  0.  0.  0.  0.  0.  0. 27.  0. 31.  0. 35.  0. 39.  0.  0.  0.  0.  0.
  0.  0.  0.  0.  0.  0. 32.  0.  0.  0.  0.  0.  0.  0.  0.  0.  0.  0.
  0.  0.  0.  0.  0.  0.  0.  0.  0.]