[ 0.  0.  0.  0.  0.  0.  0.  0.  0.  0.  0.  0.  0.  0.  0.  0.  0.  0.
  0.  0.  0.  0.  0. 37. 24. 36.  0. 32. 33.  0.  0.  0.  0.  0.  0.  0.
 26. 21. 19. 25. 28. 27. 34.  0.  0. 55.  0.  0. 47.  0. 18. 22. 23. 20.
 16. 29. 31. 35.  0.  0.  0. 54.  0. 44. 39. 43. 17. 10. 15.  0.  0. 30.
  0.  0.  0.  0. 53. 52. 38. 42. 14.  7. 11.  9. 12.  0.  0.  0.  0.  0.
  0.  0.  0. 46. 41. 45. 13.  4.  5.  0.  0.  0.  0.  0.  0.  0.  0. 51.
 48. 50. 40.  8.  1.  2.  0.  0.  0.  0.  0.  0.  0.  0.  0. 49.  0. 56.
  6.  3.  0.  0.  0.  0.  0.  0.  0.  0.  0.  0.  0.  0.  0.  0.  0.  0.
  0.  0.  0.  0.  0.  0.  0.  0.  0.  0.  0.  0.  0.  0.  0.  0.  0.  0.
  0.  0.  0.  0.  0.  0.  0.  0.  0.  0.  0.  0.  0.  0.  0.  0.  0.  0.
  0.  0.  0.  0.  0.  0.  0.  0.  0.  0.  0.  0.  0.  0.  0.  0.  0.  0.
  0.  0.  0.  0.  0.  0.  0.  0.  0.  0.  0.  0.  0.  0.  0.  0.  0.  0.
  0.  0.  0.  0.  0.  0.  0.  0.  0.]