[ 0.  0.  0.  0.  0.  0.  0.  0.  0.  0.  0.  0.  0.  0.  0.  0.  0.  0.
  0.  0.  0.  0.  0.  0.  0.  0.  0.  0.  0.  0.  0.  0.  0.  0.  0.  0.
  0.  0.  0.  0.  0.  0.  0.  0.  0.  0.  0.  0.  0.  0.  0.  0.  0.  0.
  0.  0.  0.  0.  0.  0.  0.  0.  0.  0.  0.  0.  0.  0.  0.  0.  0.  0.
  0.  0.  0.  0.  0.  0.  0.  0.  0.  0.  0.  0.  0.  0.  0.  0.  0.  0.
  0.  0.  0.  0.  0. 21.  0.  0. 13.  0.  0.  0.  0.  0.  0.  0.  0.  0.
  0.  0.  0. 20.  1.  4.  8.  0. 11.  0.  0.  0.  0.  0.  0.  0.  0.  0.
  0.  2.  3.  9. 10.  0.  0.  0.  0.  0.  0.  0.  0.  0.  0.  5.  7. 14.
  6. 15. 12.  0.  0.  0.  0.  0.  0.  0.  0.  0.  0.  0.  0. 18. 23. 22.
 16.  0.  0.  0.  0.  0.  0.  0.  0.  0.  0.  0. 28. 19. 24.  0. 17.  0.
  0.  0.  0.  0.  0.  0.  0.  0.  0.  0. 27. 25.  0.  0.  0.  0.  0.  0.
  0.  0.  0.  0.  0.  0. 26. 29.  0.  0.  0.  0.  0.  0.  0.  0.  0.  0.
  0.  0.  0.  0.  0.  0.  0.  0.  0.]