[ 0.  0.  0.  0.  0.  0.  0.  0.  0.  0.  0.  0.  0.  0.  0.  0.  0.  0.
  0.  0.  0.  0.  0.  0.  0.  0.  0.  0.  0.  0.  0.  0.  0.  0.  0.  0.
  0.  0.  0.  0.  0.  0.  0.  0.  0.  0.  0.  0.  0. 42.  0. 31.  0.  0.
  0.  0.  0.  0.  0.  0.  0.  0.  0. 57.  0. 38. 61.  0.  0.  0. 34.  0.
  0.  0.  0.  0.  0. 36.  0. 37. 32. 30. 22.  0. 33.  0.  0.  0. 52.  0.
  0.  0. 59. 35. 60. 25. 28.  3. 23. 24. 50. 48. 51.  0.  0.  0.  0.  0.
 58. 27. 29. 12.  1.  0. 43. 46. 45. 53.  0.  0.  0.  0.  0.  0. 26. 21.
  7.  0.  2. 49. 15. 55. 47. 56.  0.  0.  0.  0.  0.  0. 10. 11.  4.  6.
 39. 14.  0. 54.  0.  0.  0.  0.  0.  0.  0. 20.  5. 16.  8. 13.  0.  0.
  0.  0.  0.  0.  0.  0.  0.  0.  0. 17.  0.  9. 44.  0.  0.  0.  0.  0.
  0.  0.  0.  0.  0.  0. 18. 19.  0.  0. 40.  0.  0.  0.  0.  0.  0.  0.
  0.  0.  0.  0.  0.  0.  0.  0. 41.  0.  0.  0.  0.  0.  0.  0.  0.  0.
  0.  0.  0.  0.  0.  0.  0.  0.  0.]