[ 0.  0.  0.  0.  0.  0.  0.  0.  0.  0.  0.  0.  0.  0.  0.  0.  0.  0.
  0.  0.  0.  0.  0.  0.  0.  0.  0.  0.  0.  0.  0.  0.  0.  0.  0.  0.
  0.  0.  0.  0.  0.  0.  0.  0.  0.  0.  0.  0.  0.  0.  0.  0.  0.  0.
  0.  0.  0.  0.  0.  0.  0.  0.  0.  0.  0.  0.  0.  0.  0.  0.  0.  0.
  0.  0.  0.  0.  0.  0.  0.  0.  8.  0.  0.  0.  0.  0.  0.  0.  0.  0.
  0.  0.  0.  0.  0.  0.  7. 10.  0.  0.  0.  0.  0.  0.  0.  0.  0.  0.
  0.  0.  0. 20.  1.  2.  0.  0.  0.  0.  0.  0.  0.  0.  0.  0.  0.  5.
 19.  4.  3. 13.  0.  0.  0.  0.  0.  0.  0.  0.  0.  0. 14.  9. 17. 11.
 23. 12.  0.  0.  0.  0.  0.  0.  0.  0.  0.  0. 15. 16. 21.  6.  0.  0.
  0.  0.  0.  0.  0.  0.  0.  0. 18.  0.  0.  0. 22.  0.  0.  0.  0.  0.
  0.  0.  0.  0.  0.  0.  0.  0.  0.  0.  0.  0.  0.  0.  0.  0.  0.  0.
  0.  0.  0.  0.  0.  0.  0.  0.  0.  0.  0.  0.  0.  0.  0.  0.  0.  0.
  0.  0.  0.  0.  0.  0.  0.  0.  0.]