[ 0.  0.  0.  0.  0.  0.  0.  0.  0.  0.  0.  0.  0.  0.  0.  0.  0.  0.
  0.  0.  0.  0.  0.  0.  0.  0.  0.  0.  0.  0.  0.  0.  0.  0.  0.  0.
  0.  0.  0.  0.  0.  0.  0.  0.  0.  0.  0.  0.  0.  0.  0.  0.  0.  0.
  0.  0.  0.  0.  0.  0.  0.  0.  0.  0.  0.  0.  0.  0.  0.  0.  0.  0.
  0.  0.  0.  0.  0.  0.  0.  0.  0.  0.  0. 13.  0.  0. 31.  0.  0.  0.
  0.  0.  0.  0.  0.  7.  0.  0.  6.  8. 11. 20. 29.  0.  0.  0.  0.  0.
  0.  0.  0.  4.  1.  9.  3. 10. 30. 22.  0. 36.  0.  0.  0.  0.  0.  0.
  5.  2. 14. 18. 19. 12.  0.  0.  0.  0.  0.  0.  0.  0.  0.  0.  0. 21.
 34. 32. 16. 24. 35. 33.  0.  0.  0.  0.  0.  0.  0. 28. 27. 15. 23. 17.
 26. 25.  0.  0.  0.  0.  0.  0.  0.  0.  0.  0.  0.  0.  0.  0.  0.  0.
  0.  0.  0.  0.  0.  0.  0.  0.  0.  0.  0.  0.  0.  0.  0.  0.  0.  0.
  0.  0.  0.  0.  0.  0.  0.  0.  0.  0.  0.  0.  0.  0.  0.  0.  0.  0.
  0.  0.  0.  0.  0.  0.  0.  0.  0.]