[ 0.  0.  0.  0.  0.  0.  0.  0.  0.  0.  0.  0.  0.  0.  0.  0.  0.  0.
  0.  0.  0.  0.  0.  0.  0.  0.  0.  0.  0.  0.  0.  0.  0.  0.  0. 31.
 16. 30.  0.  0.  0.  0.  0.  0.  0.  0.  0.  0.  0.  0. 12. 15. 36. 21.
  0.  0.  0.  0.  0.  0.  0.  0.  0.  0.  0.  8. 11. 22. 20. 19.  0.  0.
  0.  0.  0.  0.  0.  0. 17.  0.  6.  9. 37. 18. 23.  0.  0.  0.  0.  0.
  0.  0.  0. 10.  0. 13.  3.  2. 27. 24.  0.  0.  0.  0.  0.  0.  0.  0.
  0.  5.  0.  4.  1.  0.  0. 29. 35.  0.  0.  0.  0.  0.  0. 14.  0.  7.
 28.  0. 26.  0.  0.  0.  0.  0.  0.  0.  0.  0.  0.  0. 25.  0. 38.  0.
  0.  0.  0.  0.  0.  0.  0.  0.  0.  0.  0. 32.  0.  0. 34.  0.  0.  0.
  0.  0.  0.  0.  0.  0.  0.  0.  0. 33.  0.  0.  0.  0.  0.  0.  0.  0.
  0.  0.  0.  0.  0.  0.  0.  0.  0.  0.  0.  0.  0.  0.  0.  0.  0.  0.
  0.  0.  0.  0.  0.  0.  0.  0.  0.  0.  0.  0.  0.  0.  0.  0.  0.  0.
  0.  0.  0.  0.  0.  0.  0.  0.  0.]