[ 0.  0.  0.  0.  0.  0.  0.  0.  0.  0.  0.  0.  0.  0.  0.  0.  0.  0.
  0.  0.  0.  0.  0.  0.  0.  0.  0.  0.  0.  0.  0.  0.  0.  0.  0.  0.
  0.  0.  0.  0.  0.  0.  0.  0.  0.  0.  0.  0.  0.  0.  0.  0.  0.  0.
  0.  0.  0.  0.  0.  0.  0.  0.  0.  0.  0.  0.  0.  0.  0.  0.  0.  0.
  0.  0.  0.  0.  0.  0.  0.  0.  0.  0.  0.  0.  0.  0.  0.  0.  0.  0.
  0.  0.  0.  0. 14. 26.  0.  0.  8.  5.  0.  0.  0.  0.  0.  0.  0.  0.
 28. 27. 13.  0.  1.  0.  6. 12. 16. 17.  0.  0.  0.  0.  0. 24. 30.  0.
  7.  2.  4.  0. 11.  0.  0.  0.  0.  0.  0.  0.  0. 23. 18. 10.  9.  3.
  0.  0.  0.  0.  0.  0.  0.  0. 39.  0. 29. 15. 35. 20.  0.  0.  0.  0.
  0.  0.  0.  0.  0. 38. 37. 25. 33. 19. 34. 21. 22.  0.  0.  0.  0.  0.
  0.  0.  0.  0. 31.  0.  0.  0.  0.  0.  0.  0.  0.  0.  0.  0.  0.  0.
 36. 32.  0.  0.  0.  0.  0.  0.  0.  0.  0.  0.  0.  0.  0.  0.  0.  0.
  0.  0.  0.  0.  0.  0.  0.  0.  0.]