[ 0.  0.  0.  0.  0.  0.  0.  0.  0.  0.  0.  0.  0.  0.  0.  0.  0.  0.
  0.  0.  0.  0.  0.  0.  0.  0.  0.  0.  0.  0.  0.  0.  0.  0.  0.  0.
  0.  0.  0.  0.  0.  0.  0.  0.  0.  0.  0.  0.  0.  0.  0.  0.  0.  0.
  0.  0.  0.  0.  0.  0.  0.  0.  0.  0.  0.  0.  0. 31. 29.  0.  0.  0.
  0.  0.  0.  0.  0.  0. 25. 27. 24.  0.  0.  0. 30.  0.  0.  0.  0.  0.
  0.  0.  0.  0. 26. 33.  3.  0.  6. 11.  0.  0.  0.  0.  0.  0.  0.  0.
 21. 22.  7.  0.  1.  8. 13.  0.  0.  0.  0.  0. 45. 42. 44. 28. 20. 17.
  5.  4.  2.  0.  0.  0.  0.  0.  0.  0.  0. 32. 19. 14. 18. 10. 12.  9.
  0.  0.  0.  0.  0.  0.  0. 39.  0.  0. 23. 15. 37. 16.  0.  0.  0.  0.
  0.  0.  0. 38.  0. 46. 41. 40. 36.  0. 34.  0.  0.  0.  0.  0.  0.  0.
  0.  0.  0.  0.  0. 43.  0. 35.  0.  0.  0.  0.  0.  0.  0.  0.  0.  0.
  0.  0.  0.  0.  0.  0.  0.  0.  0.  0.  0.  0.  0.  0.  0.  0.  0.  0.
  0.  0.  0.  0.  0.  0.  0.  0.  0.]