[ 0.  0.  0.  0.  0.  0.  0.  0.  0.  0.  0.  0.  0.  0.  0.  0.  0.  0.
  0.  0. 46. 51.  0.  0.  0.  0.  0.  0.  0.  0.  0.  0.  0.  0. 42. 45.
  0.  0.  0. 63.  0.  0.  0.  0.  0.  0.  0.  0. 49.  0. 41. 36. 38. 60.
 61. 50. 67.  0.  0.  0.  0.  0.  0.  0. 44. 39. 37. 48. 47. 43.  0. 62.
 68.  0.  0.  0.  0.  0.  0.  0. 40. 20. 35. 22. 34.  0.  0.  0.  0.  0.
  0.  0.  0.  0. 29. 27. 30. 19. 25. 26. 11. 58.  0.  0.  0.  0.  0.  0.
  0. 18. 17. 13.  1.  5.  8. 31.  0.  0.  0.  0.  0.  0.  0.  0.  0. 21.
  6.  2.  4.  7. 32. 59.  0.  0.  0.  0.  0.  0.  0. 24. 28. 33. 16. 55.
  3.  9. 56. 66.  0.  0.  0.  0.  0.  0.  0.  0. 23. 69. 14. 12. 15. 10.
 54.  0.  0.  0.  0.  0.  0.  0.  0. 70.  0.  0. 53.  0. 64.  0. 57.  0.
  0.  0.  0.  0.  0.  0.  0.  0.  0.  0. 52.  0.  0.  0.  0.  0.  0.  0.
  0.  0.  0.  0.  0.  0. 65.  0.  0.  0.  0.  0.  0.  0.  0.  0.  0.  0.
  0.  0.  0.  0.  0.  0.  0.  0.  0.]