[ 0.  0.  0.  0.  0.  0.  0.  0.  0.  0.  0.  0.  0.  0.  0.  0.  0.  0.
  0.  0.  0.  0.  0.  0.  0.  0.  0.  0.  0.  0.  0.  0.  0.  0.  0.  0.
  0.  0.  0.  0.  0.  0.  0.  0.  0.  0.  0.  0.  0.  0.  0.  0.  0.  0.
  0.  0.  0.  0.  0.  0.  0.  0.  0.  0.  0.  0.  0.  0.  0.  0. 12.  0.
  0.  0.  0.  0.  0.  0.  0.  0.  0.  0.  0.  0. 11.  0.  0.  0.  0.  0.
  0.  0.  0.  0.  0.  0.  0.  0.  9.  0.  0.  0.  0.  0.  0.  0.  0.  0.
  0.  0.  0.  4.  1. 14.  0.  0.  0.  0.  0.  0.  0.  0.  0.  0.  0.  0.
  3.  2. 13.  8.  0.  0.  0.  0.  0.  0.  0.  0.  0.  0. 10. 19. 20.  7.
 15. 17. 18.  0.  0.  0.  0.  0.  0.  0.  0.  0.  6.  5. 26.  0. 16.  0.
  0.  0.  0.  0.  0.  0.  0.  0.  0.  0. 23. 21. 24.  0.  0.  0.  0.  0.
  0.  0.  0.  0.  0.  0.  0.  0. 25. 22.  0.  0.  0.  0.  0.  0.  0.  0.
  0.  0.  0.  0.  0.  0.  0.  0.  0.  0.  0.  0.  0.  0.  0.  0.  0.  0.
  0.  0.  0.  0.  0.  0.  0.  0.  0.]