[ 0.  0.  0.  0.  0.  0.  0.  0.  0.  0.  0.  0.  0.  0.  0.  0.  0.  0.
  0.  0.  0.  0.  0.  0.  0.  0.  0.  0.  0.  0.  0.  0.  0.  0.  0.  0.
  0.  0.  0.  0.  0.  0.  0.  0.  0.  0.  0.  0.  0.  0.  0.  0.  0.  0.
  0.  0.  0.  0.  0.  0.  0.  0.  0.  0.  0.  0.  0.  0.  0.  0.  0.  0.
  0.  0.  0.  0.  0.  0.  0.  0.  0. 20.  0.  0. 18. 25.  0.  0.  0.  0.
  0.  0.  0.  0.  0.  0.  0. 19.  0. 17.  0.  0.  0.  0.  0.  0.  0.  0.
  0.  0.  0.  0.  1.  9.  5. 10.  0.  0.  0.  0.  0.  0.  0.  0.  0.  0.
  0. 21.  2.  7.  6.  0.  0.  0.  0.  0.  0.  0.  0.  0.  0. 23. 22. 16.
  3. 11.  0.  0.  0.  0.  0.  0.  0.  0.  0. 24.  0. 15. 14.  8.  4. 12.
 13.  0.  0.  0.  0.  0.  0.  0.  0.  0.  0.  0.  0.  0.  0.  0.  0.  0.
  0.  0.  0.  0.  0.  0.  0.  0.  0.  0.  0.  0.  0.  0.  0.  0.  0.  0.
  0.  0.  0.  0.  0.  0.  0.  0.  0.  0.  0.  0.  0.  0.  0.  0.  0.  0.
  0.  0.  0.  0.  0.  0.  0.  0.  0.]