[ 0.  0.  0.  0.  0.  0.  0.  0.  0.  0.  0.  0.  0.  0.  0.  0.  0.  0.
  0.  0.  0.  0.  0.  0.  0.  0.  0.  0.  0.  0.  0.  0.  0.  0.  0.  0.
  0.  0.  0.  0.  0.  0.  0.  0.  0.  0.  0.  0.  0.  0.  0.  0.  0.  0.
  0.  0.  0.  0.  0.  0.  0.  0.  0.  0.  0. 18.  0.  0. 28.  0.  0.  0.
  0.  0.  0.  0.  0.  0.  0.  0.  0. 17. 21. 22. 19.  0.  0.  0.  0.  0.
  0.  0.  0.  0.  0.  0.  8. 11. 20.  0. 27.  0.  0.  0.  0.  0.  0.  0.
  0.  0. 10.  5.  1.  3.  4. 32.  0.  0.  0.  0.  0.  0.  0.  0.  0. 12.
  7.  2.  6. 30. 31.  0.  0.  0.  0.  0.  0.  0.  0.  0. 13. 15.  9. 16.
  0. 29.  0.  0.  0.  0.  0.  0.  0.  0. 14.  0. 23.  0.  0.  0.  0.  0.
  0.  0.  0.  0.  0.  0.  0.  0.  0. 24. 25.  0.  0.  0.  0.  0.  0.  0.
  0.  0.  0.  0.  0.  0.  0.  0. 26.  0.  0.  0.  0.  0.  0.  0.  0.  0.
  0.  0.  0.  0.  0.  0.  0.  0.  0.  0.  0.  0.  0.  0.  0.  0.  0.  0.
  0.  0.  0.  0.  0.  0.  0.  0.  0.]