[ 0.  0.  0.  0.  0.  0.  0.  0.  0.  0.  0.  0.  0.  0.  0.  0.  0.  0.
  0.  0.  0.  0.  0.  0.  0.  0.  0.  0.  0.  0.  0.  0.  0.  0.  0.  0.
  0.  0.  0.  0.  0.  0.  0.  0.  0.  0.  0.  0.  0.  0.  0.  0. 20.  0.
  0.  0.  0.  0.  0.  0.  0.  0.  0.  0.  0.  0.  0.  0. 17.  0.  0.  0.
  0.  0.  0.  0.  0.  0.  0.  0.  0. 12. 11.  3.  7. 14.  0.  0.  0.  0.
  0.  0.  0.  0.  0. 29.  0.  0. 10.  6. 13.  0.  0.  0.  0.  0.  0.  0.
  0.  0. 30. 26.  1. 15. 16.  5. 18.  0.  0.  0.  0.  0.  0.  0.  0.  0.
  9.  8.  2.  4. 19. 42.  0.  0.  0.  0.  0.  0.  0. 44. 34. 45. 22. 32.
 25. 43.  0.  0.  0.  0.  0.  0.  0.  0.  0. 46. 23.  0. 21. 24.  0.  0.
  0.  0.  0.  0.  0.  0.  0.  0.  0.  0. 27. 36. 39. 33. 35.  0.  0.  0.
  0.  0.  0.  0.  0.  0. 28. 40. 31.  0. 37.  0.  0.  0.  0.  0.  0.  0.
  0.  0.  0. 41.  0.  0. 38.  0.  0.  0.  0.  0.  0.  0.  0.  0.  0.  0.
  0.  0.  0.  0.  0.  0.  0.  0.  0.]