[ 0.  0.  0.  0.  0.  0.  0.  0.  0.  0.  0.  0.  0.  0.  0.  0.  0.  0.
  0.  0.  0.  0.  0.  0.  0.  0.  0.  0.  0.  0.  0.  0.  0.  0.  0.  0.
  0.  0.  0.  0.  0.  0.  0.  0.  0.  0.  0.  0.  0.  0.  0.  0.  0.  0.
  0.  0.  0.  0.  0.  0.  0.  0.  0.  0.  0.  0.  0.  0.  0.  0.  0.  0.
  0.  0.  0.  0.  0. 43. 28.  0.  0. 18.  0.  0.  0.  0.  0.  0.  0.  0.
  0.  0.  0. 39. 27. 13. 40. 17. 12.  0.  0.  0.  0.  0.  0.  0. 42.  0.
  0.  0. 34.  4.  1. 11.  3. 14. 23.  0.  0.  0.  0.  0. 41.  0. 26. 33.
  7.  2.  6. 15. 20.  0.  0.  0.  0.  0.  0.  0. 29. 30. 19.  0.  5.  8.
 16. 21.  0.  0.  0.  0.  0.  0.  0.  0. 31. 38.  0.  0. 10.  9.  0. 22.
  0.  0.  0.  0.  0.  0. 32.  0. 35.  0. 37. 24.  0.  0.  0.  0.  0.  0.
  0.  0.  0.  0.  0.  0. 36.  0. 25.  0.  0.  0.  0.  0.  0.  0.  0.  0.
  0.  0.  0.  0.  0.  0.  0.  0.  0.  0.  0.  0.  0.  0.  0.  0.  0.  0.
  0.  0.  0.  0.  0.  0.  0.  0.  0.]