[ 0.  0.  0.  0.  0.  0.  0.  0.  0.  0.  0.  0.  0.  0.  0.  0.  0.  0.
  0.  0.  0.  0.  0.  0.  0.  0.  0.  0.  0.  0.  0.  0.  0.  0.  0.  0.
  0.  0.  0.  0.  0.  0.  0.  0.  0.  0.  0.  0.  0.  0. 18.  0.  0.  0.
  0.  0.  0.  0.  0.  0.  0.  0.  0.  0.  0.  0. 17.  0.  0.  0.  0.  0.
  0.  0.  0.  0.  0.  0.  0.  0.  0.  5.  3. 14.  0.  0.  0.  0.  0.  0.
  0.  0.  0.  0.  0.  0. 10.  0.  0.  0.  0.  0.  0.  0.  0.  0.  0.  0.
  0. 12.  0. 11.  1.  8.  0.  0.  0.  0.  0.  0.  0.  0.  0.  0.  0. 13.
  6.  2.  7.  0.  0.  0.  0.  0.  0.  0.  0.  0.  0. 15. 20.  4.  0.  0.
 21.  0.  0.  0.  0.  0.  0.  0.  0. 16.  0.  9. 19.  0.  0.  0.  0.  0.
  0.  0.  0.  0.  0.  0.  0.  0.  0.  0.  0.  0.  0.  0.  0.  0.  0.  0.
  0.  0.  0.  0.  0.  0.  0.  0.  0.  0.  0.  0.  0.  0.  0.  0.  0.  0.
  0.  0.  0.  0.  0.  0.  0.  0.  0.  0.  0.  0.  0.  0.  0.  0.  0.  0.
  0.  0.  0.  0.  0.  0.  0.  0.  0.]