[ 0.  0.  0.  0.  0.  0.  0.  0.  0.  0.  0.  0.  0.  0.  0.  0.  0.  0.
  0.  0.  0. 38.  0. 34.  0.  0.  0.  0.  0.  0.  0.  0.  0.  0.  0. 16.
  0. 33.  0.  0.  0.  0.  0.  0.  0.  0.  0.  0.  0.  0.  0. 15. 20. 37.
  0.  0.  0.  0.  0.  0.  0.  0.  0.  0. 22. 21. 17. 13. 36. 35.  0.  0.
  0.  0.  0.  0.  0. 28. 27. 23. 25.  3. 26. 11. 12. 31.  0.  0.  0.  0.
  0.  0.  0. 24. 19. 14. 18.  4.  6.  7.  0. 39.  0.  0.  0.  0.  0.  0.
  0.  0. 29.  0.  1. 32.  9.  8.  0.  0.  0.  0.  0.  0.  0.  0.  0.  0.
 30.  0.  2.  5.  0.  0.  0.  0.  0.  0.  0.  0.  0.  0.  0.  0.  0.  0.
 10.  0.  0.  0.  0.  0.  0.  0.  0.  0.  0.  0.  0.  0.  0.  0.  0.  0.
  0.  0.  0.  0.  0.  0.  0.  0.  0.  0.  0.  0.  0.  0.  0.  0.  0.  0.
  0.  0.  0.  0.  0.  0.  0.  0.  0.  0.  0.  0.  0.  0.  0.  0.  0.  0.
  0.  0.  0.  0.  0.  0.  0.  0.  0.  0.  0.  0.  0.  0.  0.  0.  0.  0.
  0.  0.  0.  0.  0.  0.  0.  0.  0.]