[ 0.  0.  0.  0.  0.  0.  0.  0.  0.  0.  0.  0.  0.  0.  0.  0.  0.  0.
  0.  0.  0.  0.  0.  0.  0.  0.  0.  0.  0.  0.  0.  0.  0.  0.  0.  0.
  0.  0.  0.  0.  0.  0.  0.  0.  0.  0.  0.  0.  0.  0.  0.  0. 18.  0.
  0.  0.  0.  0.  0.  0.  0.  0.  0.  0.  0.  0. 16. 20.  0.  0. 12.  0.
 32.  0.  0.  0.  0.  0.  0.  0. 14. 15. 10. 36. 11. 33. 31. 35. 37.  0.
  0.  0.  0.  0. 19. 22. 13. 21.  9. 24. 23.  0.  0.  0.  0.  0.  0.  0.
  0.  0.  0.  0.  1.  4.  3. 34.  0.  0.  0.  0.  0.  0.  0.  0.  0.  0.
  0.  2.  7.  6. 17.  0.  0.  0.  0.  0.  0.  0.  0.  0.  0.  0.  8.  5.
 25. 29. 27. 30.  0.  0.  0.  0.  0.  0.  0.  0.  0.  0.  0.  0. 26.  0.
 28.  0.  0.  0.  0.  0.  0.  0.  0.  0.  0.  0.  0.  0.  0.  0.  0.  0.
  0.  0.  0.  0.  0.  0.  0.  0.  0.  0.  0.  0.  0.  0.  0.  0.  0.  0.
  0.  0.  0.  0.  0.  0.  0.  0.  0.  0.  0.  0.  0.  0.  0.  0.  0.  0.
  0.  0.  0.  0.  0.  0.  0.  0.  0.]