[ 0.  0.  0.  0.  0.  0.  0.  0.  0.  0.  0.  0.  0.  0.  0.  0.  0.  0.
  0.  0.  0.  0.  0.  0.  0.  0.  0.  0.  0.  0.  0.  0.  0.  0.  0.  0.
  0.  0. 31.  0.  0.  0.  0.  0.  0.  0.  0.  0.  0.  0.  0.  0. 32.  0.
 33. 24.  0.  0.  0.  0.  0.  0.  0.  0.  0.  0. 29. 27. 30.  0. 23.  0.
 22.  0.  0.  0.  0.  0.  0.  0.  0.  0. 18. 26. 25.  7. 21. 28.  0.  0.
  0.  0.  0.  0.  0.  0. 17.  0.  0.  6. 19.  0.  0.  0.  0.  0.  0.  0.
  0. 16. 13.  3.  1.  4.  9. 20.  0.  0.  0.  0.  0.  0.  0.  0. 15. 14.
 12.  2.  5.  0.  0.  0.  0.  0.  0.  0.  0.  0.  0.  0.  0. 11. 10.  0.
  8.  0.  0.  0.  0.  0.  0.  0.  0.  0.  0.  0.  0.  0.  0.  0.  0.  0.
  0.  0.  0.  0.  0.  0.  0.  0.  0.  0.  0.  0.  0.  0.  0.  0.  0.  0.
  0.  0.  0.  0.  0.  0.  0.  0.  0.  0.  0.  0.  0.  0.  0.  0.  0.  0.
  0.  0.  0.  0.  0.  0.  0.  0.  0.  0.  0.  0.  0.  0.  0.  0.  0.  0.
  0.  0.  0.  0.  0.  0.  0.  0.  0.]