[ 0.  0.  0.  0.  0.  0.  0.  0.  0.  0.  0.  0.  0.  0.  0.  0.  0.  0.
  0.  0.  0.  0.  0.  0.  0.  0.  0.  0.  0.  0.  0.  0.  0.  0.  0.  0.
  0.  0.  0.  0.  0.  0.  0.  0.  0.  0.  0.  0.  0.  0. 25.  0. 10.  0.
  0.  0.  0.  0.  0.  0.  0.  0.  0.  0.  0.  0. 24.  0.  9.  0.  0.  0.
  0.  0.  0.  0.  0.  0.  0.  0.  0.  0. 12.  0.  3. 18.  0. 20.  0. 33.
  0.  0.  0.  0.  0.  0.  0.  0. 22. 21.  7. 19. 30. 29.  0.  0.  0.  0.
  0.  0.  0.  0.  1.  0.  6. 15. 14. 31.  0.  0.  0.  0.  0.  0.  0.  0.
  4.  0.  2.  5. 13. 23.  0.  0.  0.  0.  0.  0.  0.  0.  0.  0.  8.  0.
  0. 27.  0. 26.  0.  0.  0.  0.  0.  0.  0.  0. 16.  0. 11. 32. 28.  0.
  0.  0.  0.  0.  0.  0.  0.  0. 17.  0.  0.  0.  0.  0.  0.  0.  0.  0.
  0.  0.  0.  0.  0.  0.  0.  0.  0.  0.  0.  0.  0.  0.  0.  0.  0.  0.
  0.  0.  0.  0.  0.  0.  0.  0.  0.  0.  0.  0.  0.  0.  0.  0.  0.  0.
  0.  0.  0.  0.  0.  0.  0.  0.  0.]