[ 0.  0.  0.  0.  0.  0.  0.  0.  0.  0.  0.  0.  0.  0.  0.  0.  0.  0.
  0.  0.  0.  0.  0.  0. 36.  0.  0.  0.  0.  0.  0.  0.  0. 20.  0.  0.
  0.  0. 37.  0. 26.  0.  0.  0.  0.  0.  0.  0.  0. 19.  0.  0. 16. 35.
 25.  0. 38. 34.  0.  0.  0.  0.  0.  0.  0.  9. 10.  0. 15. 27. 32. 31.
  0.  0.  0.  0.  0.  0.  0. 29.  8.  7.  3. 12. 28. 33.  0.  0.  0.  0.
  0.  0.  0. 18. 17.  0.  0. 22.  4. 11.  0.  0.  0.  0.  0.  0.  0.  0.
  0. 30.  6.  5.  1. 21. 23. 24.  0.  0.  0.  0.  0.  0.  0.  0.  0.  0.
  0.  2. 13. 14.  0.  0.  0.  0.  0.  0.  0.  0.  0.  0.  0.  0.  0.  0.
  0.  0.  0.  0.  0.  0.  0.  0.  0.  0.  0.  0.  0.  0.  0.  0.  0.  0.
  0.  0.  0.  0.  0.  0.  0.  0.  0.  0.  0.  0.  0.  0.  0.  0.  0.  0.
  0.  0.  0.  0.  0.  0.  0.  0.  0.  0.  0.  0.  0.  0.  0.  0.  0.  0.
  0.  0.  0.  0.  0.  0.  0.  0.  0.  0.  0.  0.  0.  0.  0.  0.  0.  0.
  0.  0.  0.  0.  0.  0.  0.  0.  0.]