[ 0.  0.  0.  0.  0.  0.  0.  0.  0.  0.  0.  0.  0.  0.  0.  0.  0.  0.
  0.  0.  0.  0.  0.  0.  0.  0.  0.  0.  0.  0.  0.  0.  0.  0.  0.  0.
  0.  0.  0.  0.  0.  0.  0.  0.  0.  0.  0.  0.  0.  0.  0.  0.  0.  0.
  0.  0.  0.  0.  0.  0.  0.  0.  0.  0.  0.  0.  0.  0. 28.  0.  0.  0.
  0.  0.  0.  0.  0.  0.  0.  0.  0.  0. 23. 20.  0.  0.  0.  0.  0.  0.
  0.  0.  0.  0.  0.  0.  0.  0. 29. 21.  7. 22. 30.  0.  0.  0.  0.  0.
  0.  0.  0.  0.  1.  0.  6.  0. 27. 26.  0.  0.  0.  0.  0.  0.  0. 17.
 10.  2.  4.  5.  0.  0. 31.  0.  0.  0.  0.  0.  0.  0.  0.  0.  0.  8.
  3.  0. 34.  0. 32.  0.  0.  0.  0.  0.  0.  0. 13. 14. 11.  9. 33. 39.
 40.  0.  0.  0.  0.  0.  0.  0.  0.  0. 12. 16. 25. 24. 41.  0.  0.  0.
  0.  0.  0.  0.  0.  0.  0. 15.  0. 18. 36. 43. 42.  0.  0.  0.  0.  0.
  0.  0.  0.  0.  0.  0.  0. 19. 35. 38. 37.  0.  0.  0.  0.  0.  0.  0.
  0.  0.  0.  0.  0.  0.  0.  0.  0.]