[ 0.  0.  0.  0.  0.  0.  0.  0.  0.  0.  0.  0.  0.  0.  0.  0.  0.  0.
  0.  0.  0.  0.  0.  0.  0.  0.  0.  0.  0.  0.  0.  0.  0.  0. 27. 23.
  0.  0.  0.  0.  0.  0.  0.  0.  0.  0.  0.  0.  0. 19. 20. 17. 15.  0.
  0.  0.  0.  0.  0.  0.  0.  0.  0. 25.  0. 18. 16. 24. 21.  0.  0.  0.
  0.  0.  0.  0.  0. 26.  0.  0.  3. 12. 11.  0. 22.  0.  0.  0.  0.  0.
  0.  0.  0.  0.  0.  7.  4.  2.  6.  0. 13.  0.  0.  0.  0.  0.  0.  0.
  0.  0. 10.  5.  1.  9.  0. 14.  0.  0.  0.  0.  0.  0.  0.  0.  0.  0.
  0.  8.  0.  0.  0.  0.  0.  0.  0.  0.  0.  0.  0.  0.  0.  0.  0.  0.
  0.  0.  0.  0.  0.  0.  0.  0.  0.  0.  0.  0.  0.  0.  0.  0.  0.  0.
  0.  0.  0.  0.  0.  0.  0.  0.  0.  0.  0.  0.  0.  0.  0.  0.  0.  0.
  0.  0.  0.  0.  0.  0.  0.  0.  0.  0.  0.  0.  0.  0.  0.  0.  0.  0.
  0.  0.  0.  0.  0.  0.  0.  0.  0.  0.  0.  0.  0.  0.  0.  0.  0.  0.
  0.  0.  0.  0.  0.  0.  0.  0.  0.]