[ 0.  0.  0.  0.  0.  0.  0.  0.  0.  0.  0.  0.  0.  0.  0.  0.  0.  0.
  0.  0.  0.  0.  0.  0.  0.  0.  0.  0.  0.  0.  0.  0.  0.  0.  0.  0.
  0.  0.  0.  0.  0.  0.  0.  0.  0.  0.  0.  0.  0.  0.  0.  0.  0. 19.
  0.  0.  0.  0.  0.  0.  0.  0.  0.  0.  0. 17.  0.  0. 18.  0.  0.  0.
  0.  0.  0.  0.  0.  0.  0.  0.  0. 14.  0. 27.  3.  0.  0.  0.  0.  0.
  0.  0.  0.  0.  0. 12. 13.  8. 10. 24. 20. 25.  0.  0.  0.  0.  0.  0.
  0. 15. 16.  9.  1. 26.  6.  0.  0.  0.  0.  0.  0.  0.  0.  0. 21. 22.
  4.  0.  2.  5. 11.  0.  0.  0.  0.  0.  0.  0.  0.  0. 23.  0.  7.  0.
  0.  0.  0.  0.  0.  0.  0.  0.  0.  0.  0.  0.  0.  0. 28.  0.  0.  0.
  0.  0.  0.  0.  0.  0.  0.  0.  0.  0.  0.  0.  0.  0.  0.  0.  0.  0.
  0.  0.  0.  0.  0.  0.  0.  0.  0.  0.  0.  0.  0.  0.  0.  0.  0.  0.
  0.  0.  0.  0.  0.  0.  0.  0.  0.  0.  0.  0.  0.  0.  0.  0.  0.  0.
  0.  0.  0.  0.  0.  0.  0.  0.  0.]