[ 0.  0.  0.  0.  0.  0.  0.  0.  0.  0.  0.  0.  0.  0.  0.  0.  0.  0.
  0.  0.  0.  0.  0.  0.  0.  0.  0.  0.  0.  0.  0.  0.  0.  0.  0.  0.
  0.  0.  0.  0.  0.  0.  0.  0.  0.  0.  0.  0.  0.  0.  0.  0. 20.  0.
  0.  0.  0.  0.  0.  0.  0.  0.  0.  0.  0.  0.  0. 16. 19. 18. 12.  0.
  0.  0.  0.  0.  0.  0.  0.  0.  0. 14. 15.  3.  9.  7. 10.  0.  0.  0.
  0.  0.  0.  0.  0. 22.  0. 13.  0.  6. 11.  0.  0.  0.  0.  0.  0.  0.
  0. 27. 28. 17.  1. 25.  8.  5.  0.  0.  0.  0.  0.  0.  0.  0.  0.  0.
  4.  0.  2. 21. 24.  0.  0.  0.  0.  0.  0.  0.  0.  0.  0.  0. 31. 29.
  0. 23.  0.  0.  0.  0.  0.  0.  0.  0.  0.  0.  0. 30.  0.  0.  0. 26.
  0.  0.  0.  0.  0.  0.  0.  0.  0.  0.  0.  0.  0.  0.  0.  0.  0.  0.
  0.  0.  0.  0.  0.  0.  0.  0.  0.  0.  0.  0.  0.  0.  0.  0.  0.  0.
  0.  0.  0.  0.  0.  0.  0.  0.  0.  0.  0.  0.  0.  0.  0.  0.  0.  0.
  0.  0.  0.  0.  0.  0.  0.  0.  0.]