[ 0.  0.  0.  0.  0.  0.  0.  0.  0.  0.  0.  0.  0.  0.  0.  0.  0.  0.
  0.  0.  0.  0.  0.  0.  0.  0.  0.  0.  0.  0.  0.  0.  0.  0.  0.  0.
  0.  0.  0.  0.  0.  0.  0.  0.  0.  0.  0.  0.  0.  0.  0.  0.  0.  0.
  0.  0.  0.  0.  0.  0.  0.  0.  0.  0.  0.  0.  0.  0.  0.  0.  0.  0.
  0.  0.  0.  0.  0.  0.  0.  0.  0. 12.  5.  3.  0.  0.  0.  0.  0.  0.
  0.  0.  0.  0.  0. 19.  0.  0. 10.  0.  0.  0.  0.  0.  0.  0.  0.  0.
  0.  0.  0.  8.  1. 11. 16. 15.  0.  0.  0.  0.  0.  0.  0.  0.  0. 47.
  7.  6.  2. 17. 24. 14.  0.  0.  0.  0.  0.  0.  0.  0. 22.  0. 31.  4.
  0. 13. 21. 37. 38.  0.  0.  0.  0. 43. 45. 46. 25. 30. 29.  9. 23. 18.
  0.  0.  0.  0.  0.  0.  0. 36. 44. 32. 35. 28. 34.  0.  0.  0.  0.  0.
  0.  0.  0. 48.  0. 26. 40. 27. 20.  0.  0.  0.  0.  0.  0.  0.  0.  0.
 41. 33. 39. 42.  0.  0.  0.  0.  0.  0.  0.  0.  0.  0.  0.  0.  0.  0.
  0.  0.  0.  0.  0.  0.  0.  0.  0.]