[ 0.  0.  0.  0.  0.  0.  0.  0.  0.  0.  0.  0.  0.  0.  0.  0.  0.  0.
  0.  0.  0.  0.  0.  0.  0.  0.  0.  0.  0.  0.  0.  0.  0.  0.  0.  0.
  0.  0. 43.  0.  0.  0.  0.  0.  0.  0.  0.  0.  0. 17. 24.  0.  0. 42.
 41. 31.  0.  0.  0.  0.  0.  0.  0. 22.  0. 13.  0. 33. 34. 28. 38.  0.
 39.  0.  0.  0.  0.  0. 23. 11. 12.  0.  9. 30.  0. 29. 40.  0.  0.  0.
  0.  0.  0. 16. 19.  0.  3. 14.  6. 32. 35. 54.  0. 53.  0.  0.  0. 21.
 18. 20. 10.  8.  1.  7. 25. 26. 50. 52.  0.  0.  0.  0.  0.  0.  0. 15.
  5.  4.  2. 27.  0. 44.  0.  0.  0.  0.  0.  0.  0.  0.  0.  0.  0. 37.
  0. 46. 51. 45.  0.  0.  0.  0.  0.  0.  0.  0.  0.  0.  0. 36. 48. 49.
  0.  0.  0.  0.  0.  0.  0.  0.  0.  0.  0. 47.  0.  0.  0.  0.  0.  0.
  0.  0.  0.  0.  0.  0.  0.  0.  0.  0.  0.  0.  0.  0.  0.  0.  0.  0.
  0.  0.  0.  0.  0.  0.  0.  0.  0.  0.  0.  0.  0.  0.  0.  0.  0.  0.
  0.  0.  0.  0.  0.  0.  0.  0.  0.]