[ 0.  0.  0.  0.  0.  0.  0.  0.  0.  0.  0.  0.  0.  0.  0.  0.  0.  0.
  0.  0.  0.  0.  0.  0.  0.  0.  0.  0.  0.  0.  0.  0.  0.  0. 51.  0.
  0.  0.  0.  0.  0.  0.  0.  0.  0.  0.  0.  0.  0.  0. 32.  0.  0.  0.
  0.  0.  0.  0.  0.  0.  0.  0. 49.  0. 39. 43.  0. 29. 28.  0.  0.  0.
  0.  0.  0.  0.  0.  0. 42. 27.  0.  0.  0.  0.  3.  0.  0.  0.  0.  0.
  0.  0.  0. 41. 40. 26. 15. 14.  0.  8.  0.  0.  0.  0.  0.  0.  0. 50.
  0. 35. 48. 10.  1.  9.  5. 12. 21.  0.  0.  0.  0.  0.  0.  0.  0. 11.
  4.  6.  2.  7.  0. 18.  0.  0.  0.  0.  0.  0.  0.  0.  0. 36. 25.  0.
  0. 13. 20. 19.  0.  0.  0.  0.  0.  0.  0. 38. 37.  0.  0. 17. 31. 16.
  0.  0.  0.  0.  0.  0.  0.  0.  0.  0.  0. 23. 22. 34. 44. 46. 47.  0.
  0.  0.  0.  0.  0.  0.  0. 24. 30.  0. 33. 45.  0.  0.  0.  0.  0.  0.
  0.  0.  0.  0.  0.  0.  0.  0.  0.  0.  0.  0.  0.  0.  0.  0.  0.  0.
  0.  0.  0.  0.  0.  0.  0.  0.  0.]