[ 0.  0.  0.  0.  0.  0.  0.  0.  0.  0.  0.  0.  0.  0.  0.  0.  0.  0.
  0. 34. 42.  0.  0. 36.  0.  0.  0.  0.  0.  0.  0.  0.  0. 40. 33. 39.
 37. 35. 38.  0.  0.  0.  0.  0.  0.  0.  0.  0. 46. 44.  0. 31. 28.  0.
  0.  0.  0.  0.  0.  0.  0.  0.  0.  0. 29. 25. 30. 27.  0.  0.  0.  0.
  0.  0.  0.  0.  0.  0.  0. 23. 41. 26.  3.  5.  0.  0.  0.  0.  0.  0.
  0.  0.  0. 32. 43. 22. 45. 21. 10. 16.  0.  0.  0.  0.  0.  0.  0.  0.
  0.  0.  0.  8.  1. 17. 13.  0.  0.  0.  0.  0.  0.  0.  0.  0. 47.  0.
  7.  2.  6. 19. 18.  0.  0.  0.  0.  0.  0.  0.  0.  0.  0. 14. 12.  4.
 15. 24.  0.  0.  0.  0.  0.  0.  0.  0.  0.  0.  0.  0. 11.  9.  0.  0.
  0.  0.  0.  0.  0.  0.  0.  0.  0.  0.  0.  0. 20.  0.  0.  0.  0.  0.
  0.  0.  0.  0.  0.  0.  0.  0.  0.  0.  0.  0.  0.  0.  0.  0.  0.  0.
  0.  0.  0.  0.  0.  0.  0.  0.  0.  0.  0.  0.  0.  0.  0.  0.  0.  0.
  0.  0.  0.  0.  0.  0.  0.  0.  0.]