[ 0.  0.  0.  0.  0.  0.  0.  0.  0.  0.  0.  0.  0.  0.  0.  0.  0.  0.
  0.  0.  0.  0. 30.  0.  0.  0.  0.  0.  0.  0.  0.  0.  0.  0.  0.  0.
 20.  0.  0.  0.  0.  0.  0.  0.  0.  0.  0.  0.  0.  0. 28. 18.  0.  0.
  0.  0.  0.  0.  0.  0.  0.  0.  0.  0. 22. 19. 21.  0.  0.  0.  0.  0.
  0.  0.  0.  0.  0.  0. 26. 27. 10. 12. 24. 25.  8.  0.  0.  0.  0.  0.
  0.  0. 29.  0.  0. 16.  9.  6.  5. 15.  0.  0.  0.  0.  0.  0.  0.  0.
  0.  0. 17. 11.  1.  4.  0.  0.  0.  0.  0.  0.  0.  0.  0.  0.  0.  0.
  7.  2.  3. 13.  0.  0.  0.  0.  0.  0.  0.  0.  0.  0.  0. 14. 23.  0.
  0.  0.  0.  0.  0.  0.  0.  0.  0.  0.  0.  0.  0.  0.  0.  0.  0.  0.
  0.  0.  0.  0.  0.  0.  0.  0.  0.  0.  0.  0.  0.  0.  0.  0.  0.  0.
  0.  0.  0.  0.  0.  0.  0.  0.  0.  0.  0.  0.  0.  0.  0.  0.  0.  0.
  0.  0.  0.  0.  0.  0.  0.  0.  0.  0.  0.  0.  0.  0.  0.  0.  0.  0.
  0.  0.  0.  0.  0.  0.  0.  0.  0.]