[ 0.  0.  0.  0.  0.  0.  0.  0.  0. 45.  0.  0.  0.  0.  0.  0.  0.  0.
  0.  0.  0.  0.  0.  0.  0.  0. 39.  0.  0.  0.  0.  0.  0.  0.  0.  0.
  0.  0.  0. 37. 25. 38. 27. 43.  0.  0.  0.  0.  0.  0.  0.  0. 19.  0.
 15. 24. 26. 42.  0.  0.  0.  0.  0.  0.  0.  0.  0. 18. 14. 23. 22. 36.
  0.  0.  0.  0.  0.  0.  0.  0.  0. 17.  4. 21. 16. 20. 32. 34. 35.  0.
  0.  0.  0.  0.  0.  7.  8.  3.  0. 40. 28. 33.  0.  0.  0.  0.  0.  0.
  0.  0. 10.  6.  1. 41.  5. 29. 30.  0.  0.  0.  0.  0.  0.  0. 11.  0.
  9.  2.  0. 44.  0.  0. 31.  0.  0.  0.  0.  0.  0.  0. 12.  0.  0.  0.
  0.  0.  0.  0.  0.  0.  0.  0.  0.  0.  0. 13.  0.  0.  0.  0.  0.  0.
  0.  0.  0.  0.  0.  0.  0.  0.  0.  0.  0.  0.  0.  0.  0.  0.  0.  0.
  0.  0.  0.  0.  0.  0.  0.  0.  0.  0.  0.  0.  0.  0.  0.  0.  0.  0.
  0.  0.  0.  0.  0.  0.  0.  0.  0.  0.  0.  0.  0.  0.  0.  0.  0.  0.
  0.  0.  0.  0.  0.  0.  0.  0.  0.]