[ 0.  0.  0.  0.  0.  0.  0.  0.  0.  0.  0.  0.  0.  0.  0.  0.  0.  0.
  0.  0.  0.  0.  0.  0.  0.  0.  0.  0.  0.  0.  0.  0.  0.  0.  0.  0.
  0.  0.  0.  0.  0.  0.  0.  0.  0.  0.  0.  0.  0.  0.  0.  0.  0.  0.
  0.  0.  0.  0.  0.  0.  0.  0.  0.  0.  0.  0.  0.  0.  0.  0.  0.  0.
  0.  0.  0.  0.  0.  0.  0.  0.  0.  0.  0.  0.  0.  0.  0.  0.  0.  0.
  0.  0.  0.  0.  0.  0.  3.  8.  0.  0.  0.  0.  0.  0.  0.  0.  0.  0.
  0.  0. 10.  0.  1.  7.  6.  0.  0.  0.  0.  0.  0.  0.  0.  0.  0. 25.
 24.  2.  4.  5.  0.  0.  0.  0.  0.  0.  0.  0.  0.  0.  0. 26.  9.  0.
 14. 11.  0.  0.  0.  0.  0.  0.  0.  0.  0.  0. 23. 21.  0. 13. 12. 20.
  0.  0.  0.  0.  0.  0.  0.  0.  0. 27. 29. 15.  0.  0. 16.  0.  0.  0.
  0.  0.  0.  0.  0. 28.  0. 18.  0. 19.  0.  0. 17.  0.  0.  0.  0.  0.
  0.  0.  0.  0.  0.  0.  0. 22.  0.  0.  0.  0.  0.  0.  0.  0.  0.  0.
  0.  0.  0.  0.  0.  0.  0.  0.  0.]