[ 0.  0.  0.  0.  0.  0.  0.  0.  0.  0.  0.  0.  0.  0.  0.  0.  0.  0.
  0.  0.  0.  0.  0.  0.  0.  0.  0.  0.  0.  0.  0.  0.  0.  0.  0.  0.
  0.  0.  0.  0.  0.  0.  0.  0.  0.  0.  0.  0.  0.  0.  0.  0.  0.  0.
  0.  0.  0.  0.  0.  0.  0.  0.  0.  0.  0.  0. 16.  0. 17.  0.  0.  0.
  0.  0.  0.  0.  0.  0.  0.  0.  0.  3. 15. 12.  8.  0.  0.  0.  0.  0.
  0.  0.  0.  0.  0. 21.  0. 22.  7.  9. 10.  0.  0.  0.  0.  0.  0.  0.
  0. 29. 24. 23.  1.  6. 13. 11.  0.  0.  0.  0.  0.  0.  0. 32.  0. 20.
 25.  4.  2.  5. 34.  0.  0. 33.  0.  0.  0.  0.  0. 38. 27. 26.  0. 14.
 42.  0.  0. 35.  0.  0.  0.  0.  0.  0. 28. 30.  0. 37. 40. 18.  0. 36.
  0.  0.  0.  0.  0.  0.  0. 31.  0. 39.  0. 41.  0. 19.  0.  0.  0.  0.
  0.  0.  0.  0.  0.  0.  0.  0.  0.  0.  0.  0.  0.  0.  0.  0.  0.  0.
  0.  0.  0.  0.  0.  0.  0.  0.  0.  0.  0.  0.  0.  0.  0.  0.  0.  0.
  0.  0.  0.  0.  0.  0.  0.  0.  0.]