[ 0.  0.  0.  0.  0.  0.  0.  0.  0.  0.  0.  0.  0.  0.  0.  0.  0.  0.
  0.  0.  0.  0.  0.  0.  0.  0.  0.  0.  0.  0.  0.  0.  0.  0.  0.  0.
  0.  0.  0.  0.  0.  0.  0.  0.  0.  0.  0.  0.  0.  0. 25.  0. 24. 20.
  0.  0.  0.  0.  0.  0.  0.  0.  0.  0.  0.  0. 26. 13.  0.  0.  0.  0.
  0.  0.  0.  0.  0.  0.  0. 21. 27. 19. 23. 14.  0.  0.  0.  0.  0.  0.
  0.  0.  0.  0. 22. 11. 18.  3. 15.  0.  0.  0.  0.  0.  0.  0.  0.  0.
  0.  0.  0.  4.  1.  6.  0.  0.  0.  0.  0.  0.  0.  0.  0.  0. 17. 12.
 16.  2.  8.  9.  0.  0.  0.  0.  0.  0.  0.  0.  0.  0.  0.  7.  0.  5.
 10.  0.  0.  0.  0.  0.  0.  0.  0.  0.  0.  0.  0.  0.  0.  0.  0.  0.
  0.  0.  0.  0.  0.  0.  0.  0.  0.  0.  0.  0.  0.  0.  0.  0.  0.  0.
  0.  0.  0.  0.  0.  0.  0.  0.  0.  0.  0.  0.  0.  0.  0.  0.  0.  0.
  0.  0.  0.  0.  0.  0.  0.  0.  0.  0.  0.  0.  0.  0.  0.  0.  0.  0.
  0.  0.  0.  0.  0.  0.  0.  0.  0.]