[ 0.  0.  0.  0.  0.  0.  0.  0.  0.  0.  0.  0.  0.  0.  0.  0.  0.  0.
  0.  0.  0.  0. 33.  0.  0.  0.  0.  0.  0.  0.  0.  0.  0.  0.  0.  0.
  0.  0. 32.  0.  0.  0.  0.  0.  0.  0.  0.  0.  0.  0.  0.  0.  0. 23.
 26.  0.  0.  0.  0.  0.  0.  0.  0.  0.  0.  0. 17.  0.  0. 36. 22.  0.
  0.  0.  0.  0.  0.  0.  0. 25. 18. 24. 16.  0.  3. 19. 20. 39.  0.  0.
  0.  0.  0.  0.  0.  0. 15. 10.  0. 28. 21. 35. 27.  0.  0.  0.  0.  0.
  0.  0. 12.  0.  1.  9.  6. 37. 30. 31.  0.  0.  0.  0.  0.  0.  0. 11.
  4. 13.  2.  5. 38. 34.  0.  0.  0.  0.  0.  0.  0.  0.  0. 14.  7.  8.
  0. 29.  0.  0.  0.  0.  0.  0.  0.  0.  0.  0.  0.  0.  0.  0.  0.  0.
  0.  0.  0.  0.  0.  0.  0.  0.  0.  0.  0.  0.  0.  0.  0.  0.  0.  0.
  0.  0.  0.  0.  0.  0.  0.  0.  0.  0.  0.  0.  0.  0.  0.  0.  0.  0.
  0.  0.  0.  0.  0.  0.  0.  0.  0.  0.  0.  0.  0.  0.  0.  0.  0.  0.
  0.  0.  0.  0.  0.  0.  0.  0.  0.]