[ 0.  0.  0.  0.  0.  0.  0.  0.  0.  0.  0.  0.  0.  0.  0.  0.  0.  0.
  0.  0.  0.  0. 45.  0.  0.  0. 41. 29.  0.  0.  0.  0.  0.  0.  0.  0.
  0. 44.  0. 43. 42. 40. 30.  0.  0.  0.  0.  0.  0.  0.  0. 35. 20. 46.
  0. 38. 16. 25. 28.  0.  0.  0.  0.  0.  0.  0.  0. 32. 19. 31. 15. 24.
 27.  0.  0.  0.  0.  0.  0.  0.  0.  0. 14. 34.  3. 18. 23. 39.  0.  0.
  0.  0.  0.  0.  0.  0.  0. 33. 13. 12. 17.  0. 26.  0.  0.  0.  0.  0.
  0.  0.  0.  0.  1. 10. 11.  0. 21.  0.  0.  0.  0.  0.  0.  0.  0.  0.
  4.  5.  2.  0.  0.  0. 22.  0.  0.  0.  0.  0.  0.  0.  0.  9.  6.  0.
  8. 37. 36.  0.  0.  0.  0.  0.  0.  0.  0.  0.  0.  0.  7.  0.  0.  0.
  0.  0.  0.  0.  0.  0.  0.  0.  0.  0.  0.  0.  0.  0.  0.  0.  0.  0.
  0.  0.  0.  0.  0.  0.  0.  0.  0.  0.  0.  0.  0.  0.  0.  0.  0.  0.
  0.  0.  0.  0.  0.  0.  0.  0.  0.  0.  0.  0.  0.  0.  0.  0.  0.  0.
  0.  0.  0.  0.  0.  0.  0.  0.  0.]