[ 0.  0.  0.  0.  0.  0.  0.  0.  0.  0.  0.  0.  0.  0.  0.  0.  0.  0.
  0.  0.  0.  0.  0.  0.  0.  0.  0.  0.  0.  0.  0.  0.  0.  0.  0.  0.
  0.  0.  0.  0.  0.  0.  0.  0.  0.  0. 33.  0.  0.  0.  0.  0.  0.  0.
  0.  0.  0.  0.  0.  0.  0.  0. 32.  0.  0.  0.  0.  0.  0. 25.  0.  0.
  0.  0.  0.  0.  0. 28. 30. 19. 23. 29.  3. 24.  0.  0.  0.  0.  0.  0.
  0.  0. 36. 31. 20. 18. 21. 12. 10. 13.  0.  0.  0.  0.  0.  0.  0.  0.
 27. 26. 22.  6.  1. 11. 14.  0.  0.  0.  0.  0.  0.  0.  0.  0.  0. 16.
  7.  2.  4.  5.  0.  0.  0.  0.  0.  0.  0.  0.  0. 17. 34.  0. 15.  8.
  0.  0.  0.  0.  0.  0.  0.  0.  0.  0.  0. 35.  0.  0.  0.  9.  0.  0.
  0.  0.  0.  0.  0.  0.  0.  0.  0.  0.  0.  0.  0.  0.  0.  0.  0.  0.
  0.  0.  0.  0.  0.  0.  0.  0.  0.  0.  0.  0.  0.  0.  0.  0.  0.  0.
  0.  0.  0.  0.  0.  0.  0.  0.  0.  0.  0.  0.  0.  0.  0.  0.  0.  0.
  0.  0.  0.  0.  0.  0.  0.  0.  0.]