[ 0.  0.  0.  0.  0.  0.  0.  0.  0.  0.  0.  0.  0.  0.  0.  0.  0.  0.
  0.  0.  0.  0.  0.  0.  0.  0.  0.  0.  0.  0.  0.  0.  0.  0.  0.  0.
  0.  0.  0. 43. 46.  0. 50.  0.  0.  0.  0.  0.  0.  0. 53.  0.  0. 35.
 47.  0. 51.  0.  0.  0.  0.  0.  0.  0.  0.  0. 52. 37. 38. 36. 48. 32.
 49.  0.  0.  0.  0.  0.  0.  0.  0.  0. 42.  3. 34. 27. 33.  0.  0.  0.
  0.  0.  0.  0.  0.  0. 44.  0.  8. 25. 54. 29.  0.  0.  0.  0.  0.  0.
  0.  0. 45.  0.  1. 23. 26. 28. 22. 30. 31.  0.  0.  0.  0.  0. 14.  0.
  5.  0.  2. 20. 21.  0. 41.  0.  0.  0.  0.  0.  0.  0.  7. 12.  6.  4.
 19. 18.  0.  0.  0.  0.  0.  0.  0.  0. 39.  0.  9. 10.  0. 17.  0.  0.
  0.  0.  0.  0.  0.  0. 40.  0. 16. 11. 13. 15.  0.  0.  0.  0.  0.  0.
  0.  0.  0.  0.  0.  0. 24.  0.  0.  0.  0.  0.  0.  0.  0.  0.  0.  0.
  0.  0.  0.  0.  0.  0.  0.  0.  0.  0.  0.  0.  0.  0.  0.  0.  0.  0.
  0.  0.  0.  0.  0.  0.  0.  0.  0.]