[ 0.  0.  0.  0.  0.  0.  0.  0.  0.  0.  0.  0.  0.  0.  0.  0.  0.  0.
  0.  0.  0.  0.  0.  0.  0.  0.  0.  0.  0.  0.  0.  0.  0.  0.  0.  0.
  0.  0.  0.  0.  0.  0.  0.  0.  0.  0.  0.  0.  0.  0.  0.  0.  0.  0.
  0.  0.  0.  0.  0.  0.  0.  0.  0.  0.  0.  0. 23.  0.  0. 20.  0.  0.
  0.  0.  0.  0.  0.  0.  0.  0.  0. 22.  0. 21.  0.  0.  0.  0.  0.  0.
  0.  0.  0.  0.  0. 16.  2.  4. 17.  0.  0.  0.  0.  0.  0.  0.  0.  0.
  0.  5. 13. 14.  1.  0.  0.  0.  0.  0.  0.  0.  0.  0.  0. 15.  8.  6.
 18. 19.  0. 24.  0.  0.  0.  0.  0.  0.  0. 11. 12.  7.  9.  3. 10.  0.
  0.  0.  0.  0.  0.  0.  0.  0.  0.  0.  0.  0.  0.  0.  0.  0.  0.  0.
  0.  0.  0.  0.  0.  0.  0.  0.  0.  0.  0.  0.  0.  0.  0.  0.  0.  0.
  0.  0.  0.  0.  0.  0.  0.  0.  0.  0.  0.  0.  0.  0.  0.  0.  0.  0.
  0.  0.  0.  0.  0.  0.  0.  0.  0.  0.  0.  0.  0.  0.  0.  0.  0.  0.
  0.  0.  0.  0.  0.  0.  0.  0.  0.]