[ 0.  0.  0.  0.  0.  0.  0.  0.  0.  0.  0.  0.  0.  0.  0.  0.  0.  0.
  0.  0.  0.  0.  0.  0.  0.  0.  0.  0.  0.  0.  0.  0.  0.  0. 26. 18.
  0.  0.  0.  0.  0.  0.  0.  0.  0.  0.  0.  0. 21. 23. 17. 24.  0.  0.
  0.  0.  0.  0.  0.  0.  0. 31.  0. 20. 19. 15. 25.  0. 12.  0.  0.  0.
  0.  0.  0.  0.  0. 29.  0.  0. 11. 14.  7.  0.  3. 10.  0.  0.  0.  0.
  0.  0. 30.  0. 27. 13. 22.  8.  4.  0.  9.  0.  0.  0.  0.  0.  0.  0.
 28.  0. 16.  0.  1.  5.  6.  0.  0.  0.  0.  0.  0.  0.  0.  0.  0.  0.
  0.  0.  2.  0.  0.  0.  0.  0.  0.  0.  0.  0.  0.  0.  0.  0.  0.  0.
  0.  0.  0.  0.  0.  0.  0.  0.  0.  0.  0.  0.  0.  0.  0.  0.  0.  0.
  0.  0.  0.  0.  0.  0.  0.  0.  0.  0.  0.  0.  0.  0.  0.  0.  0.  0.
  0.  0.  0.  0.  0.  0.  0.  0.  0.  0.  0.  0.  0.  0.  0.  0.  0.  0.
  0.  0.  0.  0.  0.  0.  0.  0.  0.  0.  0.  0.  0.  0.  0.  0.  0.  0.
  0.  0.  0.  0.  0.  0.  0.  0.  0.]