[ 0.  0.  0.  0.  0.  0.  0.  0.  0.  0.  0.  0.  0.  0.  0.  0.  0.  0.
  0.  0.  0.  0.  0.  0.  0.  0.  0.  0.  0.  0.  0.  0.  0.  0.  0.  0.
  0.  0.  0.  0.  0.  0.  0.  0.  0.  0.  0.  0.  0.  0.  0.  0.  0.  0.
  0.  0.  0.  0.  0.  0.  0.  0.  0.  0.  0.  0.  0.  0. 19.  0.  0.  0.
  0.  0.  0.  0.  0.  0.  0.  0.  0.  0.  0.  0.  0.  0.  0.  0.  0.  0.
  0.  0.  0.  0. 14.  0.  5.  0.  6.  0.  0.  0.  0.  0.  0.  0.  0.  0.
  0.  0. 13. 12.  1.  4.  0.  0.  0.  0.  0.  0.  0.  0.  0.  0. 20. 18.
 11.  2.  8. 25.  0. 24.  0.  0.  0.  0.  0.  0.  0.  0. 10.  7.  9.  3.
 22. 21.  0.  0.  0.  0.  0.  0.  0.  0.  0.  0.  0. 15.  0. 23. 27.  0.
  0.  0.  0.  0.  0.  0.  0.  0.  0. 26.  0. 17. 16.  0.  0.  0.  0.  0.
  0.  0.  0.  0.  0.  0.  0.  0.  0.  0.  0.  0.  0.  0.  0.  0.  0.  0.
  0.  0.  0.  0.  0.  0.  0.  0.  0.  0.  0.  0.  0.  0.  0.  0.  0.  0.
  0.  0.  0.  0.  0.  0.  0.  0.  0.]