[ 0.  0.  0.  0.  0.  0.  0.  0.  0.  0.  0.  0.  0.  0.  0.  0.  0.  0.
  0.  0.  0.  0.  0.  0.  0.  0.  0.  0.  0.  0.  0.  0.  0.  0.  0.  0.
  0.  0. 31.  0.  0.  0.  0.  0.  0.  0.  0.  0.  0.  0.  0. 35. 28.  0.
  0.  0.  0.  0.  0.  0.  0.  0.  0.  0.  0.  0. 26.  0.  0.  0.  0.  0.
  0.  0.  0.  0.  0.  0.  0.  0. 22.  0.  0. 25.  0. 33.  0.  0.  0.  0.
  0.  0.  0. 24.  0. 23. 21.  3.  4. 32. 34.  0.  0.  0.  0.  0.  0.  0.
 15.  0. 16. 18.  1.  6. 27.  0.  0.  0.  0.  0.  0.  0.  0.  0. 14.  5.
 13.  2.  7.  0.  0.  0.  0.  0.  0.  0.  0.  0.  0. 17. 10.  8. 11. 37.
 29. 38.  0.  0.  0.  0.  0.  0.  0.  0.  0.  9. 12.  0.  0. 36. 30. 39.
  0.  0.  0.  0.  0.  0.  0.  0.  0. 20. 19.  0.  0.  0.  0.  0.  0.  0.
  0.  0.  0.  0.  0.  0. 41. 42.  0.  0.  0.  0.  0.  0.  0.  0.  0.  0.
  0.  0.  0. 40.  0.  0.  0.  0.  0.  0.  0.  0.  0.  0.  0.  0.  0.  0.
  0.  0.  0.  0.  0.  0.  0.  0.  0.]