[ 0.  0.  0.  0.  0.  0.  0.  0.  0.  0.  0.  0.  0.  0.  0.  0.  0.  0.
  0.  0.  0.  0.  0.  0.  0.  0.  0.  0.  0.  0.  0.  0.  0.  0.  0.  0.
  0.  0.  0.  0.  0.  0.  0.  0.  0.  0.  0.  0.  0.  0. 22.  0.  0.  0.
 18.  0. 20.  0.  0.  0.  0.  0.  0.  0.  0.  0. 21. 24.  0. 17. 19.  0.
  0.  0.  0.  0.  0.  0.  0.  0. 27. 25. 15. 23. 11. 26.  0.  0.  0.  0.
  0.  0.  0.  0.  0.  0.  0.  0. 13.  7. 10.  0.  0.  0.  0.  0.  0.  0.
  0.  0.  0.  0.  1.  4.  3.  0.  0.  0.  0.  0.  0.  0.  0.  0.  0.  0.
 14.  2.  5. 12. 16.  0.  0.  0.  0.  0.  0.  0.  0.  0.  0.  0.  9.  6.
  8.  0.  0.  0.  0.  0.  0.  0.  0.  0.  0.  0.  0.  0.  0.  0.  0.  0.
  0.  0.  0.  0.  0.  0.  0.  0.  0.  0.  0.  0.  0.  0.  0.  0.  0.  0.
  0.  0.  0.  0.  0.  0.  0.  0.  0.  0.  0.  0.  0.  0.  0.  0.  0.  0.
  0.  0.  0.  0.  0.  0.  0.  0.  0.  0.  0.  0.  0.  0.  0.  0.  0.  0.
  0.  0.  0.  0.  0.  0.  0.  0.  0.]