[ 0.  0.  0.  0.  0.  0.  0.  0.  0.  0.  0.  0.  0.  0.  0.  0.  0.  0.
  0.  0.  0.  0.  0.  0.  0.  0.  0.  0.  0.  0.  0.  0.  0.  0.  0.  0.
  0.  0.  0.  0.  0.  0.  0.  0.  0.  0.  0.  0.  0.  0.  0.  0.  0.  0.
  0.  0.  0.  0.  0.  0.  0.  0.  0.  0.  0.  0.  0.  0.  0.  0.  0.  0.
  0.  0.  0.  0.  0.  0.  0.  0.  0. 14. 13.  0.  0.  0.  0.  0.  0.  0.
  0.  0. 30. 29. 17. 19.  0.  0.  0.  0.  0.  0.  0.  0.  0.  0.  0.  0.
  0.  0. 16. 15.  1.  5.  8.  0.  0.  0.  0.  0.  0.  0. 25. 31. 11. 21.
  6.  2.  4.  7.  0.  0.  0.  0.  0.  0.  0. 23. 22. 18. 12.  0.  9.  0.
  3. 10.  0.  0.  0.  0.  0.  0. 28.  0. 24.  0.  0.  0.  0.  0.  0.  0.
  0.  0.  0.  0.  0.  0. 26.  0. 20.  0.  0.  0.  0.  0.  0.  0.  0.  0.
  0.  0. 27.  0.  0.  0.  0.  0.  0.  0.  0.  0.  0.  0.  0.  0.  0.  0.
  0.  0.  0.  0.  0.  0.  0.  0.  0.  0.  0.  0.  0.  0.  0.  0.  0.  0.
  0.  0.  0.  0.  0.  0.  0.  0.  0.]