[ 0.  0.  0.  0.  0.  0.  0.  0.  0.  0.  0.  0.  0.  0.  0.  0.  0.  0.
  0.  0.  0.  0.  0.  0.  0.  0.  0.  0.  0.  0.  0.  0.  0.  0.  0.  0.
  0.  0.  0.  0.  0.  0.  0.  0.  0.  0.  0.  0.  0.  0.  0.  0.  0. 31.
  0.  0.  0.  0.  0.  0.  0.  0.  0.  0. 42.  0.  0.  0. 30.  9.  0.  0.
  0.  0.  0.  0. 40.  0.  0. 53. 27.  0.  0.  4. 26. 29.  0.  0.  0.  0.
  0.  0. 39.  0. 20. 28.  7.  2.  6. 13.  0. 34.  0.  0.  0.  0. 44. 41.
 37. 43. 15.  8.  1. 11. 25. 12.  0.  0.  0.  0.  0.  0.  0. 36. 23. 17.
 19. 16. 10. 52. 18. 35.  0.  0.  0.  0.  0.  0. 24. 59. 21. 14.  3.  5.
 51. 48.  0. 75.  0.  0.  0.  0.  0.  0. 45. 22. 38.  0. 50. 47. 49. 72.
  0.  0.  0.  0.  0.  0. 46. 32. 55. 54. 69. 66. 68. 64. 71. 70.  0.  0.
  0.  0.  0. 33.  0. 61. 56. 58. 60. 74. 65.  0.  0. 73.  0.  0.  0.  0.
  0.  0.  0. 57.  0. 62.  0.  0.  0.  0.  0.  0.  0.  0.  0.  0.  0.  0.
  0.  0. 67. 63.  0.  0.  0.  0.  0.]