[ 0.  0.  0.  0.  0.  0.  0.  0.  0.  0.  0.  0.  0.  0.  0.  0.  0.  0.
  0.  0.  0.  0.  0.  0.  0.  0.  0.  0.  0.  0.  0.  0.  0.  0.  0.  0.
  0.  0.  0.  0.  0.  0.  0.  0.  0.  0.  0.  0.  0.  0.  0.  0.  0.  0.
  0.  0.  0.  0.  0.  0.  0.  0.  0.  0.  0.  0.  0. 36. 22.  0.  0.  0.
  0.  0.  0.  0.  0.  0.  0.  0.  0.  0.  0. 21. 20.  0.  0.  0.  0.  0.
  0.  0.  0.  0.  0.  0.  0. 12. 15. 33. 23. 28. 27.  0.  0.  0.  0.  0.
  0.  0. 18.  9.  1.  5. 10. 35. 26.  0.  0.  0.  0.  0.  0.  0.  0.  0.
 19.  2.  3. 11. 14. 29.  0.  0.  0.  0.  0.  0.  0.  0.  0. 24. 25.  6.
  4.  7.  0. 37.  0.  0.  0.  0.  0.  0.  0.  0.  0.  0. 16.  8. 13. 30.
  0.  0.  0.  0.  0.  0.  0.  0.  0.  0. 17. 34.  0. 31.  0.  0.  0.  0.
  0.  0.  0.  0.  0.  0.  0.  0.  0.  0. 32.  0.  0.  0.  0.  0.  0.  0.
  0.  0.  0.  0.  0.  0.  0.  0.  0.  0.  0.  0.  0.  0.  0.  0.  0.  0.
  0.  0.  0.  0.  0.  0.  0.  0.  0.]