[ 0.  0.  0.  0.  0.  0.  0.  0.  0.  0.  0.  0.  0.  0.  0.  0.  0.  0.
  0.  0.  0.  0.  0.  0.  0.  0.  0.  0.  0.  0.  0.  0.  0.  0.  0.  0.
  0.  0.  0.  0.  0.  0.  0.  0.  0.  0.  0.  0.  0.  0.  0.  0.  0.  0.
  0.  0.  0.  0.  0.  0.  0.  0.  0.  0.  0.  0.  0.  0. 31.  0.  0.  0.
  0.  0.  0.  0.  0.  0.  0.  0.  0. 12.  3.  5. 30.  0. 29. 35.  0.  0.
  0.  0.  0.  0.  0. 13.  0.  0. 10. 19. 14. 28. 34.  0. 33.  0.  0.  0.
  0.  0.  0.  8.  1. 11. 15. 17. 18. 32.  0.  0.  0.  0.  0.  0.  0.  0.
  7.  2.  6. 22. 23. 20. 26.  0.  0.  0.  0.  0.  0.  0.  0.  0.  0.  4.
 21. 16. 24.  0. 27.  0.  0.  0.  0.  0.  0.  0.  0.  0.  0.  9.  0. 25.
 36.  0.  0.  0.  0.  0.  0.  0.  0.  0.  0.  0.  0.  0.  0.  0.  0.  0.
  0.  0.  0.  0.  0.  0.  0.  0.  0.  0.  0.  0.  0.  0.  0.  0.  0.  0.
  0.  0.  0.  0.  0.  0.  0.  0.  0.  0.  0.  0.  0.  0.  0.  0.  0.  0.
  0.  0.  0.  0.  0.  0.  0.  0.  0.]