[ 0.  0.  0.  0.  0.  0.  0.  0.  0.  0.  0.  0.  0.  0.  0.  0.  0.  0.
  0.  0.  0.  0.  0.  0.  0.  0.  0.  0.  0.  0.  0.  0.  0.  0.  0.  0.
  0.  0.  0.  0.  0.  0.  0.  0.  0.  0.  0.  0.  0.  0.  0.  0.  0.  0.
  0.  0.  0.  0.  0.  0.  0.  0.  0.  0.  0.  0.  0.  0.  0.  0.  0.  0.
  0.  0.  0.  0.  0.  0.  0.  0.  0.  0. 15.  0.  0.  0.  0.  0.  0.  0.
  0.  0.  0.  0.  0. 13.  0. 16.  0.  0. 20. 28.  0.  0.  0.  0.  0.  0.
 19. 12. 14.  0.  1.  5.  8. 22.  0.  0.  0.  0.  0.  0.  0.  0.  0. 11.
  6.  2.  4.  7. 27.  0.  0.  0.  0.  0.  0.  0.  0.  0.  0.  0.  9.  0.
  3. 10.  0.  0.  0.  0.  0.  0.  0.  0.  0.  0.  0.  0. 26. 23. 21. 25.
  0.  0.  0.  0.  0.  0.  0.  0.  0.  0. 18. 17.  0.  0.  0.  0.  0.  0.
  0.  0.  0.  0.  0.  0.  0.  0.  0. 24.  0.  0.  0.  0.  0.  0.  0.  0.
  0.  0.  0.  0.  0.  0.  0.  0.  0.  0.  0.  0.  0.  0.  0.  0.  0.  0.
  0.  0.  0.  0.  0.  0.  0.  0.  0.]