[ 0.  0.  0.  0.  0.  0.  0.  0.  0.  0.  0.  0.  0.  0.  0.  0.  0.  0.
  0.  0.  0.  0.  0.  0.  0.  0.  0.  0.  0.  0.  0.  0.  0.  0.  0.  0.
  0.  0.  0.  0.  0.  0.  0.  0.  0.  0.  0.  0.  0.  0.  0.  0.  0.  0.
  0.  0.  0.  0.  0.  0.  0.  0.  0.  0. 16.  0.  0.  0.  0.  0.  0.  0.
  0.  0.  0.  0.  0. 21.  0. 15. 17.  7. 18.  0.  0.  0.  0.  0.  0.  0.
  0.  0.  0.  0.  5. 11.  2.  0.  0.  0.  0.  0.  0.  0.  0.  0.  0.  0.
  0. 13. 12.  4.  1.  0.  0.  0.  0.  0.  0.  0.  0.  0.  0. 14. 19.  3.
  6. 10.  0.  0.  0.  0.  0.  0.  0.  0.  0.  0.  0. 20.  0.  8.  0.  0.
  0.  0.  0.  0.  0.  0.  0.  0.  0.  0.  0.  0.  9.  0.  0.  0.  0.  0.
  0.  0.  0.  0.  0.  0.  0.  0.  0.  0.  0.  0.  0.  0.  0.  0.  0.  0.
  0.  0.  0.  0.  0.  0.  0.  0.  0.  0.  0.  0.  0.  0.  0.  0.  0.  0.
  0.  0.  0.  0.  0.  0.  0.  0.  0.  0.  0.  0.  0.  0.  0.  0.  0.  0.
  0.  0.  0.  0.  0.  0.  0.  0.  0.]