[ 0.  0.  0.  0.  0.  0.  0.  0.  0.  0.  0.  0.  0.  0.  0.  0.  0.  0.
  0.  0.  0.  0.  0.  0.  0.  0.  0.  0.  0.  0.  0.  0.  0.  0.  0.  0.
  0.  0.  0.  0.  0.  0.  0.  0.  0.  0.  0.  0.  0.  0.  0.  0. 12.  0.
  0.  0.  0.  0.  0.  0.  0.  0.  0.  0.  0.  0.  0.  0. 11. 16. 13. 15.
  0.  0.  0.  0.  0.  0.  0.  0.  0.  0. 20. 19.  9. 17.  0. 21.  0.  0.
  0.  0.  0.  0.  0.  0.  0.  0. 14.  8.  7.  0.  0.  0.  0.  0.  0.  0.
  0.  0.  0.  0.  1.  0.  6. 18.  0.  0.  0.  0.  0.  0.  0.  0.  0.  0.
  0.  0.  2.  0.  0. 10.  0.  0.  0.  0.  0.  0.  0.  0.  0.  0.  4.  0.
  3.  0.  0.  0.  0.  0.  0.  0.  0.  0.  0.  0.  5.  0.  0.  0.  0.  0.
  0.  0.  0.  0.  0.  0.  0.  0.  0.  0.  0.  0.  0.  0.  0.  0.  0.  0.
  0.  0.  0.  0.  0.  0.  0.  0.  0.  0.  0.  0.  0.  0.  0.  0.  0.  0.
  0.  0.  0.  0.  0.  0.  0.  0.  0.  0.  0.  0.  0.  0.  0.  0.  0.  0.
  0.  0.  0.  0.  0.  0.  0.  0.  0.]