[ 0.  0.  0.  0.  0.  0.  0.  0.  0.  0.  0.  0.  0.  0.  0.  0.  0.  0.
  0.  0.  0.  0.  0.  0.  0.  0.  0.  0.  0.  0.  0.  0.  0.  0.  0.  0.
  0.  0.  0.  0.  0.  0.  0.  0.  0.  0.  0.  0.  0.  0.  0.  0.  0.  0.
  0.  0.  0.  0.  0.  0.  0.  0.  0.  0.  0.  0.  0.  0.  0.  0.  0.  0.
 33.  0.  0.  0.  0.  0.  0.  0.  0.  0. 15.  0.  0.  0. 32.  0.  0.  0.
  0.  0.  0.  0.  0. 13.  0.  8.  0. 27. 24. 26.  0.  0.  0.  0.  0.  0.
 17. 16. 14.  0.  1.  5. 10. 25. 34.  0.  0.  0.  0.  0.  0.  0.  0.  9.
  6.  2.  4.  7. 22. 35.  0.  0.  0.  0.  0.  0.  0.  0.  0.  0. 11. 12.
  3.  0. 28.  0.  0.  0.  0.  0.  0.  0.  0.  0. 18.  0. 36. 31. 23.  0.
 29.  0.  0.  0.  0.  0.  0.  0.  0. 19. 21. 37.  0. 30.  0.  0.  0.  0.
  0.  0.  0.  0.  0.  0.  0.  0. 20.  0.  0.  0.  0.  0.  0.  0.  0.  0.
  0.  0.  0.  0.  0.  0.  0.  0.  0.  0.  0.  0.  0.  0.  0.  0.  0.  0.
  0.  0.  0.  0.  0.  0.  0.  0.  0.]