[ 0.  0.  0.  0.  0.  0.  0.  0.  0.  0.  0.  0.  0.  0.  0.  0.  0.  0.
  0.  0.  0.  0.  0.  0.  0.  0.  0.  0.  0.  0.  0.  0.  0.  0.  0.  0.
  0.  0.  0.  0.  0.  0.  0.  0.  0.  0.  0.  0.  0.  0.  0.  0.  0.  0.
  0.  0.  0.  0.  0.  0.  0.  0.  0.  0.  0. 14.  0.  0.  0.  0.  0.  0.
  0.  0.  0.  0.  0.  0.  0.  0.  0. 11.  4.  5.  0.  0.  0.  0.  0.  0.
  0.  0.  0.  0. 16.  7.  0.  3.  8. 10.  0.  0.  0.  0.  0.  0.  0.  0.
  0. 44.  0.  6.  1. 13.  9.  0. 20.  0.  0.  0.  0.  0.  0. 43. 42. 36.
 15.  2. 12. 26. 19.  0.  0.  0.  0.  0.  0.  0.  0. 39. 23. 40.  0. 29.
 24. 25. 35.  0.  0.  0.  0.  0.  0.  0. 37.  0.  0.  0. 17. 18. 32.  0.
  0.  0.  0.  0.  0.  0. 38. 41.  0.  0. 21. 31. 22. 28. 30.  0.  0.  0.
  0.  0.  0.  0.  0.  0.  0.  0. 34. 27.  0.  0. 33.  0.  0.  0.  0.  0.
  0.  0.  0.  0.  0.  0.  0.  0.  0.  0.  0.  0.  0.  0.  0.  0.  0.  0.
  0.  0.  0.  0.  0.  0.  0.  0.  0.]