[ 0.  0.  0.  0.  0.  0.  0.  0.  0.  0.  0.  0.  0.  0.  0.  0.  0.  0.
  0.  0.  0.  0.  0.  0.  0.  0.  0.  0.  0.  0.  0.  0.  0.  0.  0.  0.
  0. 28.  0.  0.  0.  0.  0.  0.  0.  0.  0.  0.  0. 21. 25.  0. 29.  0.
  0.  0.  0.  0.  0.  0.  0.  0.  0.  0.  0. 20. 17. 34. 15.  0.  0.  0.
  0.  0.  0.  0.  0.  0.  0. 19. 18. 16. 14. 33. 32.  0.  0.  0.  0.  0.
  0.  0.  0.  0. 11. 24.  8. 10.  0.  3.  0.  0.  0.  0.  0.  0.  0.  0.
  0. 26.  6.  9.  1. 31. 12.  0.  0.  0.  0.  0.  0.  0.  0. 27. 23.  5.
  4.  2.  0. 30. 13.  0.  0.  0.  0.  0.  0.  0. 22.  0.  0.  0.  7.  0.
  0.  0.  0.  0.  0.  0.  0.  0.  0.  0.  0.  0.  0.  0.  0.  0.  0.  0.
  0.  0.  0.  0.  0.  0.  0.  0.  0.  0.  0.  0.  0.  0.  0.  0.  0.  0.
  0.  0.  0.  0.  0.  0.  0.  0.  0.  0.  0.  0.  0.  0.  0.  0.  0.  0.
  0.  0.  0.  0.  0.  0.  0.  0.  0.  0.  0.  0.  0.  0.  0.  0.  0.  0.
  0.  0.  0.  0.  0.  0.  0.  0.  0.]