[ 0.  0.  0.  0.  0.  0.  0.  0.  0.  0.  0.  0.  0.  0.  0.  0.  0.  0.
  0.  0.  0.  0.  0.  0.  0.  0.  0.  0.  0.  0.  0.  0.  0.  0.  0.  0.
  0. 33.  0.  0.  0.  0.  0.  0.  0.  0.  0.  0.  0.  0. 15.  0.  0. 29.
  0.  0.  0.  0.  0.  0.  0.  0.  0.  0. 17. 16. 14. 30. 11. 34.  0.  0.
  0.  0.  0.  0.  0.  0. 18.  0. 27. 13. 12. 10.  0.  0.  0.  0.  0.  0.
  0.  0.  0. 19. 20.  0. 28.  9.  4.  5.  0.  0.  0.  0.  0.  0.  0.  0.
  0.  0. 49.  0.  1.  6.  3.  0.  0. 40.  0.  0.  0.  0.  0. 26. 46.  0.
 21. 36.  2.  8. 31. 39.  0.  0.  0.  0.  0.  0. 48. 25. 24. 22.  0.  7.
 32. 37. 42.  0.  0.  0.  0.  0. 50. 47. 45. 23.  0. 51.  0. 35. 38.  0.
  0.  0.  0.  0.  0.  0.  0. 43.  0.  0.  0.  0.  0.  0. 41.  0.  0.  0.
  0.  0.  0.  0.  0.  0.  0. 44.  0.  0.  0.  0.  0.  0.  0.  0.  0.  0.
  0.  0.  0.  0.  0.  0.  0.  0.  0.  0.  0.  0.  0.  0.  0.  0.  0.  0.
  0.  0.  0.  0.  0.  0.  0.  0.  0.]