[ 0.  0.  0.  0.  0.  0.  0.  0.  0.  0.  0.  0.  0.  0.  0.  0.  0.  0.
  0.  0.  0.  0.  0.  0.  0.  0.  0.  0.  0.  0.  0.  0.  0.  0.  0.  0.
  0.  0.  0.  0.  0.  0.  0.  0.  0.  0.  0.  0.  0.  0.  0.  0.  0.  0.
  0.  0.  0.  0.  0.  0.  0.  0.  0.  0.  0.  0.  0.  0.  0. 17.  0.  0.
  0.  0.  0.  0.  0.  0.  0.  0.  0.  0. 21. 11. 19. 22.  0.  0.  0.  0.
  0.  0.  0.  0.  0.  0.  0. 18.  6. 15.  0.  0.  0.  0.  0.  0.  0.  0.
  0.  0. 12. 13.  1.  0. 20. 16. 23.  0.  0.  0.  0.  0.  0.  0.  0.  0.
  5.  2.  4.  0.  0.  0.  0.  0.  0.  0.  0.  0.  0.  0.  0. 14.  7.  8.
  3.  0.  0.  0.  0.  0.  0.  0.  0.  0.  0.  0.  0.  0.  9.  0.  0.  0.
  0.  0.  0.  0.  0.  0.  0.  0.  0.  0.  0.  0. 10.  0.  0.  0.  0.  0.
  0.  0.  0.  0.  0.  0.  0.  0.  0.  0.  0.  0.  0.  0.  0.  0.  0.  0.
  0.  0.  0.  0.  0.  0.  0.  0.  0.  0.  0.  0.  0.  0.  0.  0.  0.  0.
  0.  0.  0.  0.  0.  0.  0.  0.  0.]