[ 0.  0.  0.  0.  0.  0.  0.  0.  0.  0.  0.  0.  0.  0.  0.  0.  0.  0.
  0.  0.  0.  0.  0.  0.  0.  0.  0.  0.  0.  0.  0.  0.  0.  0.  0.  0.
 26.  0.  0.  0.  0.  0.  0.  0.  0.  0.  0.  0.  0.  0. 22. 23. 21. 24.
  0.  0.  0.  0.  0.  0.  0.  0.  0.  0.  0.  0.  0. 20. 25. 19.  0.  0.
  0.  0.  0.  0.  0.  0. 27. 34. 33. 17.  0. 10.  3.  0. 16.  0.  0.  0.
  0.  0.  0.  0. 28.  9.  4. 18.  8. 12. 15.  0.  0.  0.  0.  0.  0.  0.
 30. 29.  0.  6.  1. 11.  5. 13. 14.  0.  0.  0.  0.  0.  0. 32.  0.  0.
  7.  2. 38.  0.  0.  0.  0.  0.  0.  0.  0.  0.  0. 31. 36. 43. 37.  0.
  0.  0.  0.  0.  0.  0.  0.  0.  0.  0.  0. 42. 35. 41. 39.  0.  0.  0.
  0.  0.  0.  0.  0.  0.  0.  0.  0.  0.  0.  0. 40.  0.  0.  0.  0.  0.
  0.  0.  0.  0.  0.  0.  0.  0.  0.  0.  0.  0.  0.  0.  0.  0.  0.  0.
  0.  0.  0.  0.  0.  0.  0.  0.  0.  0.  0.  0.  0.  0.  0.  0.  0.  0.
  0.  0.  0.  0.  0.  0.  0.  0.  0.]