[ 0.  0.  0.  0.  0.  0.  0.  0.  0.  0.  0.  0.  0.  0.  0.  0.  0.  0.
  0.  0.  0.  0.  0.  0.  0.  0.  0.  0.  0.  0.  0.  0.  0.  0.  0.  0.
  0.  0.  0.  0.  0.  0.  0.  0.  0.  0.  0.  0.  0.  0.  0.  0.  0.  0.
  0.  0.  0.  0.  0.  0.  0.  0.  0.  0.  0.  0.  0.  0.  0.  0.  0.  0.
  0.  0.  0.  0.  0.  0.  0.  0.  0.  8.  5.  3.  7.  0.  0.  0.  0.  0.
  0.  0.  0.  0.  0.  0.  0.  0. 10. 15.  0.  0.  0.  0.  0.  0.  0.  0.
 24. 23. 21. 11.  1. 12. 18.  0.  0.  0.  0.  0.  0.  0.  0.  0. 25. 20.
  9.  6.  2.  0.  0.  0.  0.  0.  0.  0.  0.  0.  0.  0.  0. 14. 16.  4.
 17.  0.  0.  0.  0.  0.  0.  0.  0.  0.  0.  0. 19. 22. 13.  0.  0.  0.
  0.  0.  0.  0.  0.  0.  0. 26.  0.  0.  0.  0.  0.  0.  0.  0.  0.  0.
  0.  0.  0.  0.  0.  0.  0.  0.  0.  0.  0.  0.  0.  0.  0.  0.  0.  0.
  0.  0.  0.  0.  0.  0.  0.  0.  0.  0.  0.  0.  0.  0.  0.  0.  0.  0.
  0.  0.  0.  0.  0.  0.  0.  0.  0.]