[ 0.  0.  0.  0.  0.  0.  0.  0.  0.  0.  0.  0.  0.  0.  0.  0.  0.  0.
  0.  0.  0.  0.  0.  0.  0.  0.  0.  0.  0.  0.  0.  0.  0.  0.  0.  0.
  0.  0.  0.  0.  0.  0.  0.  0.  0.  0.  0.  0.  0.  0.  0.  0.  0.  0.
  0.  0.  0.  0.  0.  0.  0.  0.  0.  0.  0.  0.  0.  0.  0.  0.  0.  0.
  0.  0.  0.  0.  0.  0.  0.  0.  0.  0.  0.  4.  0.  0.  8.  0.  0.  0.
  0.  0.  0.  0.  0.  5. 20.  6. 18.  3. 11.  0.  0.  0.  0.  0.  0.  0.
  0. 14. 13.  9.  1.  7. 10.  0.  0.  0.  0.  0.  0.  0.  0.  0.  0. 16.
 17. 12.  2.  0.  0.  0.  0.  0.  0.  0.  0.  0. 27.  0. 15. 19.  0.  0.
  0.  0.  0.  0.  0.  0.  0.  0.  0.  0. 23. 25. 21. 26.  0.  0.  0.  0.
  0.  0.  0.  0.  0.  0. 24.  0.  0. 22.  0.  0.  0.  0.  0.  0.  0.  0.
  0.  0.  0.  0.  0.  0.  0.  0.  0.  0.  0.  0.  0.  0.  0.  0.  0.  0.
  0.  0.  0.  0.  0.  0.  0.  0.  0.  0.  0.  0.  0.  0.  0.  0.  0.  0.
  0.  0.  0.  0.  0.  0.  0.  0.  0.]