[ 0.  0.  0.  0.  0.  0.  0.  0.  0.  0.  0.  0.  0.  0.  0.  0.  0.  0.
  0.  0.  0.  0.  0.  0.  0.  0.  0.  0.  0.  0.  0.  0.  0.  0.  0.  0.
  0.  0.  0.  0.  0.  0.  0.  0.  0.  0.  0.  0.  0.  0.  0.  0.  0.  0.
  0.  0.  0.  0.  0.  0.  0.  0.  0.  0.  0.  0.  0.  0.  0. 13.  0.  0.
  0.  0.  0.  0.  0.  0.  0.  0.  0.  9.  0.  0.  8.  0.  0.  0.  0.  0.
  0.  0.  0.  0.  0.  0.  0.  4.  7.  0.  0.  0.  0.  0.  0.  0.  0.  0.
  0.  0.  0. 15.  1.  6. 10.  0.  0.  0.  0.  0.  0.  0.  0.  0.  0.  0.
  5.  3.  2. 12.  0.  0.  0.  0.  0.  0.  0.  0.  0.  0.  0.  0. 11.  0.
 18. 16. 14.  0.  0.  0.  0.  0.  0.  0.  0.  0.  0.  0.  0.  0.  0. 17.
  0.  0.  0.  0.  0.  0.  0.  0.  0.  0.  0.  0.  0.  0.  0.  0.  0.  0.
  0.  0.  0.  0.  0.  0.  0.  0.  0.  0.  0.  0.  0.  0.  0.  0.  0.  0.
  0.  0.  0.  0.  0.  0.  0.  0.  0.  0.  0.  0.  0.  0.  0.  0.  0.  0.
  0.  0.  0.  0.  0.  0.  0.  0.  0.]