[ 0.  0.  0.  0.  0.  0.  0.  0.  0.  0.  0.  0.  0.  0.  0.  0.  0.  0.
  0.  0.  0.  0.  0.  0.  0.  0.  0.  0.  0.  0.  0.  0.  0.  0.  0.  0.
  0.  0.  0.  0.  0.  0.  0.  0.  0.  0.  0.  0.  0.  0.  0. 37. 31.  0.
  0.  0.  0.  0.  0.  0.  0.  0.  0.  0.  0.  0. 30. 32. 25. 26.  0.  0.
  0.  0.  0.  0.  0.  0.  0.  0. 24. 29.  0.  0.  0.  0.  0.  0.  0.  0.
  0.  0. 36. 33. 35.  0.  3.  0.  6. 11.  0.  0.  0.  0.  0.  0.  0.  0.
 21. 22.  9.  0.  1. 10. 13.  0.  0.  0.  0.  0.  0.  0.  0. 34. 20. 17.
  5.  4.  2.  0.  0.  0.  0.  0.  0.  0.  0.  0. 19. 14. 18.  8. 12.  7.
  0.  0.  0.  0.  0.  0.  0.  0.  0.  0. 23. 15.  0. 16.  0.  0.  0.  0.
  0.  0.  0.  0.  0.  0.  0.  0.  0.  0. 27.  0.  0.  0.  0.  0.  0.  0.
  0.  0.  0.  0.  0.  0. 28.  0.  0.  0.  0.  0.  0.  0.  0.  0.  0.  0.
  0.  0.  0.  0.  0.  0.  0.  0.  0.  0.  0.  0.  0.  0.  0.  0.  0.  0.
  0.  0.  0.  0.  0.  0.  0.  0.  0.]