[  0.   0.   0.   0.   0.   0.   0.   0.   0.   0.   0.   0.   0.   0.
   0.   0.   0.   0.   0.   0.   0.   0.   0.   0.  51.   0.   0.   0.
   0.   0.   0.   0.  72.   0.  73.  54.  52.  55.  50.  97.  90.   0.
  96. 109.   0.   0.   0.   0.  74.   0.  41.  53.  46.  98.  88.   0.
  95.   0. 108.   0.   0.   0.   0.  75.  93.   0.  40.  47.  91.   0.
  89.  92. 105. 106.   0.   0.  67.  66.  64.  56.  48.  65.  38.   3.
   0.   0. 107. 104.   0.   0.   0.  94.  70.  69.  49.  57.  45.   6.
   8.   9.  37.   0.   0.  32.   0.   0.   0.  71.   0.  68.  20.   0.
   1.   0.   4.  10.  24.  25.  39. 111.   0.  83.   0.   0.   0.  86.
  19.  18.   2.   7.  11.  31.  26.   0. 110.   0.  84.   0.  76.  77.
  85.  14.   5.  13.  35.  23.  36.   0.   0.   0.   0.   0.  87.  81.
  22.  21. 103.  15.  12.  29.  60.  28.  99.   0.   0.   0. 115.  82.
  78. 114.  79.  16.  17.  30.  43.  27. 100.   0.   0.   0.   0.   0.
   0.   0.   0.  63.  58.  62.  42.  44.  59.  33.   0.   0.   0.   0.
   0.   0. 112. 113.  80. 102.  61.   0.   0.   0.   0.  34.   0.   0.
   0.   0.   0.   0.   0.   0.   0.   0. 101.   0.   0.   0.   0.   0.
   0.]