[ 0.  0.  0.  0. 50.  0.  0.  0.  0.  0.  0.  0.  0.  0.  0.  0.  0.  0.
  0.  0. 49.  0.  0. 46.  0.  0.  0.  0.  0.  0.  0.  0.  0.  0. 38.  0.
 52.  0. 45.  0.  0.  0.  0.  0.  0.  0.  0.  0.  0.  0. 37.  0. 47. 43.
 40.  0.  0.  0.  0.  0.  0.  0.  0.  0. 42. 41. 35.  0. 39. 44.  0.  0.
  0.  0.  0.  0.  0.  0.  0.  0. 48. 36. 31. 53. 51. 55.  0.  0.  0.  0.
  0.  0.  0. 24.  0. 28. 29. 34. 54.  0.  0.  0.  0.  0.  0.  0.  0.  0.
 26. 23. 25. 21.  1.  4.  0.  0.  0.  0.  0.  0.  0.  0.  0. 27. 32. 17.
 30.  2.  0.  3.  0.  0.  0.  0.  0.  0.  0.  0.  0. 22. 11.  9.  0.  5.
  6.  0.  0.  0.  0.  0.  0.  0.  0.  0. 16. 20.  0.  7. 14.  0.  0.  0.
  0.  0.  0.  0.  0.  0.  0.  0. 13.  8. 12. 10. 18. 19.  0.  0.  0.  0.
  0.  0.  0.  0.  0.  0. 15.  0.  0.  0.  0.  0.  0.  0.  0.  0.  0.  0.
  0.  0.  0.  0.  0. 33.  0.  0.  0.  0.  0.  0.  0.  0.  0.  0.  0.  0.
  0.  0.  0.  0.  0.  0.  0.  0.  0.]