[ 0.  0.  0.  0.  0.  0.  0.  0.  0.  0.  0.  0.  0.  0.  0.  0.  0.  0.
  0.  0.  0.  0.  0.  0.  0.  0.  0.  0.  0.  0.  0.  0.  0.  0.  0.  0.
  0.  0.  0.  0.  0.  0.  0.  0.  0.  0.  0.  0.  0.  0.  0.  0.  0.  0.
  0.  0.  0.  0.  0.  0.  0.  0.  0.  0.  0.  0.  0.  0.  0. 16.  0.  0.
  0.  0.  0.  0.  0.  0.  0.  0.  0.  0.  6.  5.  3. 15. 28. 27.  0.  0.
  0.  0.  0.  0.  0.  0.  0. 11.  4. 10. 26.  0. 29.  0.  0.  0.  0.  0.
  0.  0.  0. 12.  1.  8.  7. 22. 21.  0.  0.  0.  0.  0.  0.  0.  0.  0.
  0.  0.  2.  0.  0. 23. 25.  0.  0.  0.  0.  0.  0.  0.  0. 13. 14.  9.
  0.  0. 24.  0.  0.  0.  0.  0.  0.  0.  0.  0.  0. 17.  0. 19.  0.  0.
  0.  0.  0.  0.  0.  0.  0.  0.  0. 18.  0. 20.  0.  0.  0.  0.  0.  0.
  0.  0.  0.  0.  0.  0.  0.  0.  0.  0.  0.  0.  0.  0.  0.  0.  0.  0.
  0.  0.  0.  0.  0.  0.  0.  0.  0.  0.  0.  0.  0.  0.  0.  0.  0.  0.
  0.  0.  0.  0.  0.  0.  0.  0.  0.]