[ 0.  0.  0.  0.  0.  0.  0.  0.  0.  0.  0.  0.  0.  0.  0.  0.  0.  0.
  0.  0.  0.  0.  0.  0.  0. 49.  0.  0.  0.  0. 95.  0.  0. 78. 82. 83.
 80.  0. 55. 54. 52. 48.  0. 47.  0.  0. 94. 96. 88. 84. 79.  0. 56.  0.
 53. 51.  0. 46.  0.  0.  0.  0. 92. 91. 85. 86.  0. 77. 81.  0. 50. 38.
 27. 40.  0.  0. 93.  0. 90. 69. 87. 89. 72.  0. 41. 30. 24. 37. 36.  0.
  0.  0.  0.  0. 62. 64. 67.  0. 60.  0. 26. 39. 28. 35.  0.  0.  0.  0.
  0.  0. 61. 68.  1.  3.  6.  5. 25. 32. 29. 31.  0.  0.  0.  0.  0. 63.
 59.  2.  4.  7. 21. 22. 17. 33.  0.  0.  0.  0. 76. 75. 57.  0. 11.  8.
 74. 10. 14. 15. 44.  0.  0.  0.  0. 71. 70. 66. 58.  0. 13.  9. 16. 34.
 20. 43.  0.  0.  0.  0.  0.  0. 65.  0. 73.  0. 12. 19. 23.  0.  0.  0.
  0.  0.  0.  0.  0.  0.  0.  0. 45.  0. 18. 42.  0.  0.  0.  0.  0.  0.
  0.  0.  0.  0.  0.  0.  0.  0.  0.  0.  0.  0.  0.  0.  0.  0.  0.  0.
  0.  0.  0.  0.  0.  0.  0.  0.  0.]