[ 0.  0.  0.  0.  0.  0.  0.  0.  0.  0.  0.  0.  0.  0.  0.  0.  0.  0.
  0.  0.  0.  0.  0.  0.  0.  0.  0.  0.  0.  0.  0.  0.  0.  0.  0.  0.
  0.  0.  0.  0. 40.  0.  0.  0.  0.  0.  0.  0.  0.  0.  0.  0.  0.  0.
  0. 39. 38.  0.  0.  0.  0.  0.  0.  0.  0.  0.  0.  0. 12.  0. 37.  0.
  0.  0.  0.  0.  0.  0.  0.  0.  0.  0. 24. 23.  9. 21.  0.  0.  0.  0.
  0.  0.  0.  0.  0.  0.  0. 43. 17.  8.  7.  0.  0.  0.  0.  0.  0.  0.
  0. 42. 31. 41.  1. 29.  6. 22. 11.  0.  0.  0.  0.  0.  0.  0. 25. 30.
 10. 18.  2. 19. 14.  0. 15.  0.  0.  0.  0.  0.  0. 27. 26. 20.  4.  0.
  3.  0.  0.  0. 16.  0.  0.  0.  0.  0.  0. 28.  5.  0. 13.  0.  0.  0.
  0.  0.  0.  0.  0.  0.  0. 33. 35.  0.  0.  0.  0.  0.  0.  0.  0.  0.
  0.  0.  0. 32. 36. 34.  0.  0.  0.  0.  0.  0.  0.  0.  0.  0.  0.  0.
  0.  0.  0.  0.  0.  0.  0.  0.  0.  0.  0.  0.  0.  0.  0.  0.  0.  0.
  0.  0.  0.  0.  0.  0.  0.  0.  0.]