[ 0.  0.  0.  0.  0.  0.  0.  0.  0.  0.  0. 57.  0.  0.  0.  0.  0.  0.
  0.  0.  0.  0.  0.  0.  0.  0. 58.  0.  0.  0.  0.  0.  0.  0.  0.  0.
  0.  0.  0.  0.  0. 55.  0.  0.  0.  0.  0.  0.  0.  0. 53. 41.  0. 12.
 38. 30. 39.  0.  0.  0.  0.  0.  0.  0.  0. 52. 42. 32. 31. 11. 29. 33.
 34.  0.  0.  0.  0.  0.  0. 49. 50. 37.  3.  0. 10. 27. 56. 26.  0.  0.
  0.  0.  0.  0.  0. 36. 35.  0.  5.  8.  7. 25. 47. 64. 63.  0.  0.  0.
 51. 16.  0.  0.  1. 20.  6. 23. 40. 46. 48.  0.  0.  0.  0. 54. 68. 15.
  0.  4.  2.  9. 24. 28.  0. 45.  0.  0.  0. 70.  0. 66. 14. 13. 73. 43.
 74. 19. 80.  0.  0.  0.  0. 71.  0.  0. 69. 67. 17. 44. 75.  0.  0. 81.
 82.  0.  0.  0.  0.  0. 59.  0.  0. 18. 72. 21. 77.  0. 76.  0.  0.  0.
  0.  0.  0.  0.  0.  0. 65. 60. 62. 22. 78. 79.  0.  0.  0.  0.  0.  0.
  0.  0.  0.  0.  0. 61.  0.  0.  0.  0.  0.  0.  0.  0.  0.  0.  0.  0.
  0.  0.  0.  0.  0.  0.  0.  0.  0.]