[ 0.  0.  0.  0.  0.  0.  0.  0.  0.  0.  0.  0.  0.  0.  0.  0.  0.  0.
  0.  0.  0.  0.  0.  0.  0.  0.  0.  0.  0.  0.  0.  0.  0.  0.  0.  0.
  0.  0.  0.  0.  0.  0.  0.  0.  0.  0.  0.  0.  0.  0.  0.  0.  0.  0.
  0.  0.  0.  0.  0.  0.  0.  0.  0.  0.  0.  0.  0. 22.  0.  0.  0.  0.
  0.  0.  0.  0.  0.  0.  0. 16.  0.  9. 24.  0.  0.  0.  0.  0.  0.  0.
  0.  0.  0.  0.  0. 15.  4.  2.  7.  0.  0.  0.  0.  0.  0.  0.  0.  0.
  0. 21.  6.  5.  1.  8. 10.  0.  0.  0.  0.  0.  0.  0.  0.  0. 25. 26.
 11. 13.  3. 14.  0.  0.  0.  0.  0.  0.  0.  0.  0. 27. 12.  0. 32.  0.
 17. 18.  0.  0.  0.  0.  0.  0.  0.  0. 30. 28.  0. 23.  0.  0. 20. 19.
  0.  0.  0.  0.  0.  0.  0.  0. 29.  0. 31. 33.  0.  0.  0.  0.  0.  0.
  0.  0.  0.  0.  0.  0.  0.  0.  0.  0.  0.  0.  0.  0.  0.  0.  0.  0.
  0.  0.  0.  0.  0.  0.  0.  0.  0.  0.  0.  0.  0.  0.  0.  0.  0.  0.
  0.  0.  0.  0.  0.  0.  0.  0.  0.]