[  0.   0.   0.   0.   0.   0.   0.   0.   0.   0.   0.   0.   0.   0.
   0.   0.   0.   0.   0.   0.   0.   0.   0.   0.  97.   0.   0.   0.
   0.   0.   0.   0.  60.  53.  49.  35.  54.  41.  40.   0.   0.   0.
  98.   0.   0.   0.   0. 102.  59.  58.  50.  34.  36.  45.  38.  39.
  95.  93.   0.   0.   0.   0.  99. 101.  57.  52.   0.  14.  31.  46.
  83.  96.  92.  94.   0.   0. 100.   0.  56.  55.  51.  13.  37.  28.
  47.  27.  33.  48.  91.   0.   0.   0.   0.   0.  12.  11.   6.   0.
  84.  73.  32.  30.  81.   0.   0.   0.   0.  44.  43.   9.   5.  10.
   1.  16.   4.  29.   0.  78.   0.   0.   0.   0.  77.  42.   0.   0.
   7.   2.   0.   3.  79.  71.  80.   0.   0.   0.   0.  76.  85. 103.
   8.  20.  23.  15.  26.  68.  72.  74.  75.   0.   0.   0.   0.  82.
   0.  21.  22.  17.  19.  62.  61.   0.   0.   0.   0.   0.   0.  89.
   0.  86.  88.  18.  25.  64.  24.  67.   0.   0.   0.   0.   0.   0.
   0.   0.  90.  87.  69.  65.  70.  63.   0.   0.   0.   0.   0.   0.
   0.   0.   0.   0.   0.   0.  66.   0.   0.   0.   0.   0.   0.   0.
   0.   0.   0.   0.   0.   0.   0.   0.   0.   0.   0.   0.   0.   0.
   0.]