[ 0.  0.  0.  0.  0.  0.  0.  0.  0.  0.  0.  0.  0.  0.  0.  0.  0.  0.
  0. 72. 73.  0.  0.  0.  0. 87. 50.  0.  0.  0.  0.  0.  0.  0.  0. 71.
 54.  0. 57. 38. 84. 47.  0.  0.  0.  0.  0. 68.  0. 55.  0.  0.  0.  0.
 85. 48. 49.  0.  0.  0.  0. 69. 64. 18.  0. 11.  9.  7. 12. 37. 86. 35.
 34.  0.  0. 95. 89.  0. 17. 14. 16. 56.  8.  5.  0. 32. 33.  0.  0.  0.
  0. 88. 59. 22. 21. 15. 13.  3.  4. 10. 31. 36.  0.  0.  0. 63. 62. 58.
 60. 20. 61.  6.  1.  0. 27.  0.  0. 66.  0.  0.  0. 76. 96. 94. 90.  0.
  0.  2. 25. 24.  0.  0. 39. 67.  0. 77. 78.  0. 81. 92. 70. 19. 28. 23.
 26. 53. 41. 51. 40.  0.  0. 79.  0.  0. 80. 65. 91.  0. 75.  0. 42. 46.
 43.  0.  0.  0.  0.  0. 82. 93.  0.  0. 74. 30. 29.  0. 45. 52. 44.  0.
  0.  0. 83.  0.  0.  0.  0.  0.  0.  0.  0.  0.  0.  0.  0.  0.  0.  0.
  0.  0.  0.  0.  0.  0.  0.  0.  0.  0.  0.  0.  0.  0.  0.  0.  0.  0.
  0.  0.  0.  0.  0.  0.  0.  0.  0.]