[ 0.  0.  0.  0.  0.  0.  0.  0.  0.  0.  0.  0.  0.  0.  0.  0.  0.  0.
  0.  0.  0.  0.  0.  0.  0.  0.  0.  0.  0.  0.  0.  0.  0.  0.  0.  0.
  0.  0.  0.  0.  0.  0.  0.  0.  0.  0.  0.  0.  0.  0.  0.  0.  0.  0.
 24.  0.  0.  0.  0.  0.  0.  0.  0.  0. 45. 46. 43. 33. 15. 44. 17. 20.
  0.  0.  0.  0.  0.  0.  0.  0. 47. 23. 22.  0. 16. 18. 19.  0.  0.  0.
  0.  0.  0.  0. 48.  0. 49. 13. 10. 21.  0.  0.  0.  0.  0.  0.  0. 32.
 35. 34.  0. 14.  1. 12.  9.  0.  0.  0.  0.  0.  0.  0. 37. 27. 28.  0.
 11.  0.  2.  4.  7.  0.  0.  0.  0.  0.  0.  0. 36. 31.  0.  0.  6.  3.
  5.  0.  0.  0.  0.  0.  0.  0.  0.  0. 30. 25. 29.  0.  8.  0.  0.  0.
  0.  0.  0.  0.  0.  0. 40. 41. 26.  0.  0.  0.  0.  0.  0.  0.  0.  0.
  0.  0.  0. 42.  0.  0. 39.  0.  0.  0.  0.  0.  0.  0.  0.  0.  0.  0.
  0.  0.  0.  0. 38.  0.  0.  0.  0.  0.  0.  0.  0.  0.  0.  0.  0.  0.
  0.  0.  0.  0.  0.  0.  0.  0.  0.]