[ 0.  0.  0.  0.  0.  0.  0.  0.  0.  0.  0.  0.  0.  0.  0.  0.  0.  0.
  0.  0.  0.  0.  0.  0.  0.  0.  0.  0.  0.  0.  0.  0.  0.  0.  0.  0.
  0.  0.  0. 43. 47.  0.  0.  0.  0.  0.  0.  0.  0.  0.  0.  0.  0. 40.
 45. 44.  0.  0.  0.  0.  0.  0.  0.  0.  0.  0.  0. 20.  0. 19.  0.  0.
 41. 42.  0.  0.  0.  0.  0.  0.  0. 12.  3.  5. 46. 37.  0.  0.  0.  0.
  0.  0.  0.  0.  0. 21.  0. 17. 10. 14. 38. 39.  0.  0.  0.  0.  0.  0.
  0.  0.  0.  8.  1. 11. 25.  0.  0.  0.  0.  0.  0.  0.  0.  0.  0.  0.
  7.  2.  6. 23.  0. 22.  0.  0.  0.  0.  0.  0.  0.  0.  0.  0. 24.  4.
  0. 13. 35.  0.  0.  0.  0.  0.  0.  0. 32. 36.  0.  0.  0.  9. 34. 18.
  0.  0.  0.  0.  0.  0.  0.  0. 30.  0. 27. 15. 28.  0.  0.  0.  0.  0.
  0.  0.  0.  0. 31.  0. 33. 16. 26. 29.  0.  0.  0.  0.  0.  0.  0.  0.
  0.  0.  0.  0.  0.  0.  0.  0.  0.  0.  0.  0.  0.  0.  0.  0.  0.  0.
  0.  0.  0.  0.  0.  0.  0.  0.  0.]