[ 0.  0.  0.  0.  0.  0.  0.  0.  0.  0.  0.  0.  0.  0.  0.  0.  0.  0.
  0.  0.  0.  0.  0.  0.  0.  0.  0.  0.  0.  0.  0.  0.  0.  0.  0.  0.
  0.  0.  0.  0.  0.  0.  0.  0.  0.  0.  0.  0.  0.  0.  0.  0.  0.  0.
  0.  0.  0.  0.  0.  0.  0.  0.  0.  0.  0.  0.  0.  0.  0.  0.  0.  0.
  0.  0.  0.  0.  0.  0.  0.  0.  0.  0.  0.  0.  0.  0.  0.  0.  0.  0.
  0.  0.  0.  0.  0.  5. 11.  0.  0. 17.  0.  0.  0.  0.  0.  0.  0.  0.
  0.  0.  0.  4.  1. 16.  3.  0.  0.  0.  0.  0.  0.  0.  0.  0.  0.  9.
  8.  2.  6. 19. 18.  0.  0.  0.  0.  0.  0.  0.  0.  0.  0. 10.  0.  7.
  0.  0.  0.  0.  0.  0.  0.  0.  0.  0.  0. 12. 14.  0.  0.  0.  0.  0.
  0.  0.  0.  0.  0.  0.  0. 13.  0. 15.  0.  0.  0.  0.  0.  0.  0.  0.
  0.  0.  0.  0.  0.  0.  0.  0.  0.  0.  0.  0.  0.  0.  0.  0.  0.  0.
  0.  0.  0.  0.  0.  0.  0.  0.  0.  0.  0.  0.  0.  0.  0.  0.  0.  0.
  0.  0.  0.  0.  0.  0.  0.  0.  0.]