[ 0.  0.  0.  0.  0.  0.  0.  0.  0.  0.  0.  0.  0.  0.  0.  0.  0.  0.
  0.  0.  0.  0.  0.  0.  0.  0.  0.  0.  0.  0.  0.  0.  0.  0.  0.  0.
  0.  0.  0.  0.  0.  0.  0.  0.  0.  0.  0.  0.  0.  0.  0.  0.  0.  0.
  0.  0.  0.  0.  0.  0.  0.  0.  0.  0.  0.  0.  0.  0.  0.  0.  0.  0.
  0.  0.  0.  0.  0.  0.  0.  0. 36.  0.  0.  0.  0. 16.  0.  0.  0.  0.
  0.  0.  0. 34. 33. 31.  0.  0.  6. 15.  0.  0.  0.  0.  0.  0.  0.  0.
 35. 30. 32. 14.  1. 11.  5. 12.  0.  0.  0.  0.  0.  0.  0.  0.  0. 13.
  0. 26.  2.  8.  9.  0.  0.  0.  0.  0. 42.  0. 39. 24. 29. 25.  4.  7.
  3. 10. 48.  0.  0.  0.  0.  0. 41. 40. 38. 17. 20. 51. 19.  0. 50. 45.
  0.  0.  0.  0.  0.  0. 37.  0. 18. 23. 22. 54. 55. 46. 47.  0.  0.  0.
  0.  0.  0. 44. 21. 43.  0. 27. 28. 53.  0.  0.  0.  0.  0.  0.  0.  0.
  0. 52.  0.  0.  0.  0. 49.  0.  0.  0.  0.  0.  0.  0.  0.  0.  0.  0.
  0.  0.  0.  0.  0.  0.  0.  0.  0.]