[ 0.  0.  0.  0.  0.  0.  0.  0.  0.  0.  0.  0.  0.  0.  0.  0.  0.  0.
  0.  0.  0.  0.  0.  0.  0.  0.  0.  0.  0.  0.  0.  0.  0.  0.  0.  0.
  0.  0.  0.  0.  0.  0.  0.  0.  0.  0.  0.  0.  0.  0.  0.  0.  0.  0.
  0.  0.  0.  0.  0.  0.  0.  0.  0.  0.  0.  0.  0.  0.  0.  0.  0.  0.
  0.  0.  0.  0.  0.  0.  0.  0.  0.  0.  0.  0.  0.  0.  0.  0.  0.  0.
  0.  0.  0.  0.  0.  0.  0.  0.  8.  3.  0.  0.  0.  0.  0.  0.  0.  0.
  0.  0.  0.  0.  1.  0.  0.  6.  0.  0.  0.  0.  0.  0.  0.  0.  0. 16.
  7.  4.  2.  0.  0.  0.  0.  0.  0.  0.  0.  0.  0. 24.  9. 10.  0.  5.
  0.  0.  0.  0.  0.  0.  0. 25.  0.  0. 11. 13. 14.  0.  0.  0.  0.  0.
  0.  0.  0.  0.  0.  0. 12. 23. 15.  0.  0.  0.  0.  0.  0.  0.  0.  0.
  0.  0.  0.  0. 21. 19. 17. 22.  0.  0.  0.  0.  0.  0.  0.  0.  0.  0.
  0.  0. 20.  0. 18.  0.  0.  0.  0.  0.  0.  0.  0.  0.  0.  0.  0.  0.
  0.  0.  0.  0.  0.  0.  0.  0.  0.]