[ 0.  0.  0.  0.  0.  0.  0.  0.  0.  0.  0.  0.  0.  0.  0.  0.  0.  0.
  0.  0.  0.  0.  0.  0. 49. 48.  0.  0.  0.  0.  0.  0.  0.  0.  0.  0.
  0.  0.  0.  0. 47. 42.  0.  0.  0.  0.  0.  0.  0.  0. 32.  0. 26.  0.
 39. 41. 43. 44.  0.  0.  0.  0.  0.  0.  0.  0. 21. 29. 34. 33. 45.  0.
  0.  0.  0.  0.  0.  0.  0. 30. 17. 28. 27.  3. 37. 35. 38.  0.  0.  0.
  0.  0.  0.  0. 19. 31. 20. 13. 46. 40. 36.  0.  0.  0.  0.  0.  0. 23.
 22. 16. 18. 14.  1.  4.  0.  0.  0.  0.  0.  0.  0.  0.  0.  0.  0.  7.
  6.  2.  9.  8.  0.  0.  0.  0.  0.  0.  0.  0.  0.  0.  0.  5.  0.  0.
 10. 12. 15.  0.  0.  0.  0.  0.  0.  0.  0.  0.  0.  0.  0. 11.  0. 24.
  0.  0.  0.  0.  0.  0.  0.  0.  0.  0.  0.  0.  0.  0.  0. 25.  0.  0.
  0.  0.  0.  0.  0.  0.  0.  0.  0.  0.  0.  0.  0.  0.  0.  0.  0.  0.
  0.  0.  0.  0.  0.  0.  0.  0.  0.  0.  0.  0.  0.  0.  0.  0.  0.  0.
  0.  0.  0.  0.  0.  0.  0.  0.  0.]