[ 0.  0.  0. 85.  0.  0.  0.  0.  0.  0.  0.  0.  0.  0.  0.  0.  0.  0.
  0. 84. 83.  0.  0. 81.  0.  0.  0.  0.  0.  0.  0.  0.  0. 74.  0. 82.
 63. 80.  0.  0.  0.  0.  0.  0.  0.  0.  0.  0. 73. 72. 62. 64. 60. 65.
  0.  0.  0.  0.  0.  0.  0.  0.  0.  0. 88. 66. 61. 78. 56.  0. 49.  0.
  0.  0.  0.  0.  0.  0.  0. 86. 76. 75. 59. 79. 50. 42. 54. 55.  0.  0.
  0.  0.  0. 87.  0. 77.  0.  8.  3. 34.  0.  0. 57. 52.  0.  0.  0.  0.
  0.  0. 10.  5.  1. 43. 33. 12.  0. 51.  0.  0.  0.  0.  0. 71. 23.  7.
  6.  2.  4.  9. 36. 35. 58.  0.  0.  0.  0. 29. 22. 28. 26. 14. 11.  0.
  0. 37. 53.  0.  0.  0.  0. 67.  0. 68. 21. 15. 20. 13. 45.  0. 44. 40.
  0.  0.  0.  0.  0. 69.  0.  0. 19. 16. 18. 38. 46. 39.  0.  0.  0.  0.
  0.  0. 32. 31.  0. 25. 17.  0. 24.  0. 41.  0.  0.  0.  0.  0.  0.  0.
  0. 70. 30.  0. 47.  0. 27.  0.  0.  0.  0.  0.  0.  0.  0.  0.  0.  0.
  0.  0. 48.  0.  0.  0.  0.  0.  0.]