[ 0.  0.  0.  0.  0.  0.  0.  0.  0.  0.  0.  0.  0.  0.  0.  0.  0.  0.
  0.  0.  0.  0.  0.  0.  0.  0.  0.  0.  0.  0.  0.  0.  0.  0.  0.  0.
  0.  0.  0.  0.  0.  0.  0.  0.  0.  0.  0.  0.  0.  0.  0.  0.  0.  0.
  0.  0.  0.  0.  0.  0.  0.  0.  0.  0.  0.  0.  0.  0.  0.  0.  0.  0.
  0.  0.  0.  0.  0.  0.  0.  0.  0. 22.  0. 17.  0.  0.  0.  0.  0.  0.
  0.  0.  0.  0.  0.  0. 40. 15.  6. 10.  0.  0.  0.  0.  0.  0.  0.  0.
  0.  0. 14. 13.  1. 11.  9. 12. 44.  0.  0.  0.  0.  0.  0.  0. 28. 20.
  5.  2.  4. 21. 43. 16.  0.  0.  0.  0.  0.  0.  0.  0. 27. 39.  8.  7.
  3. 47.  0. 18.  0.  0.  0.  0.  0.  0. 31. 34. 25. 33. 29. 46. 45. 48.
  0. 19.  0.  0.  0.  0. 32.  0.  0. 26. 23. 37. 24.  0.  0.  0.  0.  0.
  0.  0.  0.  0.  0.  0. 30.  0. 35. 41. 49.  0.  0.  0.  0.  0.  0.  0.
  0.  0.  0.  0.  0. 38. 36. 42.  0.  0.  0.  0.  0.  0.  0.  0.  0.  0.
  0.  0.  0.  0.  0.  0.  0.  0.  0.]