[ 0.  0.  0.  0.  0.  0.  0.  0.  0.  0.  0.  0.  0.  0.  0.  0.  0.  0.
  0. 24.  0.  0.  0.  0.  0.  0.  0.  0.  0.  0.  0.  0.  0.  0.  0. 23.
 14.  0. 19. 16.  0.  0.  0.  0.  0.  0.  0.  0.  0.  0. 18. 13. 17. 15.
  0.  0.  0.  0.  0.  0.  0.  0.  0.  0.  0. 12. 11.  7. 22.  0.  0.  0.
  0.  0.  0.  0.  0.  0.  0.  0. 20.  5.  0. 21. 10.  0.  0.  0.  0.  0.
  0.  0.  0.  0.  0.  0.  2.  8.  9. 25.  0.  0.  0.  0.  0.  0.  0.  0.
  0.  6.  3.  0.  1.  4.  0.  0.  0.  0.  0.  0.  0.  0.  0.  0.  0.  0.
  0.  0.  0.  0.  0.  0.  0.  0.  0.  0.  0.  0.  0.  0.  0.  0.  0.  0.
  0.  0.  0.  0.  0.  0.  0.  0.  0.  0.  0.  0.  0.  0.  0.  0.  0.  0.
  0.  0.  0.  0.  0.  0.  0.  0.  0.  0.  0.  0.  0.  0.  0.  0.  0.  0.
  0.  0.  0.  0.  0.  0.  0.  0.  0.  0.  0.  0.  0.  0.  0.  0.  0.  0.
  0.  0.  0.  0.  0.  0.  0.  0.  0.  0.  0.  0.  0.  0.  0.  0.  0.  0.
  0.  0.  0.  0.  0.  0.  0.  0.  0.]