[ 0.  0.  0.  0.  0.  0.  0.  0.  0.  0.  0.  0.  0.  0.  0.  0.  0.  0.
  0.  0.  0.  0.  0.  0.  0.  0.  0.  0.  0.  0.  0.  0.  0.  0.  0.  0.
  0.  0.  0.  0.  0.  0.  0.  0.  0.  0.  0.  0.  0.  0.  0.  0.  0.  0.
  0.  0.  0.  0.  0.  0.  0.  0.  0.  0.  0.  0.  0.  0.  0.  0.  0.  0.
  0.  0.  0.  0.  0.  0.  0.  0.  0.  0. 11.  0.  0.  0.  0.  0.  0.  0.
  0.  0.  0.  0.  0.  0. 21. 14.  6.  0.  9.  0.  0.  0.  0.  0.  0. 28.
 29. 22. 12.  0.  1.  7.  8.  0.  0.  0.  0.  0.  0.  0. 34. 30. 20.  0.
 13.  0.  2.  0. 10. 15.  0.  0.  0.  0.  0. 32.  0. 31. 19. 18.  4.  0.
  3.  0. 16.  0.  0.  0.  0. 33.  0.  0. 23. 26.  5. 25.  0.  0.  0.  0.
 17.  0.  0.  0.  0.  0. 24. 27.  0.  0.  0.  0.  0.  0.  0.  0.  0.  0.
  0.  0.  0.  0.  0.  0.  0.  0.  0.  0.  0.  0.  0.  0.  0.  0.  0.  0.
  0.  0.  0.  0.  0.  0.  0.  0.  0.  0.  0.  0.  0.  0.  0.  0.  0.  0.
  0.  0.  0.  0.  0.  0.  0.  0.  0.]