[ 0.  0.  0.  0.  0.  0.  0.  0.  0. 48.  0.  0.  0.  0.  0.  0.  0.  0.
  0.  0.  0.  0.  0. 49.  0.  0.  0.  0.  0.  0.  0.  0.  0.  0.  0. 51.
 28. 46. 47.  0.  0.  0.  0.  0.  0.  0.  0.  0.  0.  0. 29. 30. 52.  0.
  0.  0.  0.  0.  0.  0.  0.  0.  0.  0.  0. 32. 31. 50. 25.  0. 26.  0.
  0.  0.  0.  0.  0.  0.  0. 33.  0.  0.  4.  0.  0. 11. 27.  0.  0.  0.
  0.  0.  0.  0.  0.  0.  6.  3. 13. 10.  0. 22.  0.  0.  0.  0.  0.  0.
 18.  0.  7. 17.  1.  8. 12. 19.  0.  0.  0.  0.  0.  0.  0. 23.  0. 16.
 14.  2.  5. 21. 38.  0.  0.  0.  0.  0.  0.  0.  0. 24.  9. 15.  0.  0.
 20. 37. 45.  0.  0.  0.  0.  0.  0.  0.  0. 43. 42.  0.  0.  0.  0. 44.
  0.  0.  0.  0.  0.  0.  0. 39.  0. 34. 35.  0.  0.  0.  0.  0.  0.  0.
  0.  0.  0.  0.  0. 36.  0. 40. 41.  0.  0.  0.  0.  0.  0.  0.  0.  0.
  0.  0.  0.  0.  0.  0.  0.  0.  0.  0.  0.  0.  0.  0.  0.  0.  0.  0.
  0.  0.  0.  0.  0.  0.  0.  0.  0.]