[ 0.  0.  0.  0.  0.  0.  0.  0.  0.  0.  0.  0.  0.  0.  0.  0.  0.  0.
  0.  0.  0.  0.  0.  0.  0.  0.  0.  0.  0.  0.  0.  0.  0.  0.  0.  0.
  0.  0.  0.  0.  0.  0.  0.  0.  0.  0.  0.  0.  0.  0.  0.  0. 26.  0.
  0.  0.  0.  0.  0.  0.  0.  0.  0.  0.  0.  0.  0. 21. 24.  0.  0.  0.
  0.  0.  0.  0.  0.  0.  0. 13.  0. 16.  3.  5. 18.  0.  0.  0.  0.  0.
  0.  0.  0.  0.  0. 12. 31. 25. 17. 27. 29. 30.  0.  0.  0.  0.  0.  0.
  0.  0.  0. 10.  1.  9. 19. 28.  0.  0.  0.  0.  0.  0.  0.  0.  0.  0.
  7.  2.  6. 22. 20. 23.  0.  0.  0.  0.  0.  0.  0.  0.  0.  0.  0.  4.
  0.  0.  0.  0.  0.  0.  0.  0.  0.  0.  0.  0.  0.  0.  8. 11.  0.  0.
  0.  0.  0.  0.  0.  0.  0.  0.  0.  0.  0. 14.  0.  0.  0.  0.  0.  0.
  0.  0.  0.  0.  0.  0.  0.  0. 15.  0.  0.  0.  0.  0.  0.  0.  0.  0.
  0.  0.  0.  0.  0.  0.  0.  0.  0.  0.  0.  0.  0.  0.  0.  0.  0.  0.
  0.  0.  0.  0.  0.  0.  0.  0.  0.]