[ 0.  0.  0.  0.  0.  0.  0.  0.  0.  0.  0.  0.  0.  0.  0.  0.  0.  0.
  0.  0.  0.  0.  0.  0.  0.  0.  0.  0.  0.  0.  0.  0.  0.  0.  0. 24.
  0.  0.  0.  0.  0.  0.  0.  0.  0.  0.  0.  0.  0.  0.  0. 23. 14.  0.
  0.  0.  0.  0.  0.  0.  0.  0.  0.  0. 28. 27. 25. 13.  0.  0.  0.  0.
  0.  0.  0.  0.  0.  0.  0. 29.  0.  9.  7. 11. 12.  0.  0.  0.  0.  0.
  0.  0.  0.  0.  0.  0. 26.  5. 18. 15. 17.  0.  0.  0.  0.  0.  0.  0.
  0.  0.  0.  0.  1. 10.  4. 16. 21.  0.  0.  0.  0.  0.  0.  0.  0.  0.
  0.  0.  2.  3. 20.  0.  0.  0.  0.  0.  0.  0.  0.  0.  0.  0.  8. 19.
  6.  0.  0.  0.  0.  0.  0.  0.  0.  0.  0.  0.  0.  0.  0.  0. 22.  0.
  0.  0.  0.  0.  0.  0.  0.  0.  0.  0.  0.  0.  0.  0.  0.  0.  0.  0.
  0.  0.  0.  0.  0.  0.  0.  0.  0.  0.  0.  0.  0.  0.  0.  0.  0.  0.
  0.  0.  0.  0.  0.  0.  0.  0.  0.  0.  0.  0.  0.  0.  0.  0.  0.  0.
  0.  0.  0.  0.  0.  0.  0.  0.  0.]