[ 0.  0.  0.  0.  0.  0.  0.  0.  0.  0.  0.  0.  0.  0.  0.  0.  0.  0.
  0.  0.  0.  0.  0.  0.  0.  0.  0.  0.  0.  0.  0.  0.  0.  0.  0.  0.
  0.  0.  0.  0.  0.  0.  0.  0.  0.  0.  0.  0.  0.  0.  0.  0.  0.  0.
  0.  0.  0.  0.  0.  0.  0.  0.  0.  0.  0.  0.  0. 38.  0.  0.  0.  0.
  0.  0.  0.  0. 48.  0. 49. 42.  0.  0.  0. 39. 19. 32.  0.  0.  0.  0.
  0. 46. 45. 43. 41. 21. 44.  0. 20. 18.  5. 17.  0.  0.  0.  0.  0.  0.
 47. 33. 50. 22.  1. 11.  4. 10. 16. 29.  0.  0.  0.  0. 51. 36. 37. 34.
 13.  2.  6. 12.  7. 30.  0.  0.  0.  0.  0.  0.  0. 35.  0.  0.  0. 14.
  3.  9.  0. 31.  0.  0.  0.  0.  0.  0. 40.  0.  0. 15.  8.  0. 28.  0.
  0.  0.  0.  0.  0.  0.  0.  0.  0.  0.  0. 23. 26. 25.  0.  0.  0.  0.
  0.  0.  0.  0.  0.  0.  0.  0.  0. 24. 27.  0.  0.  0.  0.  0.  0.  0.
  0.  0.  0.  0.  0.  0.  0.  0.  0.  0.  0.  0.  0.  0.  0.  0.  0.  0.
  0.  0.  0.  0.  0.  0.  0.  0.  0.]