[ 0.  0.  0.  0.  0.  0.  0.  0.  0.  0.  0.  0.  0.  0.  0.  0.  0.  0.
  0. 59.  0.  0.  0. 75.  0.  0.  0.  0.  0.  0.  0.  0.  0.  0. 56. 58.
  0. 73.  0. 72.  0.  0.  0.  0.  0.  0.  0.  0.  0. 57. 29. 30.  0. 27.
 25. 28.  0.  0.  0.  0.  0.  0.  0.  0. 32.  0. 31. 16. 26. 23.  0.  0.
  0.  0.  0.  0.  0.  0.  0.  0.  0. 18. 15. 76. 83. 24. 82. 74.  0.  0.
  0.  0.  0.  0. 22. 19.  0. 13. 14. 77.  7.  0.  0.  0.  0.  0.  0. 44.
  0. 33. 17. 34.  1. 11.  6. 85.  0.  0.  0.  0.  0.  0. 65. 43.  0. 20.
 21.  2.  4.  5. 84.  0.  0.  0.  0.  0.  0. 64. 36. 41. 35.  0. 51.  8.
  3. 12. 86.  0.  0.  0.  0. 63. 60. 38.  0. 62. 39. 50. 10.  9. 80.  0.
  0.  0.  0.  0.  0.  0. 42.  0. 49. 48. 40. 79. 70. 78.  0.  0.  0.  0.
  0.  0.  0. 47.  0. 55. 45. 46. 37. 69. 81.  0.  0.  0.  0.  0.  0.  0.
  0. 54. 61.  0. 52. 66.  0. 68. 71.  0.  0.  0.  0.  0.  0.  0.  0.  0.
  0. 53.  0. 67.  0.  0.  0.  0.  0.]