[ 0. 71.  0.  0.  0.  0.  0.  0.  0.  0.  0.  0.  0.  0.  0.  0.  0. 70.
  0.  0.  0.  0.  0.  0.  0.  0.  0.  0.  0.  0.  0.  0. 57. 62.  0.  0.
  0.  0.  0.  0.  0.  0.  0.  0.  0.  0. 65.  0. 56. 64.  0. 73.  0.  0.
  0.  0.  0.  0.  0.  0.  0.  0. 59. 58. 54. 68. 53.  0.  0.  0. 29.  0.
  0.  0.  0.  0.  0. 67. 63. 55. 52. 69.  0.  0.  0.  0.  0.  0.  0.  0.
  0.  0.  0.  0. 66. 51. 74. 16.  4. 21. 20.  0. 28.  0.  0.  0.  0. 72.
  0. 44.  0. 15.  1.  5.  6. 60. 27.  0.  0.  0.  0.  0.  0.  0.  0. 11.
 10.  8.  2. 61.  9. 22. 19.  0.  0.  0.  0.  0.  0. 47. 40.  0.  7. 12.
  3. 32. 24.  0.  0.  0.  0.  0.  0. 45. 46. 39. 41. 34. 13. 18. 17.  0.
  0.  0.  0.  0.  0. 48. 43. 42.  0. 30. 14. 33. 23. 31.  0.  0.  0.  0.
  0.  0.  0. 49.  0. 35.  0.  0.  0.  0. 25.  0.  0.  0.  0.  0.  0.  0.
 50.  0.  0.  0.  0. 36.  0. 37. 26.  0.  0.  0.  0.  0.  0.  0.  0.  0.
  0.  0.  0.  0. 38.  0.  0.  0.  0.]