[ 0.  0.  0.  0.  0.  0.  0.  0.  0.  0.  0.  0.  0.  0.  0.  0.  0.  0.
  0.  0.  0.  0.  0.  0.  0.  0.  0.  0.  0.  0.  0.  0.  0.  0.  0.  0.
  0.  0.  0.  0.  0.  0.  0.  0.  0.  0.  0.  0.  0.  0.  0.  0.  0.  0.
  0.  0.  0.  0.  0.  0.  0.  0. 19.  0.  0.  0.  0.  0.  9.  0.  0.  0.
  0.  0.  0.  0.  0.  0. 18. 15. 17.  7.  6.  0.  0.  0.  0.  0.  0.  0.
  0.  0. 21. 20. 16. 14.  2.  5.  0.  0.  0.  0.  0.  0.  0.  0.  0.  0.
 28.  0.  8.  4.  1. 10.  0.  0.  0.  0.  0.  0.  0.  0.  0.  0. 11. 24.
  0. 12.  3.  0.  0.  0.  0.  0.  0.  0.  0.  0.  0.  0. 26. 13. 25. 23.
  0.  0.  0.  0.  0.  0.  0.  0.  0.  0.  0. 27.  0.  0.  0. 22.  0.  0.
  0.  0.  0.  0.  0.  0.  0.  0.  0.  0.  0.  0.  0.  0.  0.  0.  0.  0.
  0.  0.  0.  0.  0.  0.  0.  0.  0.  0.  0.  0.  0.  0.  0.  0.  0.  0.
  0.  0.  0.  0.  0.  0.  0.  0.  0.  0.  0.  0.  0.  0.  0.  0.  0.  0.
  0.  0.  0.  0.  0.  0.  0.  0.  0.]