[ 0.  0.  0.  0.  0.  0.  0.  0.  0.  0.  0.  0.  0.  0.  0.  0.  0.  0.
  0.  0.  0.  0.  0.  0.  0.  0.  0.  0.  0.  0.  0.  0.  0.  0.  0.  0.
  0.  0.  0.  0.  0.  0.  0.  0.  0.  0.  0.  0.  0.  0.  0.  0.  0.  0.
  0.  0.  0.  0.  0.  0.  0.  0.  0.  0.  0. 14.  0.  0.  0.  0.  0.  0.
  0.  0.  0.  0.  0.  0.  0.  0.  0. 13. 10.  0.  8.  0.  0.  0.  0.  0.
  0.  0.  0.  0.  0.  0.  0.  3.  5.  6.  0.  0.  0.  0.  0.  0.  0.  0.
  0.  0.  0. 12.  1. 11.  9.  0.  0.  0.  0.  0.  0.  0.  0.  0. 27.  0.
  7.  4.  2. 16. 18. 19.  0.  0.  0.  0.  0.  0.  0.  0.  0. 20. 17. 15.
  0. 24.  0.  0.  0.  0.  0.  0.  0.  0.  0.  0.  0.  0. 21. 23. 25. 26.
  0.  0.  0.  0.  0.  0.  0.  0.  0.  0.  0.  0. 22.  0.  0.  0.  0.  0.
  0.  0.  0.  0.  0.  0.  0.  0.  0.  0.  0.  0.  0.  0.  0.  0.  0.  0.
  0.  0.  0.  0.  0.  0.  0.  0.  0.  0.  0.  0.  0.  0.  0.  0.  0.  0.
  0.  0.  0.  0.  0.  0.  0.  0.  0.]