[ 0.  0.  0.  0.  0.  0.  0. 74.  0.  0.  0.  0.  0.  0.  0.  0.  0.  0.
  0.  0. 78. 75. 73.  0. 46.  0.  0.  0.  0.  0.  0.  0.  0.  0. 77. 52.
  0. 71. 72. 47. 43. 49. 50.  0. 68.  0. 60.  0. 63. 62. 51. 76. 55.  0.
 42. 35. 39. 48. 67.  0.  0.  0. 61.  0. 53.  0. 29. 45. 26. 40. 44. 36.
 41.  0.  0.  0.  0.  0. 54. 57. 64. 24. 56. 25. 38. 33. 37.  0. 65.  0.
  0.  0. 87.  0. 30.  9. 59.  0. 10.  3. 27. 34.  0.  0. 66.  0.  0. 84.
 80. 85. 58.  6.  1.  5. 12. 28. 20. 31.  0.  0.  0.  0. 82. 81.  0.  0.
  7.  2.  4. 23. 13.  0.  0.  0.  0.  0. 83. 86.  0. 79.  0.  0. 14.  8.
 19. 32.  0.  0.  0.  0.  0. 94. 92. 90.  0.  0. 15. 18. 17. 11.  0.  0.
  0.  0.  0.  0.  0. 93.  0.  0.  0. 22. 69.  0.  0.  0.  0.  0.  0.  0.
  0.  0.  0.  0.  0. 88. 70. 21. 16.  0.  0.  0.  0.  0.  0.  0.  0.  0.
  0. 89.  0. 91.  0.  0.  0.  0.  0.  0.  0.  0.  0.  0.  0.  0.  0.  0.
  0.  0.  0.  0.  0.  0.  0.  0.  0.]