[ 0.  0.  0.  0.  0.  0.  0.  0.  0.  0.  0.  0.  0.  0.  0.  0.  0.  0.
  0.  0.  0.  0.  0.  0.  0.  0.  0.  0.  0.  0.  0.  0.  0.  0.  0.  0.
  0.  0.  0.  0.  0.  0.  0.  0.  0.  0.  0.  0.  0.  0.  0.  0.  0.  0.
  0.  0.  0.  0.  0.  0.  0.  0.  0.  0.  0.  0.  0.  0.  0.  0.  0.  0.
  0.  0.  0.  0.  0.  0.  0.  0.  0.  0.  0. 13.  0.  0.  0.  0.  0.  0.
  0.  0.  0.  0.  0.  0.  7.  4.  6. 15.  0.  0.  0.  0.  0.  0.  0.  0.
  0.  0. 11.  0.  1. 12.  0. 10.  0.  0.  0.  0.  0.  0.  0.  0.  0.  0.
  0.  2.  8.  9.  0.  0.  0.  0.  0.  0.  0.  0.  0.  0.  0. 14.  3.  0.
  0.  0.  0.  0.  0.  0.  0.  0.  0.  0.  0.  0.  0.  5.  0.  0.  0.  0.
  0.  0.  0.  0.  0.  0.  0. 16.  0.  0.  0.  0.  0.  0.  0.  0.  0.  0.
  0.  0.  0.  0.  0.  0.  0.  0.  0.  0.  0.  0.  0.  0.  0.  0.  0.  0.
  0.  0.  0.  0.  0.  0.  0.  0.  0.  0.  0.  0.  0.  0.  0.  0.  0.  0.
  0.  0.  0.  0.  0.  0.  0.  0.  0.]