[ 0.  0.  0.  0.  0.  0.  0.  0.  0.  0.  0.  0.  0.  0.  0.  0.  0.  0.
  0.  0.  0.  0.  0.  0.  0.  0.  0.  0.  0.  0.  0.  0.  0.  0.  0.  0.
  0.  0.  0.  0.  0.  0.  0.  0.  0.  0.  0.  0.  0.  0. 27. 25. 23.  0.
 20.  0.  0.  0.  0.  0.  0.  0.  0.  0.  0.  0. 22. 21. 17.  0.  0.  0.
  0.  0.  0.  0.  0.  0.  0.  0.  0. 12. 19.  3.  0.  0.  0.  0.  0.  0.
  0.  0.  0.  0. 16. 13. 15. 24. 18. 26.  0.  0.  0.  0.  0.  0.  0.  0.
  0.  0.  0.  8.  1.  7. 14.  0.  0.  0.  0.  0.  0.  0.  0.  0.  0.  0.
  0.  4.  2.  5.  0.  0.  0.  0.  0.  0.  0.  0.  0.  0.  0.  0. 11.  6.
  0. 10.  0.  0.  0.  0.  0.  0.  0.  0.  0.  0.  0.  0.  0.  9.  0.  0.
  0.  0.  0.  0.  0.  0.  0.  0.  0.  0.  0.  0.  0.  0.  0.  0.  0.  0.
  0.  0.  0.  0.  0.  0.  0.  0.  0.  0.  0.  0.  0.  0.  0.  0.  0.  0.
  0.  0.  0.  0.  0.  0.  0.  0.  0.  0.  0.  0.  0.  0.  0.  0.  0.  0.
  0.  0.  0.  0.  0.  0.  0.  0.  0.]