[ 0.  0.  0.  0.  0.  0.  0.  0.  0.  0.  0.  0.  0.  0.  0.  0.  0.  0.
  0.  0.  0.  0.  0.  0.  0.  0.  0.  0.  0.  0.  0.  0.  0.  0.  0.  0.
  0.  0.  0.  0.  0.  0.  0.  0.  0.  0.  0.  0.  0.  0.  0.  0.  0.  0.
 47.  0.  0.  0. 43.  0.  0.  0.  0.  0.  0.  0.  0.  0. 37. 39. 46.  0.
 42.  0.  0.  0.  0.  0.  0.  0.  0.  0.  0. 38. 36. 41. 40. 45.  0.  0.
  0.  0.  0.  0.  0.  5.  0.  2. 35. 32. 30.  0. 44.  0. 27.  0.  0.  0.
  0.  0.  4.  3.  1.  7. 12. 29. 16. 28. 26.  0.  0.  0.  0.  0.  0.  0.
  8.  6.  9.  0. 15. 23. 24.  0. 48.  0.  0.  0.  0.  0.  0.  0. 11. 10.
 13.  0. 18.  0. 31.  0.  0.  0.  0.  0.  0.  0.  0.  0. 17. 21. 14.  0.
  0.  0.  0.  0.  0.  0.  0.  0.  0.  0. 20. 25. 19.  0.  0.  0.  0.  0.
  0.  0.  0.  0.  0.  0.  0.  0.  0. 22. 33.  0.  0.  0.  0.  0.  0.  0.
  0.  0.  0.  0.  0.  0.  0.  0. 34.  0.  0.  0.  0.  0.  0.  0.  0.  0.
  0.  0.  0.  0.  0.  0.  0.  0.  0.]