[ 0.  0.  0.  0.  0.  0.  0.  0.  0.  0.  0.  0.  0.  0.  0.  0.  0.  0.
  0.  0.  0.  0.  0.  0.  0.  0.  0.  0.  0.  0.  0.  0.  0.  0.  0. 48.
 41.  0.  0.  0.  0.  0.  0.  0.  0.  0.  0.  0.  0.  0.  0. 26.  0. 43.
  0.  0.  0.  0.  0.  0.  0.  0.  0.  0. 32. 25. 24. 44.  8. 45.  0.  0.
  0.  0.  0.  0.  0.  0. 34. 23. 28. 27.  9.  0. 12. 46.  0.  0.  0.  0.
  0.  0. 35. 36. 31. 21.  6. 14.  7. 13. 15.  0.  0.  0.  0.  0.  0.  0.
 37. 29. 33. 38.  1.  4. 10. 16. 17.  0.  0.  0.  0.  0.  0. 30. 40.  0.
 11.  2.  3. 19.  5. 20.  0.  0.  0.  0.  0.  0.  0. 39. 22.  0.  0.  0.
 18.  0.  0.  0.  0.  0.  0.  0.  0.  0.  0.  0.  0.  0.  0. 47.  0.  0.
  0.  0.  0.  0.  0.  0.  0.  0.  0.  0. 42.  0.  0.  0.  0.  0.  0.  0.
  0.  0.  0.  0.  0.  0.  0.  0.  0.  0.  0.  0.  0.  0.  0.  0.  0.  0.
  0.  0.  0.  0.  0.  0.  0.  0.  0.  0.  0.  0.  0.  0.  0.  0.  0.  0.
  0.  0.  0.  0.  0.  0.  0.  0.  0.]