[ 0.  0.  0.  0.  0.  0.  0.  0.  0.  0.  0.  0.  0.  0.  0.  0.  0.  0.
  0.  0.  0.  0.  0.  0.  0.  0.  0.  0.  0.  0.  0.  0.  0.  0.  0.  0.
  0.  0.  0.  0.  0.  0.  0.  0.  0.  0.  0.  0.  0.  0.  0.  0.  0. 23.
 27.  0.  0.  0.  0.  0.  0.  0.  0.  0.  0. 35.  0. 26. 24.  0.  0.  0.
  0.  0.  0.  0.  0.  0.  0.  0.  0.  0. 31.  9.  8.  0.  0.  0.  0.  0.
  0.  0.  0. 29.  0. 15. 30.  4.  5. 10.  7.  0.  0.  0.  0.  0.  0.  0.
  0. 25. 28.  0.  1. 39.  6.  0.  0.  0.  0.  0.  0. 47.  0.  0. 16. 17.
 14. 38.  2.  3.  0.  0.  0.  0.  0.  0.  0. 36. 32. 37. 18. 34. 11. 12.
  0.  0.  0.  0.  0.  0.  0.  0. 33. 46. 21. 22. 19.  0. 13.  0.  0.  0.
  0.  0.  0.  0.  0.  0. 43. 40. 42.  0. 20.  0.  0.  0.  0.  0.  0.  0.
  0.  0.  0. 41.  0. 44.  0.  0.  0.  0.  0.  0.  0.  0.  0.  0.  0.  0.
  0.  0. 45. 48.  0.  0.  0.  0.  0.  0.  0.  0.  0.  0.  0.  0.  0.  0.
  0.  0.  0.  0.  0.  0.  0.  0.  0.]