[ 0.  0.  0.  0.  0.  0.  0.  0.  0.  0.  0.  0.  0.  0.  0.  0.  0.  0.
  0.  0.  0.  0.  0.  0.  0.  0.  0.  0.  0.  0.  0.  0.  0.  0.  0.  0.
  0.  0.  0.  0.  0.  0.  0.  0.  0.  0.  0.  0.  0.  0.  0.  0.  0.  0.
  0.  0.  0.  0.  0.  0.  0.  0.  0.  0.  0.  0.  0.  0.  0.  0.  0.  0.
  0.  0.  0.  0.  0.  0.  0.  0.  0. 12.  0.  0.  0.  0.  0.  0.  0.  0.
  0.  0.  0.  0.  0.  0. 11. 13.  8. 21.  0.  0.  0.  0.  0.  0.  0.  0.
  0.  0.  6.  5.  1.  3.  9. 10.  0.  0. 32.  0.  0.  0.  0.  0.  0. 14.
  7.  4.  2. 15. 19.  0. 30.  0.  0.  0.  0.  0.  0.  0. 27.  0.  0. 29.
 22. 16. 28.  0.  0.  0.  0.  0.  0.  0.  0. 26.  0. 25. 17.  0. 18.  0.
  0.  0.  0.  0.  0.  0.  0.  0.  0.  0.  0.  0. 24.  0. 20.  0.  0.  0.
  0.  0.  0.  0.  0.  0.  0.  0.  0.  0.  0.  0. 23.  0.  0.  0.  0.  0.
  0.  0.  0.  0.  0.  0.  0.  0.  0.  0.  0.  0.  0.  0.  0.  0.  0.  0.
  0.  0.  0.  0.  0.  0.  0.  0. 31.]