[ 0.  0.  0.  0.  0.  0.  0.  0.  0.  0.  0.  0.  0.  0.  0.  0.  0.  0.
  0.  0.  0.  0.  0.  0.  0.  0.  0.  0.  0.  0.  0.  0.  0.  0.  0. 54.
  0.  0.  0.  0.  0.  0.  0.  0.  0.  0.  0.  0.  0. 48.  0. 45.  0. 43.
  0.  0.  0.  0.  0.  0.  0.  0.  0. 50. 51. 46. 44. 24. 47. 10. 25.  0.
  0. 30.  0.  0.  0.  0.  0.  0. 52. 42.  0.  9.  0. 26. 22. 29.  0.  0.
  0.  0.  0.  0. 41. 40.  2. 49.  6.  7. 15. 27. 28.  0.  0.  0.  0.  0.
  0.  0. 53.  0.  1.  8.  5. 11. 23.  0.  0.  0.  0.  0.  0.  0.  0. 36.
  3.  0. 19. 13. 20. 12.  0.  0.  0.  0.  0.  0.  0.  0. 31.  0.  4. 16.
 14. 17.  0.  0.  0.  0.  0.  0.  0.  0. 32.  0. 33.  0. 18.  0.  0.  0.
  0.  0.  0.  0.  0.  0.  0.  0.  0. 38. 21. 35. 37.  0.  0.  0.  0.  0.
  0.  0.  0.  0.  0.  0.  0. 39. 34.  0.  0.  0.  0.  0.  0.  0.  0.  0.
  0.  0.  0.  0.  0.  0.  0.  0.  0.  0.  0.  0.  0.  0.  0.  0.  0.  0.
  0.  0.  0.  0.  0.  0.  0.  0.  0.]