[ 0.  0.  0.  0.  0.  0.  0.  0.  0.  0.  0.  0.  0.  0.  0.  0.  0.  0.
  0.  0.  0.  0.  0.  0.  0.  0.  0.  0.  0.  0.  0.  0.  0.  0.  0.  0.
  0.  0.  0.  0.  0.  0.  0.  0.  0.  0.  0.  0.  0.  0.  0.  0.  0.  0.
  0.  0.  0.  0.  0.  0.  0.  0.  0.  0.  0.  0.  0.  0.  0.  0.  0.  0.
  0.  0.  0.  0.  0.  0.  0.  0.  0.  0.  0.  0.  0.  0.  0.  0.  0.  0.
  0.  0.  0.  0.  9.  0.  0. 10.  3.  0.  0.  0. 37.  0.  0.  0.  0.  0.
 29.  0.  6.  5.  1. 12.  0. 26. 33. 32.  0.  0.  0.  0.  0.  0.  0.  7.
  4.  2. 21. 13. 30. 35. 36.  0.  0.  0.  0.  0.  0.  0. 27. 14.  8. 19.
 28. 31.  0. 34.  0.  0.  0.  0.  0.  0.  0. 15. 16. 25. 11. 43.  0.  0.
  0.  0.  0.  0.  0.  0.  0.  0.  0. 17. 24.  0. 42. 44.  0. 41.  0.  0.
  0.  0.  0.  0.  0. 20. 23. 18. 22. 40.  0.  0.  0.  0.  0.  0.  0.  0.
  0.  0.  0.  0.  0.  0. 38.  0.  0.  0.  0.  0.  0.  0.  0.  0.  0.  0.
  0.  0.  0.  0. 39.  0.  0.  0.  0.]