[ 0.  0.  0.  0.  0.  0.  0.  0.  0.  0.  0.  0.  0.  0.  0.  0.  0.  0.
  0.  0.  0.  0.  0.  0.  0.  0.  0.  0.  0.  0.  0.  0.  0.  0.  0.  0.
  0.  0.  0.  0.  0.  0.  0.  0.  0.  0.  0.  0.  0.  0.  0.  0.  0.  0.
  0.  0.  0.  0.  0.  0.  0.  0.  0.  0.  0.  0.  0.  0. 28.  0.  0.  0.
  0.  0.  0.  0.  0.  0.  0.  0.  0. 12. 15.  8. 14.  0.  0.  0.  0.  0.
  0.  0.  0.  0.  0. 24. 23. 13.  9. 17. 18.  0.  0.  0.  0.  0.  0.  0.
 26. 21. 25.  3.  1.  4. 16.  0.  0.  0.  0.  0.  0.  0.  0.  0. 27.  5.
  0.  2.  6. 10. 11.  0.  0.  0.  0.  0.  0.  0. 29. 20.  0.  7. 19.  0.
  0.  0.  0.  0.  0.  0.  0.  0.  0.  0.  0.  0.  0. 22.  0.  0.  0.  0.
  0.  0.  0.  0.  0.  0.  0.  0.  0.  0.  0.  0.  0.  0.  0.  0.  0.  0.
  0.  0.  0.  0.  0.  0.  0.  0.  0.  0.  0.  0.  0.  0.  0.  0.  0.  0.
  0.  0.  0.  0.  0.  0.  0.  0.  0.  0.  0.  0.  0.  0.  0.  0.  0.  0.
  0.  0.  0.  0.  0.  0.  0.  0.  0.]