[ 0.  0.  0.  0.  0.  0.  0.  0.  0.  0.  0.  0.  0.  0.  0.  0.  0.  0.
  0.  0.  0.  0.  0.  0.  0.  0.  0.  0.  0.  0.  0.  0.  0. 49.  0.  0.
 50.  0.  0. 37. 57.  0.  0. 61. 59.  0.  0.  0. 46. 48.  0.  0. 35. 30.
 40. 34. 52. 53. 58. 67.  0.  0.  0.  0. 45.  0. 44. 36. 33. 29.  0. 68.
 54. 64.  0.  0.  0. 51.  0.  0. 43. 12.  3.  5.  0. 19. 32. 66. 56.  0.
  0.  0.  0. 42. 41. 21. 39. 63. 10. 20. 38. 62. 31. 60.  0.  0.  0.  0.
 47.  0. 28.  8.  1. 11. 55. 18. 17.  0. 65.  0.  0.  0.  0.  0.  0.  0.
  7.  2.  6. 15.  0. 14.  0.  0.  0.  0.  0.  0.  0.  0. 26.  0. 27.  4.
  0. 13. 24. 23.  0.  0.  0.  0.  0.  0.  0.  0.  0.  0.  0.  9.  0. 16.
  0.  0.  0.  0.  0.  0.  0.  0.  0.  0.  0.  0.  0.  0.  0.  0.  0.  0.
  0.  0.  0.  0.  0.  0.  0.  0. 25. 22.  0.  0.  0.  0.  0.  0.  0.  0.
  0.  0.  0.  0.  0.  0.  0.  0.  0.  0.  0.  0.  0.  0.  0.  0.  0.  0.
  0.  0.  0.  0.  0.  0.  0.  0.  0.]