[ 0.  0.  0.  0.  0.  0.  0.  0.  0.  0.  0.  0.  0.  0.  0.  0.  0.  0.
  0.  0.  0.  0.  0.  0.  0.  0.  0.  0.  0.  0.  0.  0.  0.  0.  0.  0.
  0.  0. 52.  0.  0.  0.  0.  0.  0.  0.  0.  0.  0.  0. 14. 15. 49. 31.
  0.  0.  0.  0.  0.  0.  0.  0.  0.  0. 18.  0. 51. 10. 50.  0. 45.  0.
  0.  0.  0.  0.  0.  0. 21. 11. 19. 12.  5. 26. 47. 46. 34.  0.  0.  0.
  0.  0.  0. 16. 17.  8.  6.  9. 30.  7. 27. 29. 36.  0.  0.  0.  0.  0.
 20. 13.  0. 23.  1.  4. 28. 43. 33. 32. 38.  0.  0.  0.  0.  0. 24. 25.
 22.  2.  3.  0. 35.  0. 48.  0.  0.  0.  0.  0.  0.  0.  0.  0.  0.  0.
 39. 44.  0.  0.  0.  0.  0.  0.  0.  0.  0.  0.  0.  0. 41.  0. 37.  0.
  0.  0.  0.  0.  0.  0.  0.  0.  0.  0. 42.  0.  0.  0. 40.  0.  0.  0.
  0.  0.  0.  0.  0.  0.  0.  0.  0.  0.  0.  0.  0.  0.  0.  0.  0.  0.
  0.  0.  0.  0.  0.  0.  0.  0.  0.  0.  0.  0.  0.  0.  0.  0.  0.  0.
  0.  0.  0.  0.  0.  0.  0.  0.  0.]