[ 0.  0.  0.  0.  0.  0.  0.  0.  0.  0.  0.  0.  0.  0.  0.  0.  0.  0.
  0.  0.  0.  0.  0.  0.  0.  0.  0.  0.  0.  0.  0.  0.  0.  0.  0.  0.
  0.  0.  0.  0.  0.  0.  0.  0.  0.  0.  0.  0.  0.  0.  0.  0.  0.  0.
  0.  0.  0.  0.  0.  0.  0.  0.  0.  0.  0.  0.  0.  0.  0.  0.  0.  0.
  0.  0.  0.  0.  0.  0.  0.  0.  0. 12.  3.  5.  0.  0.  0.  0.  0.  0.
  0.  0.  0.  0.  0.  0. 19. 18. 10.  0.  0.  0.  0.  0.  0.  0.  0.  0.
  0.  0.  0.  8.  1. 11.  0. 14.  0.  0.  0.  0.  0.  0.  0.  0.  0.  0.
  7.  2.  6. 17. 28.  0.  0.  0.  0.  0.  0.  0.  0.  0.  0.  0.  0.  4.
  0. 13.  0. 30.  0.  0.  0.  0.  0.  0.  0.  0.  0.  0. 24.  9. 23. 21.
 33.  0.  0.  0.  0.  0.  0.  0.  0.  0.  0. 15. 20. 27.  0. 22.  0.  0.
  0.  0.  0.  0.  0.  0.  0. 16.  0. 29. 25. 31. 32.  0.  0.  0.  0.  0.
  0.  0.  0.  0.  0.  0.  0. 26.  0.  0.  0.  0.  0.  0.  0.  0.  0.  0.
  0.  0.  0.  0.  0.  0.  0.  0.  0.]