[ 0.  0.  0.  0.  0.  0.  0.  0.  0.  0.  0.  0.  0.  0.  0.  0.  0.  0.
  0.  0.  0.  0.  0.  0.  0.  0.  0.  0.  0.  0.  0.  0.  0.  0.  0.  0.
  0.  0.  0.  0.  0.  0.  0.  0.  0.  0.  0.  0.  0.  0.  0.  0.  0.  0.
  0.  0.  0.  0.  0.  0.  0.  0.  0.  0.  0.  0.  0.  0. 21.  0.  0.  0.
  0.  0.  0.  0.  0.  0.  0.  0. 27.  0. 18.  0. 16. 19.  0.  0.  0.  0.
  0.  0.  0.  0.  0.  0. 11.  0. 15.  6.  8.  0.  0.  0.  0.  0.  0.  0.
  0.  0.  0. 14.  1.  4.  5.  0. 20.  0.  0.  0.  0.  0.  0.  0.  0.  0.
 13.  2. 12.  0. 17.  0. 22.  0.  0.  0.  0.  0.  0. 30.  0.  7. 10.  3.
  9.  0.  0.  0. 23.  0.  0.  0.  0.  0. 28.  0. 29. 24.  0.  0.  0.  0.
  0.  0.  0.  0.  0.  0.  0.  0.  0.  0. 25.  0.  0.  0.  0.  0.  0.  0.
  0.  0.  0.  0.  0.  0. 26.  0.  0.  0.  0.  0.  0.  0.  0.  0.  0.  0.
  0.  0.  0.  0.  0.  0.  0.  0.  0.  0.  0.  0.  0.  0.  0.  0.  0.  0.
  0.  0.  0.  0.  0.  0.  0.  0.  0.]