[ 0.  0.  0.  0.  0.  0.  0.  0.  0.  0.  0.  0.  0.  0.  0.  0.  0.  0.
  0. 28.  0. 22.  0.  0.  0.  0.  0.  0.  0.  0.  0.  0.  0.  0. 29. 27.
 15. 25.  0.  0.  0.  0.  0.  0.  0.  0.  0.  0.  0. 18.  0. 21. 16.  0.
  0.  0.  0.  0.  0.  0.  0.  0.  0.  0. 20. 17. 19.  7. 13. 14.  0.  0.
  0.  0.  0.  0.  0.  0.  0. 26.  0.  5. 10. 23.  3.  0.  0.  0.  0.  0.
  0.  0.  0.  0.  0.  8.  4.  9.  6. 24.  0.  0.  0.  0.  0.  0.  0.  0.
  0.  0.  0.  0.  1. 11.  0.  0.  0.  0.  0.  0.  0.  0.  0.  0.  0.  0.
  0.  2.  0. 12.  0.  0.  0.  0.  0.  0.  0.  0.  0.  0.  0.  0.  0.  0.
  0.  0.  0.  0.  0.  0.  0.  0.  0.  0.  0.  0.  0.  0.  0.  0.  0.  0.
  0.  0.  0.  0.  0.  0.  0.  0.  0.  0.  0.  0.  0.  0.  0.  0.  0.  0.
  0.  0.  0.  0.  0.  0.  0.  0.  0.  0.  0.  0.  0.  0.  0.  0.  0.  0.
  0.  0.  0.  0.  0.  0.  0.  0.  0.  0.  0.  0.  0.  0.  0.  0.  0.  0.
  0.  0.  0.  0.  0.  0.  0.  0.  0.]