[ 0.  0.  0.  0.  0.  0.  0.  0.  0.  0.  0.  0.  0.  0.  0.  0.  0.  0.
  0.  0.  0.  0.  0.  0.  0.  0.  0.  0.  0.  0.  0.  0.  0.  0.  0.  0.
  0.  0.  0.  0.  0.  0.  0.  0.  0.  0.  0.  0.  0.  0.  0.  0.  0. 23.
  0.  0.  0.  0.  0.  0.  0.  0.  0.  0.  0.  0.  0.  0.  0. 21. 11.  0.
  0.  0.  0.  0.  0.  0.  0.  0.  0.  0.  8.  0. 12. 13.  0. 16.  0.  0.
  0.  0.  0.  0.  0.  0.  0.  0.  7.  6. 14. 15.  0.  0.  0.  0.  0.  0.
  0.  0.  0.  4.  1. 18.  3.  9. 17. 19. 20.  0.  0.  0.  0.  0.  0.  0.
  0.  0.  2.  5.  0.  0.  0. 22.  0.  0.  0.  0.  0.  0.  0.  0.  0.  0.
  0. 10.  0.  0.  0.  0.  0.  0.  0.  0.  0.  0.  0.  0.  0.  0.  0.  0.
  0.  0.  0.  0.  0.  0.  0.  0.  0.  0.  0.  0.  0.  0.  0.  0.  0.  0.
  0.  0.  0.  0.  0.  0.  0.  0.  0.  0.  0.  0.  0.  0.  0.  0.  0.  0.
  0.  0.  0.  0.  0.  0.  0.  0.  0.  0.  0.  0.  0.  0.  0.  0.  0.  0.
  0.  0.  0.  0.  0.  0.  0.  0.  0.]