[ 0.  0.  0.  0.  0.  0.  0.  0.  0.  0.  0.  0.  0.  0.  0.  0.  0.  0.
  0.  0.  0.  0.  0.  0.  0.  0.  0.  0.  0.  0.  0.  0.  0.  0.  0.  0.
  0.  0.  0.  0. 33.  0.  0.  0.  0.  0.  0.  0.  0. 18.  0. 19.  0. 28.
  0. 30. 31.  0.  0.  0.  0.  0.  0. 22. 21. 17.  0. 10.  0. 29. 32.  0.
  0.  0.  0.  0.  0.  0. 35. 20. 24.  3. 12. 11.  0.  0.  0.  0.  0.  0.
  0.  0.  0.  0. 39. 23. 40. 13. 27.  4.  0.  0.  0.  0.  0.  0.  0. 37.
 34.  0.  9. 14.  1. 25.  5.  0.  0.  0.  0.  0.  0.  0.  0. 36. 44. 52.
  6.  7.  2. 26.  0.  0.  0.  0.  0.  0.  0.  0. 41. 50. 45. 15.  8.  0.
  0.  0.  0.  0.  0.  0.  0.  0. 43. 38. 48. 16. 42. 49.  0.  0.  0.  0.
  0.  0.  0.  0.  0.  0.  0. 51. 47.  0.  0.  0.  0.  0.  0.  0.  0.  0.
  0.  0.  0.  0. 46.  0.  0.  0.  0.  0.  0.  0.  0.  0.  0.  0.  0.  0.
  0.  0.  0.  0.  0.  0.  0.  0.  0.  0.  0.  0.  0.  0.  0.  0.  0.  0.
  0.  0.  0.  0.  0.  0.  0.  0.  0.]