[ 0.  0.  0.  0.  0.  0.  0.  0.  0.  0.  0.  0.  0.  0.  0.  0.  0.  0.
  0.  0.  0.  0.  0.  0.  0.  0.  0.  0.  0.  0.  0.  0.  0.  0.  0.  0.
  0.  0.  0.  0.  0.  0.  0.  0.  0.  0.  0.  0.  0.  0.  0. 28.  0.  0.
  0.  0.  0.  0.  0.  0.  0.  0.  0.  0.  0.  0.  0. 27. 25.  0.  0.  0.
  0.  0.  0.  0.  0.  0.  0.  0.  4. 29.  3. 15.  0.  0.  0.  0.  0.  0.
  0.  0.  0.  0. 24.  5. 26.  2.  8.  9.  0. 14.  0.  0.  0.  0.  0.  0.
  0.  0. 23. 12.  1.  6. 10. 13.  0.  0.  0.  0.  0.  0.  0.  0.  0.  0.
 21. 22.  0.  7.  0. 16.  0.  0.  0.  0.  0.  0.  0.  0.  0. 18. 17. 11.
  0.  0.  0.  0.  0.  0.  0.  0.  0.  0.  0.  0.  0. 19.  0.  0.  0.  0.
  0.  0.  0.  0.  0.  0.  0.  0.  0. 20.  0.  0.  0.  0.  0.  0.  0.  0.
  0.  0.  0.  0.  0.  0.  0.  0.  0.  0.  0.  0.  0.  0.  0.  0.  0.  0.
  0.  0.  0.  0.  0.  0.  0.  0.  0.  0.  0.  0.  0.  0.  0.  0.  0.  0.
  0.  0.  0.  0.  0.  0.  0.  0.  0.]