[ 0.  0.  0.  0.  0.  0.  0.  0.  0.  0.  0.  0.  0.  0.  0.  0.  0.  0.
  0.  0.  0.  0.  0.  0.  0.  0.  0.  0.  0.  0.  0.  0.  0.  0.  0.  0.
  0. 39.  0.  0.  0.  0.  0.  0.  0.  0.  0.  0.  0.  0. 41.  0. 20. 40.
  0.  0.  0.  0.  0.  0.  0.  0.  0.  0. 42.  0.  0.  0. 15.  0.  0.  0.
  0.  0.  0.  0.  0.  0.  0.  0.  0. 11. 14. 13.  3.  0.  0.  0.  0.  0.
  0.  0. 26.  0. 23. 17. 19. 12. 18.  8.  0. 37.  0.  0.  0.  0. 55. 25.
 24. 22. 28. 10.  1.  9.  5. 38. 16. 72.  0.  0.  0.  0. 54. 57.  0. 21.
  4.  6.  2.  7. 68. 70.  0.  0.  0.  0.  0. 53. 52.  0. 27.  0.  0.  0.
 44. 66. 67. 64.  0.  0.  0.  0. 47. 56. 48. 29. 33. 34. 31.  0. 69. 62.
  0. 71.  0.  0.  0. 51. 50.  0. 30. 32. 35.  0.  0. 65. 63.  0.  0.  0.
  0.  0.  0. 60. 49. 59. 43.  0. 36.  0.  0.  0.  0.  0.  0.  0.  0.  0.
 61. 58. 45.  0.  0.  0.  0.  0.  0.  0.  0.  0.  0.  0.  0.  0. 46.  0.
  0.  0.  0.  0.  0.  0.  0.  0.  0.]