[ 0.  0.  0.  0.  0.  0.  0.  0.  0.  0.  0.  0.  0.  0.  0.  0.  0.  0.
  0.  0.  0.  0.  0.  0.  0.  0.  0.  0.  0.  0.  0.  0.  0.  0.  0.  0.
  0.  0.  0.  0.  0.  0.  0.  0.  0.  0.  0.  0.  0.  0.  0.  0. 18.  0.
  0.  0.  0.  0.  0.  0.  0.  0.  0.  0.  0.  0. 17. 19.  0.  0.  0.  0.
  0.  0.  0.  0.  0.  0.  0.  0.  0. 20. 16.  3. 28.  8.  0.  0.  0.  0.
  0.  0.  0.  0.  0.  0. 15.  0.  0.  6.  7.  0. 29.  0.  0.  0.  0.  0.
  0.  0.  0. 10.  1.  9. 12.  5. 23.  0.  0.  0.  0.  0.  0.  0.  0.  0.
  4.  0.  2. 11. 25.  0. 27.  0.  0.  0.  0.  0.  0.  0.  0.  0.  0. 21.
  0. 13. 24.  0.  0.  0.  0.  0.  0.  0.  0.  0.  0. 22.  0.  0. 26. 14.
  0.  0.  0.  0.  0.  0.  0.  0.  0.  0.  0.  0.  0.  0.  0.  0.  0.  0.
  0.  0.  0.  0.  0.  0.  0.  0.  0.  0.  0.  0.  0.  0.  0.  0.  0.  0.
  0.  0.  0.  0.  0.  0.  0.  0.  0.  0.  0.  0.  0.  0.  0.  0.  0.  0.
  0.  0.  0.  0.  0.  0.  0.  0.  0.]