[ 0.  0.  0.  0.  0.  0.  0.  0.  0.  0.  0.  0.  0.  0.  0.  0.  0.  0.
  0.  0.  0.  0.  0.  0.  0.  0.  0.  0.  0.  0.  0.  0.  0.  0.  0.  0.
  0.  0.  0.  0.  0.  0.  0.  0.  0.  0.  0.  0.  0.  0.  0.  0.  0.  0.
  0.  0.  0.  0.  0.  0.  0.  0.  0.  0.  0.  0.  0. 20.  0.  0.  0.  0.
  0.  0.  0.  0.  0.  0.  0.  0.  0.  9. 15. 16.  3.  0. 21.  0.  0.  0.
  0.  0.  0.  0.  0. 19.  8.  7. 17. 11. 18.  0.  0.  0.  0.  0.  0.  0.
 26.  0.  0.  6.  1. 10. 12.  0.  0.  0.  0.  0.  0.  0.  0.  0. 22. 23.
  4. 14.  2.  5.  0.  0.  0.  0.  0.  0.  0.  0.  0.  0.  0. 25. 13.  0.
  0.  0.  0.  0.  0.  0.  0.  0.  0.  0.  0.  0. 24.  0.  0.  0.  0.  0.
  0.  0.  0.  0.  0.  0.  0.  0.  0.  0.  0.  0.  0.  0.  0.  0.  0.  0.
  0.  0.  0.  0.  0.  0.  0.  0.  0.  0.  0.  0.  0.  0.  0.  0.  0.  0.
  0.  0.  0.  0.  0.  0.  0.  0.  0.  0.  0.  0.  0.  0.  0.  0.  0.  0.
  0.  0.  0.  0.  0.  0.  0.  0.  0.]