[ 0.  0.  0.  0.  0.  0.  0.  0.  0.  0.  0.  0.  0.  0.  0.  0.  0.  0.
  0.  0.  0.  0.  0.  0.  0.  0.  0.  0.  0.  0.  0.  0.  0.  0.  0.  0.
  0.  0. 34.  0. 36.  0.  0.  0.  0.  0.  0.  0.  0.  0.  0. 37. 29. 31.
 35. 39.  0.  0.  0.  0.  0.  0.  0.  0.  0. 23. 26. 30. 33.  0.  0.  0.
  0.  0.  0.  0.  0.  0.  0.  0. 12.  0. 25. 27. 28. 15.  0.  0.  0.  0.
  0.  0.  0.  0.  0. 16. 11.  5. 13. 14. 10. 32.  0.  0.  0.  0.  0.  0.
  0.  0. 22. 17.  1.  2.  3. 38.  0.  0.  0.  0.  0.  0.  0.  0.  0. 20.
 24.  6.  7.  4.  0.  0.  0.  0.  0.  0.  0.  0.  0.  0. 21. 18.  9.  8.
  0.  0.  0.  0.  0.  0.  0.  0.  0.  0.  0. 19.  0.  0.  0.  0.  0.  0.
  0.  0.  0.  0.  0.  0.  0.  0.  0.  0.  0.  0.  0.  0.  0.  0.  0.  0.
  0.  0.  0.  0.  0.  0.  0.  0.  0.  0.  0.  0.  0.  0.  0.  0.  0.  0.
  0.  0.  0.  0.  0.  0.  0.  0.  0.  0.  0.  0.  0.  0.  0.  0.  0.  0.
  0.  0.  0.  0.  0.  0.  0.  0.  0.]