[ 0.  0.  0.  0.  0.  0.  0.  0.  0.  0.  0.  0.  0.  0.  0.  0.  0.  0.
  0.  0.  0.  0.  0.  0.  0.  0.  0.  0.  0.  0.  0.  0.  0.  0.  0.  0.
  0.  0.  0.  0.  0.  0.  0.  0.  0.  0.  0.  0.  0.  0.  0. 26.  0.  0.
  0.  0.  0.  0.  0.  0.  0.  0.  0.  0.  0.  0. 18. 21.  0.  0. 20.  0.
  0.  0.  0.  0.  0.  0.  0.  7. 23. 27.  0.  0. 19.  0.  0.  0.  0.  0.
  0.  0. 15. 24. 22.  6. 16. 25. 17.  0.  0.  0.  0.  0.  0.  0.  0.  0.
 14.  0. 10.  4.  1.  3.  0.  0.  0.  0.  0.  0.  0.  0.  0.  0. 12. 11.
  5.  2.  0.  0.  0.  0.  0.  0.  0.  0.  0.  0. 13.  0.  8.  0.  9.  0.
  0.  0.  0.  0.  0.  0.  0.  0.  0.  0.  0.  0.  0.  0.  0.  0.  0.  0.
  0.  0.  0.  0.  0.  0.  0.  0.  0.  0.  0.  0.  0.  0.  0.  0.  0.  0.
  0.  0.  0.  0.  0.  0.  0.  0.  0.  0.  0.  0.  0.  0.  0.  0.  0.  0.
  0.  0.  0.  0.  0.  0.  0.  0.  0.  0.  0.  0.  0.  0.  0.  0.  0.  0.
  0.  0.  0.  0.  0.  0.  0.  0.  0.]