[ 0.  0.  0.  0.  0.  0.  0.  0.  0.  0.  0.  0.  0.  0.  0.  0.  0.  0.
  0.  0.  0.  0.  0.  0.  0.  0.  0.  0.  0.  0.  0.  0.  0.  0.  0.  0.
  0.  0.  0.  0.  0.  0.  0.  0.  0.  0.  0.  0.  0.  0.  0.  0.  0.  0.
  0.  0.  0.  0.  0.  0.  0.  0.  0.  0.  0.  0.  0.  0.  0.  0.  0. 16.
  0.  0.  0.  0.  0.  0.  0.  0.  0.  0.  0.  0.  0. 15.  0.  0.  0.  0.
  0.  0.  0.  0.  0. 31.  0. 12.  0. 13.  0.  0.  0.  0.  0.  0.  0.  0.
  0.  0. 30. 29.  1. 11.  4.  0.  0.  0.  0.  0.  0.  0.  0. 27.  0. 28.
  9.  7.  2. 19.  0.  0.  0.  0.  0.  0.  0.  0.  0. 26. 22. 14.  5.  6.
  3.  0.  0.  0.  0.  0.  0.  0.  0.  0. 21. 20. 25.  8. 10.  0.  0.  0.
  0.  0.  0.  0.  0.  0.  0.  0. 32. 18.  0. 17.  0.  0.  0.  0.  0.  0.
  0.  0.  0.  0.  0. 23. 24.  0.  0.  0.  0.  0.  0.  0.  0.  0.  0.  0.
  0.  0.  0.  0.  0.  0.  0.  0.  0.  0.  0.  0.  0.  0.  0.  0.  0.  0.
  0.  0.  0.  0.  0.  0.  0.  0.  0.]