[ 0.  0.  0.  0.  0.  0.  0.  0.  0.  0.  0.  0.  0.  0.  0.  0.  0.  0.
 25.  0.  0.  0.  0.  0.  0.  0.  0.  0.  0.  0.  0.  0.  0.  0. 21.  0.
  0.  0.  0.  0.  0.  0.  0.  0.  0.  0.  0.  0.  0. 22. 19. 12.  0.  0.
  0.  0.  0.  0.  0.  0.  0.  0.  0. 15. 13. 16. 11.  0.  0.  0.  0.  0.
  0.  0.  0.  0.  0.  0.  0. 17. 14.  9. 23.  0.  0.  0.  0.  0.  0.  0.
  0.  0. 20.  0.  7.  5.  3.  8. 24.  0.  0.  0.  0.  0.  0.  0.  0.  0.
  0. 10.  6. 18.  1.  0.  0.  0.  0.  0.  0.  0.  0.  0.  0.  0.  0.  0.
  4.  0.  2.  0.  0.  0.  0.  0.  0.  0.  0.  0.  0.  0.  0.  0.  0.  0.
  0.  0.  0.  0.  0.  0.  0.  0.  0.  0.  0.  0.  0.  0.  0.  0.  0.  0.
  0.  0.  0.  0.  0.  0.  0.  0.  0.  0.  0.  0.  0.  0.  0.  0.  0.  0.
  0.  0.  0.  0.  0.  0.  0.  0.  0.  0.  0.  0.  0.  0.  0.  0.  0.  0.
  0.  0.  0.  0.  0.  0.  0.  0.  0.  0.  0.  0.  0.  0.  0.  0.  0.  0.
  0.  0.  0.  0.  0.  0.  0.  0.  0.]