[ 0.  0.  0.  0.  0.  0.  0.  0.  0.  0.  0.  0.  0.  0.  0.  0.  0.  0.
  0.  0.  0.  0.  0.  0.  0.  0.  0.  0.  0.  0.  0.  0.  0.  0. 36.  0.
  0.  0.  0.  0.  0.  0.  0.  0.  0.  0.  0.  0.  0.  0. 35. 22.  0.  0.
 53. 34. 33.  0.  0.  0.  0.  0.  0.  0.  0.  0. 21.  0. 20. 29. 28.  0.
  0.  0.  0.  0.  0.  0.  0.  9. 12. 19.  0. 23. 26.  5. 52.  0.  0.  0.
  0.  0. 58.  0.  0.  8. 11.  0. 10.  0. 27. 30.  0.  0.  0.  0.  0.  0.
 55. 18. 13.  6.  1.  4.  0.  0.  0.  0. 51.  0.  0.  0.  0. 54. 15.  0.
  7.  2.  3.  0. 39.  0. 50.  0.  0.  0.  0. 56. 16.  0.  0. 17. 14. 25.
 24. 46. 48.  0.  0.  0.  0. 57.  0.  0.  0.  0. 37. 31. 38. 45.  0. 49.
  0.  0.  0.  0.  0.  0.  0.  0. 41. 32. 40. 43. 42.  0.  0.  0.  0.  0.
  0.  0.  0.  0.  0.  0.  0.  0. 47. 44.  0.  0.  0.  0.  0.  0.  0.  0.
  0.  0.  0.  0.  0.  0.  0.  0.  0.  0.  0.  0.  0.  0.  0.  0.  0.  0.
  0.  0.  0.  0.  0.  0.  0.  0.  0.]