[ 0.  0.  0.  0.  0.  0.  0.  0.  0.  0.  0.  0.  0.  0.  0.  0.  0.  0.
  0.  0.  0.  0.  0.  0.  0.  0.  0.  0.  0.  0.  0.  0.  0.  0.  0.  0.
  0.  0.  0.  0.  0.  0.  0.  0.  0.  0.  0.  0.  0.  0.  0.  0.  0.  0.
  0.  0.  0.  0.  0.  0.  0.  0.  0.  0.  0.  0.  0.  0.  0.  0.  0. 23.
  0.  0.  0.  0.  0.  0.  0.  0.  0.  0.  0.  0.  0. 22.  0.  0.  0.  0.
  0.  0.  0.  0.  0.  0.  0.  0.  0. 16.  0.  0.  0.  0.  0.  0.  0.  0.
  0.  0.  0.  0.  1.  6.  0.  0.  0.  0.  0.  0.  0.  0.  0.  0.  0.  0.
  4.  2. 24.  9. 19. 20.  0.  0.  0.  0.  0.  0.  0.  0.  0. 17.  8.  3.
  7. 27.  0.  0.  0.  0.  0.  0.  0.  0.  0.  0.  5. 14. 11.  0. 21.  0.
  0.  0.  0.  0.  0.  0.  0.  0.  0. 13. 12.  0. 10. 25.  0.  0.  0.  0.
  0.  0.  0.  0.  0.  0.  0. 15.  0.  0. 26.  0.  0.  0.  0.  0.  0.  0.
  0.  0.  0. 18.  0.  0.  0.  0.  0.  0.  0.  0.  0.  0.  0.  0.  0.  0.
  0.  0.  0.  0.  0.  0.  0.  0.  0.]