[ 0.  0.  0.  0.  0.  0.  0.  0.  0.  0.  0.  0.  0.  0.  0.  0.  0.  0.
  0. 47.  0.  0.  0.  0.  0. 52. 50.  0.  0.  0.  0.  0.  0.  0.  0. 46.
 49. 48.  0.  0.  0. 51. 31.  0.  0.  0.  0.  0.  0. 41.  0. 44.  0. 34.
  0. 37. 30.  0.  0.  0.  0.  0.  0.  0.  0. 40.  0. 42. 15. 33. 20. 32.
  0.  0.  0.  0.  0.  0.  0. 45. 39. 38.  0. 12. 18. 19.  0.  0.  0.  0.
  0.  0.  0.  0.  0. 43. 16.  0. 14. 17.  0. 35.  0.  0.  0.  0.  0.  0.
  0.  0.  0.  7.  1. 10.  9. 36.  0.  0.  0.  0.  0.  0.  0.  0. 27.  0.
 13.  4.  2. 21.  0.  0.  0.  0.  0.  0.  0.  0.  0.  0. 26.  5.  8.  3.
  0.  0.  0.  0.  0.  0.  0.  0.  0.  0.  0.  0. 24.  6. 11.  0.  0.  0.
  0.  0.  0.  0.  0.  0.  0.  0. 25.  0. 22.  0.  0.  0.  0.  0.  0.  0.
  0.  0.  0.  0.  0.  0.  0. 23. 28.  0.  0.  0.  0.  0.  0.  0.  0.  0.
  0.  0.  0.  0.  0.  0. 29.  0.  0.  0.  0.  0.  0.  0.  0.  0.  0.  0.
  0.  0.  0.  0.  0.  0.  0.  0.  0.]