[ 0.  0.  0.  0.  0.  0.  0.  0.  0.  0.  0.  0.  0.  0.  0.  0.  0.  0.
  0.  0.  0.  0.  0.  0.  0.  0.  0.  0.  0.  0.  0.  0.  0.  0.  0.  0.
  0.  0.  0.  0.  0.  0.  0.  0.  0.  0.  0.  0.  0.  0.  0.  0.  0.  0.
  0.  0.  0.  0.  0.  0.  0.  0.  0.  0.  0.  0.  0.  0.  0. 38.  0. 44.
  0.  0.  0.  0.  0.  0.  0.  0.  0.  0.  0.  0. 40. 27. 39.  0.  0.  0.
  0.  0.  0.  0.  9.  0.  0. 10.  3.  0.  0. 37.  0. 36.  0.  0.  0.  0.
  0.  0.  6.  5.  1. 12.  0. 26. 43. 35.  0.  0.  0.  0.  0.  0.  0.  7.
  4.  2.  0. 13. 45. 33.  0. 41.  0.  0.  0.  0.  0.  0. 21. 14.  8. 17.
  0. 29. 30.  0.  0. 42.  0.  0.  0.  0.  0. 15. 16. 25. 11.  0. 28. 32.
  0.  0.  0.  0.  0.  0.  0.  0.  0. 23. 20. 22. 31.  0. 34.  0.  0.  0.
  0.  0.  0.  0.  0. 18. 19. 24.  0.  0.  0.  0.  0.  0.  0.  0.  0.  0.
  0.  0.  0.  0.  0.  0.  0.  0.  0.  0.  0.  0.  0.  0.  0.  0.  0.  0.
  0.  0.  0.  0.  0.  0.  0.  0.  0.]