[ 0.  0.  0.  0.  0.  0.  0.  0.  0.  0.  0.  0.  0.  0.  0.  0.  0.  0.
  0.  0.  0.  0.  0.  0.  0.  0.  0.  0.  0.  0.  0.  0.  0.  0.  0.  0.
 48.  0.  0.  0.  0.  0.  0.  0.  0.  0.  0.  0.  0.  0.  0.  0. 47. 34.
  0.  0.  0.  0.  0.  0.  0.  0.  0.  0.  0.  0.  0. 49. 31.  0.  0.  0.
  0.  0.  0.  0.  0.  0.  0.  0.  0. 30. 29.  3. 45. 28.  0.  0.  0.  0.
  0.  0.  0.  0.  0.  0.  0.  0.  8.  0. 27. 32.  0.  0.  0.  0.  0.  0.
  0.  0.  0.  0.  1. 23. 26. 33. 46.  0.  0.  0.  0.  0.  0.  0. 14.  0.
  5.  0.  2. 20. 25.  0. 43.  0.  0.  0.  0.  0.  0.  0.  7. 12.  6.  4.
 19. 18. 44.  0.  0.  0.  0.  0.  0.  0.  0.  0.  9. 10. 22. 17. 41.  0.
  0.  0.  0.  0.  0.  0.  0.  0. 16. 11. 13. 15. 39. 40.  0.  0.  0.  0.
  0.  0.  0.  0.  0.  0. 21. 24. 37.  0.  0.  0.  0.  0.  0.  0.  0.  0.
  0.  0.  0. 36. 42.  0. 38.  0.  0.  0.  0.  0.  0.  0.  0.  0.  0.  0.
 35.  0.  0.  0.  0.  0.  0.  0.  0.]