[ 0.  0.  0.  0.  0.  0.  0.  0.  0.  0.  0.  0.  0.  0.  0.  0.  0.  0.
  0.  0.  0.  0.  0.  0.  0.  0.  0.  0.  0.  0.  0.  0.  0.  0.  0.  0.
  0.  0.  0.  0.  0.  0.  0.  0.  0.  0.  0.  0.  0.  0.  0. 14.  0.  0.
  0.  0.  0.  0.  0.  0.  0.  0.  0.  0.  0. 13.  0.  0.  0.  0.  0.  0.
  0.  0.  0. 40.  0. 20.  0. 11. 12.  0.  9.  0.  0.  0.  0.  0.  0.  0.
  0. 39.  0. 15. 16.  0.  3.  0.  6.  0.  0.  0.  0.  0.  0.  0.  0. 27.
 17.  0. 10.  8.  1.  7.  0. 22.  0.  0.  0.  0.  0. 28.  0. 25. 32. 19.
  5.  4.  2. 21.  0.  0.  0.  0.  0.  0.  0. 45. 26. 29. 18. 24.  0.  0.
  0.  0.  0.  0.  0.  0.  0.  0. 34. 46. 36. 30. 37. 23.  0. 33.  0.  0.
  0.  0.  0.  0. 35. 44.  0. 31. 38.  0.  0.  0.  0.  0.  0.  0.  0.  0.
  0.  0. 42.  0.  0.  0. 41.  0.  0.  0.  0.  0.  0.  0.  0.  0. 43.  0.
  0.  0.  0.  0.  0.  0.  0.  0.  0.  0.  0.  0.  0.  0.  0.  0.  0.  0.
  0.  0.  0.  0.  0.  0.  0.  0.  0.]