[ 0.  0.  0.  0.  0.  0.  0. 77.  0.  0.  0.  0.  0.  0.  0.  0.  0.  0.
  0.  0.  0.  0.  0. 76.  0.  0.  0.  0.  0.  0.  0.  0.  0.  0. 49.  0.
  0.  0. 78.  0. 73. 79.  0.  0.  0.  0.  0.  0.  0. 48.  0.  0. 51. 50.
  0. 44. 52. 53. 61.  0.  0.  0.  0.  0.  0. 47.  0. 12.  0. 43.  0. 54.
 58. 71.  0.  0.  0.  0.  0.  0. 40.  9. 39.  3. 42. 41. 56. 55. 75.  0.
  0.  0.  0.  0.  0. 11.  8.  0. 59.  0. 60. 57.  0. 72.  0.  0.  0.  0.
  0.  0.  0. 10.  1. 62. 14.  0.  0. 65. 74.  0.  0.  0.  0. 38.  0.  5.
  4.  2.  7.  6.  0.  0. 67. 66.  0.  0.  0.  0.  0. 37. 16. 18. 13.  0.
 45. 63. 64. 68.  0.  0.  0.  0.  0.  0. 20. 19. 15. 17. 22. 21. 46.  0.
  0.  0.  0.  0.  0.  0. 35. 36. 31. 25. 29. 24.  0. 69.  0.  0.  0.  0.
  0.  0.  0.  0. 32.  0. 28. 23. 27.  0.  0. 70.  0.  0.  0.  0.  0.  0.
  0.  0.  0.  0. 30. 26. 33.  0.  0.  0.  0.  0.  0.  0.  0.  0.  0.  0.
  0.  0.  0.  0. 34.  0.  0.  0.  0.]