[ 0.  0.  0.  0.  0.  0.  0.  0.  0.  0.  0.  0.  0.  0.  0.  0.  0.  0.
  0.  0.  0.  0.  0.  0.  0.  0.  0.  0.  0.  0.  0.  0.  0.  0.  0.  0.
  0.  0.  0.  0.  0.  0.  0.  0.  0.  0.  0.  0.  0.  0.  0.  0.  0.  0.
  0.  0.  0.  0.  0.  0.  0.  0.  0.  0.  0.  0.  0.  0.  0.  0. 16.  0.
  0.  0.  0.  0.  0.  0.  0.  0.  0.  0.  0. 10.  9.  7.  0.  0.  0.  0.
  0.  0.  0.  0.  0. 32.  0. 39. 13.  6. 12.  0.  0.  0.  0.  0.  0.  0.
  0.  0. 31. 37.  1.  4. 20. 11.  0.  0.  0.  0.  0.  0.  0. 34. 26. 27.
 24.  2.  5. 18.  0.  0.  0.  0.  0.  0.  0.  0.  0. 33. 23. 14. 30.  3.
  8.  0.  0.  0.  0.  0.  0.  0.  0. 35. 36. 15. 19. 17. 22. 21.  0.  0.
  0.  0.  0.  0.  0. 38.  0.  0. 28.  0. 25.  0.  0.  0.  0.  0.  0.  0.
  0.  0.  0.  0.  0.  0.  0. 29.  0.  0.  0.  0.  0.  0.  0.  0.  0.  0.
  0.  0.  0.  0.  0.  0.  0.  0.  0.  0.  0.  0.  0.  0.  0.  0.  0.  0.
  0.  0.  0.  0.  0.  0.  0.  0.  0.]