[ 0.  0.  0.  0.  0.  0.  0.  0.  0.  0.  0.  0.  0.  0.  0.  0.  0.  0.
  0.  0.  0.  0.  0.  0.  0.  0.  0.  0.  0.  0.  0.  0.  0.  0.  0.  0.
  0.  0.  0. 49.  0.  0.  0.  0.  0.  0.  0.  0.  0.  0.  0.  0.  0.  0.
  0. 45.  0.  0.  0.  0.  0.  0.  0.  0.  0.  0.  0.  0. 46. 15.  0.  0.
  0. 48.  0.  0.  0.  0.  0.  0.  0.  0.  4.  0. 14. 11.  0. 47.  0.  0.
  0.  0.  0. 43.  0. 17.  6.  3. 13. 10.  0. 23.  0.  0.  0.  0.  0.  0.
  0. 42.  7. 16.  1.  8. 12. 25.  0. 24.  0.  0.  0.  0.  0.  0.  0. 20.
 21.  2.  5.  0. 44.  0.  0.  0.  0.  0.  0.  0. 37. 31.  9. 18.  0. 28.
 29.  0.  0.  0.  0.  0.  0.  0.  0.  0. 22. 19. 38. 26.  0. 40.  0.  0.
  0.  0.  0.  0.  0.  0.  0. 30. 34. 32. 35. 27.  0. 41.  0.  0.  0.  0.
  0.  0.  0.  0.  0. 33. 36.  0.  0.  0.  0.  0.  0.  0.  0.  0.  0.  0.
  0.  0.  0. 39.  0.  0.  0.  0.  0.  0.  0.  0.  0.  0.  0.  0.  0.  0.
  0.  0.  0.  0.  0.  0.  0.  0.  0.]