[ 0.  0.  0.  0.  0.  0.  0.  0.  0.  0.  0.  0.  0.  0.  0.  0.  0.  0.
  0.  0.  0.  0.  0.  0.  0.  0.  0.  0.  0.  0.  0.  0.  0.  0.  0.  0.
  0.  0. 26.  0.  0.  0.  0.  0.  0.  0.  0.  0.  0.  0.  0.  0. 23.  0.
  0.  0.  0.  0.  0.  0.  0.  0.  0.  0.  0.  0. 25. 24.  0.  0.  0.  0.
  0.  0.  0.  0.  0.  0.  0. 19. 21. 22.  3.  5. 14.  0.  0.  0.  0.  0.
  0.  0.  0.  0. 17. 18.  0. 13. 10. 12.  0.  0.  0.  0.  0.  0.  0.  0.
 27.  0.  0.  8.  1. 11.  0.  0.  0.  0.  0.  0.  0.  0.  0.  0.  0.  0.
  7.  2.  6. 15.  0.  0.  0.  0.  0.  0.  0.  0.  0.  0.  0.  0. 20.  4.
  0. 16.  0.  0.  0.  0.  0.  0.  0.  0.  0.  0.  0.  0.  0.  9.  0.  0.
  0.  0.  0.  0.  0.  0.  0.  0.  0.  0.  0.  0.  0.  0.  0.  0.  0.  0.
  0.  0.  0.  0.  0.  0.  0.  0.  0.  0.  0.  0.  0.  0.  0.  0.  0.  0.
  0.  0.  0.  0.  0.  0.  0.  0.  0.  0.  0.  0.  0.  0.  0.  0.  0.  0.
  0.  0.  0.  0.  0.  0.  0.  0.  0.]