[ 0.  0.  0.  0.  0.  0.  0.  0.  0.  0.  0.  0.  0.  0.  0.  0.  0.  0.
  0.  0.  0.  0.  0.  0.  0.  0.  0.  0.  0.  0.  0.  0.  0.  0.  0.  0.
  0.  0.  0.  0.  0.  0.  0.  0.  0.  0.  0.  0.  0.  0. 26.  0. 30.  0.
  0.  0.  0.  0.  0.  0.  0.  0.  0.  0. 12. 25. 29.  0.  0. 23.  0.  0.
  0.  0.  0.  0.  0.  0.  0.  0. 11.  8.  4.  0.  0.  0.  0. 22.  0.  0.
  0. 41. 37. 28. 27.  7.  9.  3. 10. 24.  0. 21.  0.  0.  0.  0. 39. 40.
 35. 33.  0.  6.  1.  5. 13. 17. 18.  0.  0.  0.  0.  0. 36.  0. 31. 32.
  0.  2. 14. 15.  0.  0.  0.  0.  0.  0.  0.  0.  0. 34. 38.  0.  0. 19.
  0. 16.  0.  0.  0.  0.  0.  0.  0.  0.  0.  0.  0. 20.  0.  0.  0.  0.
  0.  0.  0.  0.  0. 42.  0.  0.  0.  0.  0.  0.  0.  0.  0.  0.  0.  0.
  0.  0.  0.  0.  0.  0.  0.  0.  0.  0.  0.  0.  0.  0.  0.  0.  0.  0.
  0.  0.  0.  0.  0.  0.  0.  0.  0.  0.  0.  0.  0.  0.  0.  0.  0.  0.
  0.  0.  0.  0.  0.  0.  0.  0.  0.]