[ 0.  0.  0.  0.  0.  0.  0.  0.  0.  0.  0.  0.  0.  0.  0.  0.  0.  0.
  0.  0.  0.  0.  0.  0.  0.  0.  0.  0.  0.  0.  0.  0.  0.  0.  0.  0.
 32. 27.  0.  0.  0.  0.  0.  0.  0.  0.  0.  0.  0.  0.  0. 31.  0. 18.
  0.  0.  0.  0.  0.  0.  0.  0.  0.  0.  0.  0. 25.  0. 15. 26.  0.  0.
  0.  0.  0.  0.  0.  0.  0.  0. 24. 11. 14. 13.  3.  0.  0. 21.  0.  0.
  0.  0.  0.  0.  0. 17.  0. 12.  0.  8.  0. 19.  0.  0.  0.  0.  0.  0.
  0. 20. 23. 10.  1.  9.  5. 22. 16.  0.  0.  0.  0.  0.  0.  0.  0.  0.
  4.  6.  2.  7.  0. 50.  0.  0.  0.  0.  0.  0.  0.  0. 42. 29. 34. 33.
 45.  0. 55. 51.  0.  0.  0.  0.  0.  0.  0.  0. 28. 35. 46. 30. 49. 48.
  0.  0.  0.  0.  0.  0.  0.  0. 36. 38. 43. 39. 44. 54.  0.  0.  0.  0.
  0.  0.  0.  0. 37.  0. 41.  0.  0. 40. 47.  0.  0.  0.  0.  0.  0.  0.
  0.  0.  0.  0.  0.  0. 52.  0.  0.  0.  0.  0.  0.  0.  0.  0.  0.  0.
  0.  0.  0. 53.  0.  0.  0.  0.  0.]