[ 0.  0.  0.  0.  0.  0.  0. 62.  0.  0.  0.  0.  0.  0.  0.  0.  0.  0.
  0.  0.  0.  0. 60. 58.  0.  0.  0.  0.  0.  0.  0.  0.  0.  0.  0.  0.
  0.  0. 61. 63.  0. 57.  0.  0.  0.  0.  0.  0.  0.  0.  0.  0. 64.  0.
 48. 52. 54. 55.  0.  0.  0.  0.  0.  0.  0.  0.  0.  0. 47.  0. 46. 56.
  0.  0.  0.  0.  0.  0.  0.  0. 49.  0.  4. 12. 13. 53. 50. 59.  0.  0.
  0.  0. 34.  0.  0. 35.  6.  3.  0.  9. 16.  0. 51.  0.  0.  0.  0.  0.
 33. 22.  7. 11.  1.  8.  5.  0.  0.  0.  0.  0.  0.  0.  0. 20. 21. 36.
 10.  2. 15. 14.  0.  0.  0.  0.  0.  0.  0.  0. 32. 17. 23. 31. 38. 37.
  0.  0.  0.  0.  0.  0.  0.  0.  0. 18.  0. 19. 25. 28.  0.  0.  0.  0.
  0.  0.  0.  0.  0.  0.  0. 41. 24. 27. 26.  0. 45.  0.  0.  0.  0.  0.
  0.  0.  0. 43.  0.  0. 39. 29. 42.  0.  0.  0.  0.  0.  0.  0.  0. 44.
  0.  0.  0. 40.  0. 30.  0.  0.  0.  0.  0.  0.  0.  0.  0.  0.  0.  0.
  0.  0.  0.  0.  0.  0.  0.  0.  0.]