[ 0.  0.  0.  0.  0.  0.  0.  0.  0.  0.  0.  0.  0.  0.  0.  0.  0.  0.
  0.  0.  0.  0.  0.  0.  0.  0.  0.  0.  0.  0.  0.  0.  0.  0.  0.  0.
  0.  0.  0.  0.  0.  0.  0.  0.  0.  0.  0.  0.  0.  0.  0. 14. 29.  0.
 34.  0.  0.  0.  0.  0.  0.  0.  0.  0.  0.  0. 28. 13. 12. 23. 37.  0.
  0. 50.  0.  0.  0.  0.  0. 33. 22. 21.  9.  3.  5. 10. 36. 38. 40. 41.
  0.  0.  0.  0. 26. 24. 27.  4.  6.  7. 11. 51. 18.  0.  0.  0.  0.  0.
 30.  0. 25. 32.  1.  0.  8. 16. 17. 39.  0.  0.  0.  0. 31.  0.  0.  0.
  0. 54.  2. 48. 15.  0. 20.  0.  0.  0.  0.  0.  0.  0.  0. 44. 35. 19.
 42.  0.  0.  0.  0.  0.  0.  0.  0.  0. 52. 49. 45. 43. 46.  0.  0.  0.
  0.  0.  0.  0.  0.  0.  0.  0.  0. 47. 53.  0.  0.  0.  0.  0.  0.  0.
  0.  0.  0.  0.  0.  0.  0. 55.  0.  0.  0.  0.  0.  0.  0.  0.  0.  0.
  0.  0.  0.  0.  0.  0.  0.  0.  0.  0.  0.  0.  0.  0.  0.  0.  0.  0.
  0.  0.  0.  0.  0.  0.  0.  0.  0.]