[ 0.  0.  0.  0.  0.  0.  0.  0.  0.  0.  0.  0.  0.  0.  0.  0.  0.  0.
  0.  0.  0.  0.  0.  0.  0.  0.  0.  0.  0.  0.  0.  0.  0.  0.  0.  0.
  0.  0.  0.  0.  0.  0.  0.  0.  0.  0.  0.  0.  0.  0.  0. 23.  0.  0.
  0.  0.  0.  0.  0.  0.  0.  0.  0.  0.  0.  0.  0.  0.  0.  0.  0.  0.
  0.  0.  0.  0.  0.  0.  0.  0.  0. 22. 19.  0.  0.  0.  0.  0.  0.  0.
  0.  0.  0.  0.  0. 20.  0.  0.  6.  0. 11.  0.  0.  0.  0.  0.  0.  0.
 34.  0. 18.  0.  1.  9. 10.  0.  0.  0.  0.  0.  0.  0. 28. 25. 27. 21.
  5.  2.  4. 15. 12. 14.  0.  0.  0.  0.  0.  0. 24. 32. 33.  8.  0.  7.
  3. 16. 13.  0.  0.  0.  0.  0.  0. 31. 26. 30. 38. 42.  0.  0.  0.  0.
  0.  0.  0.  0.  0.  0.  0.  0. 29. 36. 35. 17. 39.  0.  0.  0.  0.  0.
  0.  0.  0.  0.  0.  0. 41.  0. 37.  0.  0.  0.  0.  0.  0.  0.  0.  0.
  0.  0.  0. 40.  0.  0.  0.  0.  0.  0.  0.  0.  0.  0.  0.  0.  0.  0.
  0.  0.  0.  0.  0.  0.  0.  0.  0.]