[ 0.  0.  0.  0.  0.  0.  0.  0.  0.  0.  0.  0.  0.  0.  0.  0.  0.  0.
  0.  0.  0.  0.  0.  0.  0.  0.  0.  0.  0.  0.  0.  0.  0.  0.  0.  0.
  0.  0.  0.  0.  0.  0.  0.  0.  0.  0.  0.  0.  0.  0.  0.  0.  0.  0.
  0.  0.  0.  0.  0.  0.  0.  0.  0.  0.  0.  0.  0.  0.  0.  0.  0.  0.
  0.  0.  0.  0.  0.  0.  0.  0.  0.  0.  7.  8.  0.  0.  0.  0.  0.  0.
  0.  0.  0.  0.  0.  5.  2.  4.  0. 11.  0.  0.  0.  0.  0.  0.  0.  0.
  0.  0.  6.  9.  1.  0. 12.  0.  0.  0.  0.  0.  0.  0.  0.  0.  0.  0.
 24. 10.  0.  0.  0.  0.  0.  0.  0.  0.  0.  0.  0.  0.  0. 16.  3.  0.
  0. 13.  0.  0.  0.  0.  0.  0.  0.  0.  0. 17. 15. 18. 23. 22. 14.  0.
  0.  0.  0.  0.  0.  0.  0.  0. 20.  0. 25. 19. 21.  0.  0.  0.  0.  0.
  0.  0.  0.  0.  0.  0.  0.  0.  0.  0.  0.  0.  0.  0.  0.  0.  0.  0.
  0.  0.  0.  0.  0.  0.  0.  0.  0.  0.  0.  0.  0.  0.  0.  0.  0.  0.
  0.  0.  0.  0.  0.  0.  0.  0.  0.]