[ 0.  0.  0.  0.  0.  0.  0.  0.  0.  0.  0.  0.  0.  0.  0.  0.  0.  0.
  0.  0.  0.  0.  0.  0.  0.  0.  0.  0.  0.  0.  0.  0.  0.  0.  0.  0.
  0.  0.  0.  0.  0.  0.  0.  0.  0.  0.  0. 26.  0.  0.  0. 29.  0. 20.
  0.  0.  0.  0.  0.  0.  0.  0.  0. 25. 28. 27. 21. 19.  0.  0.  0.  0.
  0.  0.  0.  0.  0.  0.  0. 23. 22. 17.  0.  0.  0.  0.  0.  0.  0.  0.
  0.  0.  0.  0. 24. 15. 30. 16.  0. 18.  0.  0.  0.  0.  0.  0.  0.  0.
  0.  0. 10.  5.  1. 13.  0.  0.  0.  0.  0.  0.  0.  0.  0.  0.  7.  6.
  4.  2.  8.  9.  0.  0.  0.  0.  0.  0.  0.  0.  0.  0. 14.  3. 11. 12.
  0.  0.  0.  0.  0.  0.  0.  0.  0.  0.  0.  0.  0.  0.  0.  0.  0.  0.
  0.  0.  0.  0.  0.  0.  0.  0.  0.  0.  0.  0.  0.  0.  0.  0.  0.  0.
  0.  0.  0.  0.  0.  0.  0.  0.  0.  0.  0.  0.  0.  0.  0.  0.  0.  0.
  0.  0.  0.  0.  0.  0.  0.  0.  0.  0.  0.  0.  0.  0.  0.  0.  0.  0.
  0.  0.  0.  0.  0.  0.  0.  0.  0.]