[ 0.  0.  0.  0.  0.  0.  0.  0.  0.  0.  0.  0.  0.  0.  0.  0.  0.  0.
  0.  0.  0.  0.  0.  0.  0.  0.  0.  0.  0.  0.  0.  0.  0.  0.  0.  0.
 38. 41. 40.  0.  0.  0.  0.  0.  0.  0.  0.  0.  0.  0.  0. 31. 32. 39.
  0.  0.  0.  0.  0.  0.  0.  0.  0.  0.  0. 33. 28. 35. 27.  0.  0.  0.
  0.  0.  0.  0.  0.  0.  0. 42. 29. 30. 11.  3. 12.  0.  0.  0.  0.  0.
  0.  0.  0.  0.  0. 37. 15. 14.  7.  8.  0.  0.  0.  0.  0.  0.  0.  0.
  0. 34. 22. 20.  1.  6. 25.  0.  0.  0.  0.  0.  0.  0.  0. 24. 21. 23.
  9. 13.  2.  5. 26.  0.  0.  0.  0.  0.  0. 36.  0.  0. 10. 19. 18.  4.
  0.  0.  0.  0.  0.  0.  0.  0.  0.  0.  0.  0.  0.  0. 17.  0.  0.  0.
  0.  0.  0.  0.  0.  0.  0.  0.  0.  0.  0. 16.  0.  0.  0.  0.  0.  0.
  0.  0.  0.  0.  0.  0.  0.  0.  0.  0.  0.  0.  0.  0.  0.  0.  0.  0.
  0.  0.  0.  0.  0.  0.  0.  0.  0.  0.  0.  0.  0.  0.  0.  0.  0.  0.
  0.  0.  0.  0.  0.  0.  0.  0.  0.]