[ 0.  0.  0.  0.  0.  0.  0.  0.  0.  0.  0.  0.  0.  0.  0.  0.  0.  0.
  0.  0.  0.  0.  0.  0.  0.  0.  0.  0.  0.  0.  0.  0.  0.  0.  0.  0.
  0.  0.  0.  0.  0.  0.  0.  0.  0.  0.  0.  0.  0.  0.  0.  0.  0.  0.
 37.  0.  0.  0.  0.  0.  0.  0.  0.  0.  0.  0.  0.  0.  0. 35.  0.  0.
  0.  0.  0.  0.  0.  0.  0. 25.  0. 26. 39. 27. 38.  0.  0.  0.  0.  0.
  0.  0.  0.  0. 24.  0.  3. 29.  6. 11.  0.  0.  0.  0.  0.  0.  0.  0.
 21. 22.  9. 36.  1. 10. 13.  0.  0.  0.  0.  0.  0.  0.  0.  0. 20. 17.
  5.  4.  2. 28.  0.  0.  0.  0.  0.  0.  0.  0. 19. 14. 18.  8. 12.  7.
  0.  0.  0.  0.  0.  0.  0.  0.  0.  0. 23. 15. 32. 16.  0.  0.  0.  0.
  0.  0.  0.  0.  0.  0.  0.  0.  0. 34. 30.  0.  0.  0.  0.  0.  0.  0.
  0.  0.  0.  0.  0.  0.  0. 31. 33.  0.  0.  0.  0.  0.  0.  0.  0.  0.
  0.  0.  0.  0.  0.  0.  0.  0.  0.  0.  0.  0.  0.  0.  0.  0.  0.  0.
  0.  0.  0.  0.  0.  0.  0.  0.  0.]