[ 0.  0.  0.  0.  0.  0.  0.  0.  0.  0.  0.  0.  0.  0.  0.  0.  0.  0.
  0.  0.  0.  0.  0.  0.  0.  0.  0.  0.  0.  0.  0.  0.  0.  0.  0.  0.
  0.  0.  0.  0.  0.  0.  0.  0.  0.  0.  0.  0.  0.  0.  0.  0.  0.  0.
  0.  0.  0.  0.  0.  0.  0.  0.  0.  0.  0.  0.  0.  0.  0.  0.  0.  0.
  0.  0.  0.  0.  0.  0.  0.  0.  0. 12.  3.  5. 21. 22. 19.  0.  0.  0.
  0.  0.  0.  0.  0. 15.  0.  0. 10. 14. 16. 17.  0.  0.  0.  0.  0.  0.
  0.  0.  0.  8.  1. 11. 18.  0.  0.  0.  0.  0.  0.  0.  0.  0.  0.  0.
  7.  2.  6. 20. 25. 24.  0.  0.  0.  0.  0.  0.  0.  0. 28.  0. 26.  4.
  0. 13.  0.  0.  0.  0.  0.  0.  0.  0.  0.  0. 27.  0.  0.  9.  0.  0.
  0.  0.  0.  0.  0.  0.  0.  0.  0.  0.  0. 23.  0.  0.  0.  0.  0.  0.
  0.  0.  0.  0.  0.  0.  0.  0.  0.  0.  0.  0.  0.  0.  0.  0.  0.  0.
  0.  0.  0.  0.  0.  0.  0.  0.  0.  0.  0.  0.  0.  0.  0.  0.  0.  0.
  0.  0.  0.  0.  0.  0.  0.  0.  0.]