[ 0.  0.  0.  0.  0.  0.  0.  0.  0.  0.  0.  0.  0.  0.  0.  0.  0.  0.
  0.  0.  0.  0.  0.  0.  0.  0.  0.  0.  0.  0.  0.  0.  0.  0.  0.  0.
  0.  0.  0. 45.  0.  0.  0.  0.  0.  0.  0.  0.  0.  0. 27.  0. 34.  0.
 38. 42. 43.  0.  0.  0.  0.  0.  0.  0.  0. 24. 26. 31. 35. 29. 39.  0.
 37.  0.  0.  0.  0.  0. 22.  0. 20. 23. 33. 32. 28. 41. 36. 40.  0.  0.
  0.  0.  0. 25. 21.  0.  0.  0.  0.  0. 30.  0.  0. 44.  0.  0.  0.  0.
 18.  0. 12. 11.  1.  9.  6.  0.  0.  0.  0. 46.  0.  0.  0. 16. 15. 13.
  0.  2.  4.  5.  0.  0.  0.  0.  0.  0.  0.  0. 19. 14.  0.  8.  7.  0.
  3. 10.  0.  0.  0.  0.  0.  0.  0.  0.  0. 17.  0.  0.  0.  0.  0.  0.
  0.  0.  0.  0.  0.  0.  0.  0.  0.  0.  0.  0.  0.  0.  0.  0.  0.  0.
  0.  0.  0.  0.  0.  0.  0.  0.  0.  0.  0.  0.  0.  0.  0.  0.  0.  0.
  0.  0.  0.  0.  0.  0.  0.  0.  0.  0.  0.  0.  0.  0.  0.  0.  0.  0.
  0.  0.  0.  0.  0.  0.  0.  0.  0.]