[ 0.  0.  0.  0.  0.  0.  0.  0.  0.  0.  0.  0.  0.  0.  0.  0.  0.  0.
  0.  0.  0.  0.  0.  0.  0.  0.  0.  0.  0.  0.  0.  0.  0.  0.  0.  0.
  0.  0.  0.  0.  0.  0.  0.  0.  0.  0.  0.  0.  0.  0.  0.  0.  0.  0.
 44.  0.  0.  0.  0.  0.  0.  0.  0.  0.  0.  0. 43. 41.  0. 45.  0.  0.
  0.  0.  0.  0.  0.  0.  0.  0.  0. 38.  0. 11. 16.  0.  0.  0.  0.  0.
 40.  0.  0.  0. 37. 12. 42.  6. 15. 18.  9.  0.  0.  0.  0.  0. 39.  0.
  0. 30. 46.  4.  1.  3.  8.  7.  0.  0.  0.  0.  0.  0. 35.  0.  0. 23.
 28. 13.  2.  5. 14.  0.  0.  0.  0.  0.  0.  0. 31. 32. 21. 17. 25. 10.
  0.  0.  0.  0.  0.  0.  0.  0. 36. 33. 27. 19. 22.  0.  0.  0.  0.  0.
  0.  0.  0.  0.  0.  0. 29. 20. 24. 26.  0.  0.  0.  0.  0.  0.  0.  0.
  0.  0.  0. 34.  0.  0.  0.  0.  0.  0.  0.  0.  0.  0.  0.  0.  0.  0.
  0.  0.  0.  0.  0.  0.  0.  0.  0.  0.  0.  0.  0.  0.  0.  0.  0.  0.
  0.  0.  0.  0.  0.  0.  0.  0.  0.]