[ 0.  0.  0.  0.  0.  0.  0.  0.  0.  0.  0.  0.  0.  0.  0.  0.  0.  0.
  0.  0.  0.  0.  0.  0.  0.  0.  0.  0.  0.  0.  0.  0.  0.  0.  0.  0.
  0.  0.  0.  0.  0.  0.  0.  0.  0.  0.  0.  0. 26.  0.  0.  0.  0.  0.
  0.  0.  0.  0.  0.  0.  0.  0.  0.  0. 25. 16.  0.  0.  0.  0.  0.  0.
  0.  0.  0.  0.  0.  0.  0. 21. 23. 22. 19.  0.  0.  0.  0.  0.  0.  0.
  0.  0.  0. 20. 27. 15. 13. 17. 18.  0.  0.  0.  0.  0.  0.  0.  0.  0.
  0.  0. 24. 12.  1. 11.  6.  0.  0.  0.  0.  0.  0.  0.  0.  0.  0.  9.
  4.  8.  2.  5.  0.  0.  0.  0.  0.  0.  0.  0.  0.  0.  0. 10.  7.  0.
  3. 14.  0.  0.  0.  0.  0.  0.  0.  0.  0.  0.  0.  0.  0.  0.  0.  0.
  0.  0.  0.  0.  0.  0.  0.  0.  0.  0.  0.  0.  0.  0.  0.  0.  0.  0.
  0.  0.  0.  0.  0.  0.  0.  0.  0.  0.  0.  0.  0.  0.  0.  0.  0.  0.
  0.  0.  0.  0.  0.  0.  0.  0.  0.  0.  0.  0.  0.  0.  0.  0.  0.  0.
  0.  0.  0.  0.  0.  0.  0.  0.  0.]