[ 0.  0.  0.  0.  0.  0.  0.  0.  0.  0.  0.  0.  0.  0.  0.  0.  0.  0.
  0.  0.  0.  0.  0.  0.  0.  0.  0.  0.  0.  0.  0.  0.  0.  0.  0.  0.
  0.  0.  0.  0.  0.  0.  0.  0.  0.  0.  0.  0.  0.  0.  0.  0.  0.  0.
  0.  0.  0.  0.  0.  0.  0.  0.  0.  0.  0.  0.  0.  0. 13.  0.  0.  0.
  0.  0.  0.  0.  0.  0.  0.  0.  5. 16.  8. 14. 25. 24.  0.  0.  0.  0.
  0.  0.  0.  0.  0.  4.  6.  7.  0.  0. 30.  0.  0.  0.  0.  0.  0.  0.
  0.  0. 12.  3.  1. 11. 18. 17. 29.  0.  0.  0.  0.  0.  0.  0.  0.  9.
  2.  0.  0. 15. 23. 28.  0.  0.  0.  0.  0.  0.  0. 10.  0. 31.  0. 19.
  0. 21.  0.  0.  0.  0.  0.  0.  0.  0.  0.  0.  0. 20.  0. 27. 26. 22.
  0.  0.  0.  0.  0.  0.  0.  0.  0.  0.  0.  0.  0.  0.  0.  0.  0.  0.
  0.  0.  0.  0.  0.  0.  0.  0.  0.  0.  0.  0.  0.  0.  0.  0.  0.  0.
  0.  0.  0.  0.  0.  0.  0.  0.  0.  0.  0.  0.  0.  0.  0.  0.  0.  0.
  0.  0.  0.  0.  0.  0.  0.  0.  0.]