[ 0.  0.  0.  0.  0.  0.  0.  0.  0.  0.  0.  0.  0.  0.  0.  0.  0.  0.
  0.  0.  0.  0.  0.  0.  0.  0.  0.  0.  0.  0.  0.  0.  0.  0.  0.  0.
  0.  0.  0.  0.  0.  0.  0.  0.  0.  0.  0.  0.  0.  0.  0.  0.  0.  0.
  0.  0.  0.  0.  0.  0.  0.  0.  0.  0.  0.  0.  0.  0. 11.  0.  0.  0.
  0.  0.  0.  0.  0.  0. 33. 35.  0. 38.  0.  0.  0.  0.  0.  0.  0.  0.
  0.  0.  0.  0. 32. 15.  0.  0.  6.  0.  0.  0.  0.  0.  0.  0.  0. 37.
 36. 34. 12. 20.  1.  0.  5.  0. 10.  0.  0.  0.  0.  0.  0. 31. 28. 14.
 30. 19.  2.  8.  9.  0.  0.  0.  0.  0.  0.  0.  0. 24. 17.  0.  4.  7.
  3.  0.  0.  0.  0.  0.  0.  0.  0. 25. 29.  0. 21.  0. 13.  0.  0.  0.
  0.  0.  0.  0.  0.  0. 27. 26. 16. 22. 18. 23.  0.  0.  0.  0.  0.  0.
  0.  0.  0.  0.  0.  0.  0.  0.  0.  0.  0.  0.  0.  0.  0.  0.  0.  0.
  0.  0.  0.  0.  0.  0.  0.  0.  0.  0.  0.  0.  0.  0.  0.  0.  0.  0.
  0.  0.  0.  0.  0.  0.  0.  0.  0.]