[ 0.  0.  0.  0.  0.  0.  0.  0.  0.  0.  0.  0.  0.  0.  0.  0.  0.  0.
  0.  0.  0.  0.  0.  0.  0.  0. 30. 26.  0. 40.  0.  0.  0.  0.  0.  0.
  0.  0. 14.  0. 24. 25.  0. 39.  0.  0.  0.  0.  0.  0.  0.  0. 15. 13.
 18. 21. 29. 37. 41. 42.  0.  0.  0.  0.  0.  0.  0. 12. 11. 17. 23. 27.
 28. 43.  0.  0.  0.  0.  0.  0.  0.  9. 10.  3. 16. 19.  0. 32.  0.  0.
  0.  0.  0.  0.  0.  7.  4. 22. 36. 38. 33. 20.  0. 31.  0.  0.  0.  0.
  0.  0.  8.  6.  1. 35.  0. 34.  0.  0.  0.  0.  0.  0.  0.  0.  0.  5.
  0.  2.  0.  0.  0.  0.  0.  0.  0.  0.  0.  0.  0.  0.  0.  0.  0.  0.
  0.  0.  0.  0.  0.  0.  0.  0.  0.  0.  0.  0.  0.  0.  0.  0.  0.  0.
  0.  0.  0.  0.  0.  0.  0.  0.  0.  0.  0.  0.  0.  0.  0.  0.  0.  0.
  0.  0.  0.  0.  0.  0.  0.  0.  0.  0.  0.  0.  0.  0.  0.  0.  0.  0.
  0.  0.  0.  0.  0.  0.  0.  0.  0.  0.  0.  0.  0.  0.  0.  0.  0.  0.
  0.  0.  0.  0.  0.  0.  0.  0.  0.]