[ 0.  0.  0.  0.  0.  0.  0.  0.  0.  0.  0.  0.  0.  0.  0.  0.  0.  0.
  0.  0.  0.  0.  0.  0.  0.  0.  0.  0.  0.  0.  0.  0.  0.  0.  0.  0.
  0.  0.  0.  0.  0.  0.  0.  0.  0.  0.  0.  0.  0.  0.  0. 20.  0.  0.
  0.  0.  0.  0.  0.  0.  0.  0.  0.  0.  0.  0. 19.  0.  0. 27.  0.  0.
  0.  0.  0.  0.  0.  0.  0. 17. 18.  0.  0. 15. 12.  0.  0.  0.  0.  0.
  0.  0.  0.  0. 16.  0.  3.  0. 10.  0.  9.  0.  0.  0.  0.  0.  0.  0.
  0.  0.  0.  8.  1.  5.  6. 14.  0.  0.  0.  0.  0.  0.  0.  0.  0.  0.
  7.  2.  4. 13. 11.  0.  0.  0.  0.  0.  0.  0.  0.  0.  0.  0.  0.  0.
  0. 24.  0.  0.  0.  0.  0.  0.  0.  0.  0.  0.  0.  0. 22. 21.  0.  0.
  0.  0.  0.  0.  0.  0.  0.  0.  0.  0.  0.  0. 26. 25.  0.  0.  0.  0.
  0.  0.  0.  0.  0.  0.  0.  0.  0. 23.  0.  0.  0.  0.  0.  0.  0.  0.
  0.  0.  0.  0.  0.  0.  0.  0.  0.  0.  0.  0.  0.  0.  0.  0.  0.  0.
  0.  0.  0.  0.  0.  0.  0.  0.  0.]