[ 0.  0.  0.  0.  0.  0.  0.  0.  0.  0.  0.  0.  0.  0.  0.  0.  0.  0.
  0.  0.  0.  0.  0.  0.  0.  0.  0.  0.  0.  0.  0.  0.  0.  0.  0.  0.
  0.  0.  0.  0.  0.  0.  0.  0.  0.  0.  0.  0.  0.  0.  0.  0.  0.  0.
  0.  0.  0.  0.  0.  0.  0.  0.  0.  0.  0.  0.  0. 23. 15.  0.  0.  0.
  0.  0.  0.  0.  0.  0.  0.  0.  0.  0.  0.  0.  8.  0.  0.  0.  0.  0.
  0.  0.  0.  0.  0.  0.  4.  3.  7. 13. 14.  0.  0.  0.  0.  0.  0.  0.
  0.  0.  0.  6.  1. 10. 19. 17.  0.  0.  0.  0.  0.  0.  0.  0.  0.  0.
  5.  2. 18. 20. 16. 21.  0.  0.  0.  0.  0.  0.  0.  0.  0.  0. 12.  9.
  0.  0.  0. 22.  0.  0.  0.  0.  0.  0.  0.  0.  0.  0. 11.  0.  0.  0.
  0.  0.  0.  0.  0.  0.  0.  0.  0.  0.  0.  0.  0.  0.  0.  0.  0.  0.
  0.  0.  0.  0.  0.  0.  0.  0.  0.  0.  0.  0.  0.  0.  0.  0.  0.  0.
  0.  0.  0.  0.  0.  0.  0.  0.  0.  0.  0.  0.  0.  0.  0.  0.  0.  0.
  0.  0.  0.  0.  0.  0.  0.  0.  0.]