[ 0.  0.  0.  0.  0.  0.  0.  0.  0. 48.  0.  0.  0.  0.  0.  0.  0.  0.
  0.  0.  0.  0.  0.  0. 47.  0.  0.  0.  0.  0.  0.  0.  0.  0.  0.  0.
  0.  0.  0. 27. 20.  0. 49.  0.  0.  0.  0.  0.  0.  0.  0.  0. 18.  0.
 19.  0.  0.  0.  0.  0.  0.  0.  0.  0.  0.  0. 26. 25. 15. 23. 46.  0.
  0.  0.  0.  0.  0.  0.  0.  0. 29. 30. 13. 14. 28. 24.  0.  0.  0.  0.
  0.  0.  0.  0.  0.  0. 45.  3. 12.  9. 11. 21. 22.  0.  0.  0.  0.  0.
 56.  0. 32. 44.  1.  6. 10.  8. 16. 17. 55.  0.  0.  0.  0.  0.  0. 31.
  0.  4.  2.  5.  0.  0.  0. 54.  0.  0.  0.  0.  0. 41. 42. 33. 39.  7.
 40. 53. 51.  0.  0.  0.  0.  0.  0. 43.  0.  0. 36. 34. 37.  0. 50.  0.
  0.  0.  0.  0.  0.  0.  0.  0. 38.  0. 35.  0.  0. 52.  0.  0.  0.  0.
  0.  0.  0.  0.  0.  0.  0.  0.  0.  0.  0.  0.  0.  0.  0.  0.  0.  0.
  0.  0.  0.  0.  0.  0.  0.  0.  0.  0.  0.  0.  0.  0.  0.  0.  0.  0.
  0.  0.  0.  0.  0.  0.  0.  0.  0.]