[ 0.  0.  0.  0.  0.  0.  0.  0.  0.  0.  0.  0.  0.  0.  0.  0.  0.  0.
  0.  0.  0.  0.  0.  0.  0.  0.  0.  0.  0.  0.  0.  0.  0.  0.  0.  0.
  0.  0.  0.  0.  0.  0.  0.  0.  0.  0.  0.  0.  0.  0.  0.  0.  0.  0.
  0.  0.  0.  0.  0.  0.  0.  0.  0.  0.  0.  0.  0.  0.  0.  0.  0.  0.
  0.  0.  0.  0.  0.  0.  0.  0.  0.  0.  3. 20.  0.  0. 18.  0.  0.  0.
  0.  0.  0.  0.  0.  0.  0.  0. 21. 11. 19.  0.  0.  0.  0.  0.  0.  0.
  0.  0.  5.  0.  1.  6. 14.  0.  0.  0.  0.  0.  0.  0.  0.  0.  0.  0.
  0.  2.  4.  7.  0.  0.  0.  0.  0.  0.  0.  0.  0. 16. 17. 10. 12.  8.
 13.  0.  0.  0.  0.  0.  0.  0.  0.  0.  0.  0. 15.  0.  9.  0.  0.  0.
  0.  0.  0.  0.  0.  0.  0.  0.  0.  0.  0.  0.  0.  0.  0.  0.  0.  0.
  0.  0.  0.  0.  0.  0.  0.  0.  0.  0.  0.  0.  0.  0.  0.  0.  0.  0.
  0.  0.  0.  0.  0.  0.  0.  0.  0.  0.  0.  0.  0.  0.  0.  0.  0.  0.
  0.  0.  0.  0.  0.  0.  0.  0.  0.]