[ 0.  0.  0.  0.  0.  0.  0.  0.  0.  0.  0.  0.  0.  0.  0.  0.  0.  0.
  0.  0.  0.  0.  0.  0.  0.  0.  0.  0.  0.  0.  0.  0.  0.  0.  0.  0.
 63.  0.  0.  0.  0.  0.  0.  0.  0.  0.  0.  0.  0.  0.  0.  0. 50.  0.
 47.  0.  0.  0.  0.  0.  0.  0.  0. 53.  0.  0. 16.  9. 62. 14.  0. 45.
  0.  0.  0.  0.  0.  0.  0. 52. 51.  3. 13. 59.  8. 11. 46. 30.  0.  0.
  0. 64.  0. 60. 48. 12. 61. 58.  7. 10. 26. 29. 28.  0.  0.  0.  0.  0.
  0. 55. 49. 20.  1.  6. 15. 25. 27. 31. 32.  0.  0.  0.  0.  0. 54. 56.
 57.  4.  2.  5. 23. 43. 44. 33.  0.  0.  0.  0.  0.  0.  0. 19. 22. 17.
 21. 41. 24.  0.  0. 34.  0.  0.  0.  0.  0.  0.  0. 18. 36. 38. 39.  0.
  0.  0.  0.  0.  0.  0.  0.  0.  0.  0. 35. 40. 37. 42.  0.  0.  0.  0.
  0.  0.  0.  0.  0.  0.  0.  0.  0.  0.  0.  0.  0.  0.  0.  0.  0.  0.
  0.  0.  0.  0.  0.  0.  0.  0.  0.  0.  0.  0.  0.  0.  0.  0.  0.  0.
  0.  0.  0.  0.  0.  0.  0.  0.  0.]