[ 0.  0.  0.  0.  0.  0.  0.  0.  0.  0.  0.  0.  0.  0.  0.  0.  0.  0.
  0.  0.  0.  0.  0.  0.  0.  0.  0.  0.  0.  0.  0.  0.  0.  0.  0.  0.
  0.  0.  0.  0.  0.  0.  0.  0.  0.  0.  0.  0.  0.  0.  0. 29.  0.  0.
  0.  0.  0.  0.  0.  0.  0.  0.  0. 35.  0.  0. 28. 30. 31.  0.  0.  0.
  0.  0.  0.  0.  0.  0.  0. 34. 36. 18. 37. 23. 16.  0.  0.  0.  0.  0.
  0.  0.  0.  0. 38. 32.  0. 13.  6. 12.  0. 15.  0.  0.  0.  0.  0.  0.
  0. 33.  0.  8.  1.  7. 17. 22. 14.  0.  0.  0.  0.  0.  0.  0.  0.  0.
 11.  0.  2.  0.  9.  0.  0.  0.  0.  0.  0.  0.  0.  0.  0.  0.  4.  0.
  3. 19. 26. 25.  0.  0.  0.  0.  0.  0.  0.  0.  5.  0. 10.  0. 21. 20.
  0.  0.  0.  0.  0.  0.  0.  0.  0.  0.  0.  0.  0. 24. 27.  0.  0.  0.
  0.  0.  0.  0.  0.  0.  0.  0.  0.  0.  0.  0.  0.  0.  0.  0.  0.  0.
  0.  0.  0.  0.  0.  0.  0.  0.  0.  0.  0.  0.  0.  0.  0.  0.  0.  0.
  0.  0.  0.  0.  0.  0.  0.  0.  0.]