[ 0.  0.  0.  0.  0.  0.  0.  0.  0.  0.  0.  0.  0.  0.  0.  0.  0.  0.
  0.  0.  0.  0.  0.  0.  0.  0.  0.  0.  0.  0.  0.  0.  0.  0.  0.  0.
  0.  0.  0.  0.  0.  0.  0.  0.  0.  0.  0.  0.  0.  0.  0.  0.  0.  0.
  0.  0.  0.  0.  0.  0.  0.  0.  0.  0.  0.  0.  0.  0.  0.  0.  0.  0.
  0.  0.  0.  0.  0.  0.  0.  0.  0.  0.  0.  0.  0.  0.  0.  0.  0.  0.
  0.  0.  0.  0.  0.  0.  0.  0.  0.  0.  0.  0.  0.  0.  0.  0.  0.  0.
  0.  0.  0.  0.  1.  9.  0.  0.  0.  0.  0.  0.  0.  0.  0.  0.  0.  0.
  0.  2.  3. 13.  0.  0.  0.  0.  0.  0.  0.  0.  0. 19.  0. 15.  7.  4.
  6.  0.  0.  0.  0.  0.  0.  0.  0.  0.  0. 16.  8. 10. 17. 11.  0.  0.
  0.  0.  0.  0.  0.  0.  0.  0.  5. 12.  0.  0.  0.  0.  0.  0.  0.  0.
  0.  0.  0. 23. 22. 20. 14. 18. 24.  0.  0.  0.  0.  0.  0.  0.  0.  0.
  0. 21.  0.  0.  0.  0.  0.  0.  0.  0.  0.  0.  0.  0.  0.  0.  0.  0.
  0.  0.  0.  0.  0.  0.  0.  0.  0.]