[ 0.  0.  0.  0.  0.  0.  0.  0.  0.  0.  0.  0.  0.  0.  0.  0.  0.  0.
  0.  0.  0.  0.  0.  0.  0.  0.  0.  0.  0.  0.  0.  0.  0.  0.  0.  0.
  0.  0.  0.  0.  0.  0.  0.  0.  0.  0.  0.  0.  0.  0.  0.  0.  0.  0.
  0.  0.  0.  0.  0.  0.  0.  0.  0.  0.  0.  0.  0.  0.  0.  0.  0.  0.
  0.  0.  0.  0.  0.  0.  0.  0.  0. 18.  0.  0.  0.  0.  0.  0.  0.  0.
  0.  0.  0.  0.  0.  0.  0. 13.  6. 12. 15.  0.  0.  0.  0.  0.  0.  0.
  0.  0.  0.  8.  1.  7. 17. 16. 14.  0.  0.  0.  0.  0.  0.  0.  0.  0.
 11.  0.  2.  0.  9. 19. 30.  0.  0.  0.  0.  0.  0. 27. 24. 26.  4.  0.
  3. 22.  0. 32.  0.  0.  0.  0.  0. 39.  0. 28.  5.  0. 10. 20.  0. 21.
  0.  0.  0.  0.  0.  0.  0. 35. 37. 25. 38. 23.  0. 29.  0.  0.  0.  0.
  0.  0.  0. 34.  0.  0. 36.  0.  0. 31.  0.  0.  0.  0.  0.  0.  0.  0.
  0.  0.  0.  0.  0.  0.  0. 33.  0.  0.  0.  0.  0.  0.  0.  0.  0.  0.
  0.  0.  0.  0.  0.  0.  0.  0.  0.]