[ 0.  0.  0.  0.  0.  0.  0.  0.  0.  0.  0.  0.  0.  0.  0.  0.  0.  0.
  0.  0.  0.  0.  0.  0.  0.  0.  0.  0.  0.  0.  0.  0.  0.  0.  0.  0.
  0.  0.  0.  0.  0.  0.  0.  0.  0.  0.  0.  0.  0.  0.  0.  0.  0.  0.
  0.  0.  0.  0.  0.  0.  0.  0.  0.  0.  0.  0.  0.  0.  0.  0.  0.  0.
  0.  0.  0.  0.  0.  0. 60.  0.  0.  0. 31.  0. 18. 22. 24. 25.  0.  0.
  0.  0.  0.  0. 35. 32.  0. 30.  0. 23. 27. 17. 26.  0.  0.  0.  0.  0.
  0. 34.  0. 33.  1.  7. 10. 14. 44. 19.  0.  0.  0.  0. 55. 46.  0.  5.
  0.  2.  4.  8.  9. 43.  0. 42.  0.  0.  0. 49. 54. 47.  0.  0.  3.  6.
 11. 29. 37. 39. 40.  0.  0.  0.  0. 45.  0. 36.  0. 15. 20. 12. 38. 41.
  0.  0.  0.  0.  0. 48. 57. 50. 56.  0. 59. 16.  0. 13.  0.  0.  0.  0.
  0.  0.  0. 53.  0.  0. 58. 28. 21. 52.  0.  0.  0.  0.  0.  0.  0.  0.
  0.  0.  0.  0.  0. 51.  0.  0.  0.  0.  0.  0.  0.  0.  0.  0.  0.  0.
  0.  0.  0.  0.  0.  0.  0.  0.  0.]