[ 0.  0.  0.  0.  0.  0.  0.  0.  0.  0.  0.  0.  0.  0.  0.  0.  0.  0.
  0.  0.  0.  0.  0.  0.  0.  0.  0.  0.  0.  0.  0.  0.  0.  0.  0.  0.
  0.  0.  0.  0.  0.  0.  0.  0.  0.  0.  0.  0. 49.  0.  0.  0.  0. 25.
  0.  0.  0.  0.  0.  0.  0.  0.  0.  0. 47.  0.  0.  0.  0. 24.  0. 23.
  0.  0.  0.  0. 42. 36. 45. 38.  0.  0. 26. 21.  0. 22.  0.  0.  0.  0.
  0.  0. 39. 35. 37. 40.  0. 30.  7.  6.  0.  0.  0.  0.  0.  0. 48.  0.
 41. 31. 32. 29.  1. 10.  5.  0.  0.  0.  0.  0.  0.  0.  0. 46. 33.  9.
  8.  2.  4. 13. 12.  0.  0.  0.  0.  0.  0.  0. 28. 27. 44. 11. 15. 16.
  3.  0.  0.  0.  0.  0.  0.  0.  0.  0. 34.  0. 43. 18. 14. 19.  0.  0.
  0.  0.  0.  0.  0.  0.  0.  0.  0.  0.  0. 17. 20.  0.  0.  0.  0.  0.
  0.  0.  0.  0.  0.  0.  0.  0.  0.  0.  0.  0.  0.  0.  0.  0.  0.  0.
  0.  0.  0.  0.  0.  0.  0.  0.  0.  0.  0.  0.  0.  0.  0.  0.  0.  0.
  0.  0.  0.  0.  0.  0.  0.  0.  0.]