[ 0.  0.  0.  0.  0.  0.  0.  0.  0.  0.  0.  0.  0.  0.  0.  0.  0.  0.
  0.  0.  0.  0.  0.  0.  0.  0.  0.  0.  0.  0.  0.  0.  0.  0.  0.  0.
  0.  0.  0.  0.  0.  0.  0.  0.  0.  0.  0.  0.  0.  0.  0.  0.  0.  0.
  0.  0.  0.  0.  0.  0.  0.  0.  0.  0.  0.  0.  0.  0.  0.  0.  0.  0.
  0.  0.  0.  0.  0.  0.  0.  0.  0.  0.  3.  5.  0.  0.  0.  0.  0.  0.
  0.  0.  0.  0.  0.  0.  0.  0. 10.  0. 18.  0.  0.  0.  0.  0.  0.  0.
  0.  0.  0.  6.  1.  0.  0. 17. 16.  0.  0.  0.  0.  0.  0.  0.  0.  0.
  9.  2.  8. 14. 15.  0.  0.  0.  0.  0.  0.  0.  0.  0.  0.  0. 12.  4.
 13.  0.  0.  0.  0.  0.  0.  0.  0.  0.  0.  0. 19. 20. 11.  7.  0.  0.
  0.  0.  0.  0.  0.  0.  0.  0.  0.  0. 21.  0.  0. 25.  0.  0.  0.  0.
  0.  0.  0.  0.  0. 26. 22.  0. 24.  0.  0.  0.  0.  0.  0.  0.  0.  0.
  0.  0.  0.  0.  0.  0. 23.  0.  0.  0.  0.  0.  0.  0.  0.  0.  0.  0.
  0.  0.  0.  0.  0.  0.  0.  0.  0.]