[ 0.  0.  0.  0.  0.  0.  0.  0.  0.  0.  0.  0.  0.  0.  0.  0.  0.  0.
  0.  0.  0.  0.  0.  0.  0.  0.  0.  0.  0.  0.  0.  0.  0.  0.  0.  0.
  0.  0.  0.  0.  0.  0.  0.  0.  0.  0.  0.  0.  0.  0.  0. 37.  0.  0.
  0.  0.  0.  0.  0.  0.  0.  0.  0.  0.  0. 33.  0.  0.  0.  0.  0.  0.
  0.  0.  0.  0.  0.  0. 30. 35. 34. 14.  0.  0.  0.  0.  0.  0.  0.  0.
  0.  0.  0. 29. 18.  7. 32.  8.  6.  0.  0.  0.  0.  0.  0.  0. 24. 19.
 23. 11. 31.  4.  1.  3.  0.  0.  0.  0.  0.  0.  0. 36. 16. 13. 15.  9.
  5.  2.  0.  0.  0.  0.  0.  0.  0.  0.  0.  0. 25. 17. 10. 12.  0.  0.
  0.  0.  0.  0.  0.  0.  0.  0. 27. 26. 22. 20.  0.  0.  0.  0.  0.  0.
  0.  0.  0.  0. 28.  0.  0. 21.  0.  0.  0.  0.  0.  0.  0.  0.  0.  0.
  0.  0.  0.  0.  0.  0.  0.  0.  0.  0.  0.  0.  0.  0.  0.  0.  0.  0.
  0.  0.  0.  0.  0.  0.  0.  0.  0.  0.  0.  0.  0.  0.  0.  0.  0.  0.
  0.  0.  0.  0.  0.  0.  0.  0.  0.]