[ 0.  0.  0.  0.  0.  0.  0.  0. 65.  0.  0.  0.  0.  0.  0.  0.  0.  0.
  0.  0. 72. 63. 62.  0.  0.  0.  0.  0.  0.  0.  0.  0.  0.  0. 66. 70.
 60. 71. 58. 61.  0.  0.  0.  0.  0.  0.  0.  0. 67.  0. 64.  0. 10. 57.
 56.  0.  0.  0.  0.  0.  0.  0.  0.  0. 24.  0. 18.  5. 73.  0. 59.  0.
  0.  0.  0.  0. 32. 31. 23. 27. 19. 26.  9.  0. 68.  0.  0.  0.  0.  0.
 38. 39. 28. 30. 16. 13.  3.  7.  0. 20. 69.  0.  0.  0.  0.  0. 53.  0.
 25.  0. 12.  4.  1. 21. 74.  0.  0.  0.  0.  0.  0.  0. 52.  0. 11.  6.
 14.  8.  2. 15. 55.  0.  0.  0.  0.  0.  0.  0. 46. 29. 36. 35. 17.  0.
 54. 22.  0.  0.  0.  0.  0.  0.  0. 45. 42. 37.  0. 34.  0. 51.  0.  0.
  0.  0.  0.  0.  0.  0. 43. 41. 44. 33.  0.  0.  0.  0.  0.  0.  0.  0.
  0.  0.  0. 50.  0. 48. 47. 40.  0.  0.  0.  0.  0.  0.  0.  0.  0.  0.
  0.  0. 49.  0.  0.  0.  0.  0.  0.  0.  0.  0.  0.  0.  0.  0.  0.  0.
  0.  0.  0.  0.  0.  0.  0.  0.  0.]