[ 0.  0.  0.  0.  0.  0.  0.  0.  0.  0.  0.  0.  0.  0.  0.  0.  0.  0.
  0.  0.  0.  0.  0.  0.  0.  0.  0.  0.  0.  0.  0.  0.  0.  0.  0.  0.
  0.  0.  0.  0.  0.  0.  0.  0.  0.  0.  0.  0.  0.  0.  0.  0.  0.  0.
  0.  0.  0.  0.  0.  0.  0.  0.  0.  0.  0. 27.  0.  0.  0.  0.  0.  0.
  0.  0.  0.  0.  0.  0.  0.  0.  0.  0.  0. 24.  0.  0.  0.  0.  0.  0.
  0.  0.  0.  0.  0. 13. 11.  0.  9. 14.  0.  0.  0.  0.  0.  0.  0.  0.
  0.  0.  0.  4.  1.  0.  3. 22.  0.  0.  0.  0.  0.  0.  0.  0.  0.  0.
 10.  2.  5. 23. 26. 25.  0.  0.  0.  0.  0.  0.  0.  0.  0. 15.  7. 12.
  6.  0.  0.  0.  0.  0.  0.  0.  0.  0.  0.  0.  8. 20. 21. 16.  0.  0.
  0.  0.  0.  0.  0.  0.  0.  0.  0.  0.  0.  0. 18. 17.  0.  0.  0.  0.
  0.  0.  0.  0.  0.  0.  0.  0.  0. 19.  0.  0.  0.  0.  0.  0.  0.  0.
  0.  0.  0.  0.  0.  0.  0.  0.  0.  0.  0.  0.  0.  0.  0.  0.  0.  0.
  0.  0.  0.  0.  0.  0.  0.  0.  0.]