[ 0.  0.  0.  0.  0.  0.  0.  0.  0.  0.  0.  0.  0.  0.  0.  0.  0.  0.
  0.  0.  0.  0.  0.  0.  0.  0.  0.  0.  0.  0.  0.  0.  0. 37. 42.  0.
 39.  0.  0.  0.  0.  0.  0.  0.  0.  0. 40. 44. 45. 36. 38. 41.  0.  0.
  0.  0.  0.  0.  0.  0.  0.  0. 34. 35. 24. 30.  0. 19. 18.  0.  0.  0.
  0.  0.  0.  0. 43.  0.  0. 23. 31. 32. 17. 11.  0. 16.  0.  0.  0.  0.
  0.  0.  0. 27. 46. 12. 15.  6. 14. 20.  9.  0.  0.  0.  0.  0.  0.  0.
 33. 28.  0.  4.  1.  3.  8.  7.  0.  0.  0.  0.  0.  0.  0.  0. 22. 21.
  0. 13.  2.  5.  0.  0.  0.  0.  0.  0.  0.  0.  0. 29.  0.  0.  0. 10.
  0.  0.  0.  0.  0.  0.  0.  0.  0.  0.  0. 26. 25.  0.  0.  0.  0.  0.
  0.  0.  0.  0.  0.  0.  0.  0.  0.  0.  0.  0.  0.  0.  0.  0.  0.  0.
  0.  0.  0.  0.  0.  0.  0.  0.  0.  0.  0.  0.  0.  0.  0.  0.  0.  0.
  0.  0.  0.  0.  0.  0.  0.  0.  0.  0.  0.  0.  0.  0.  0.  0.  0.  0.
  0.  0.  0.  0.  0.  0.  0.  0.  0.]