[ 0.  0.  0.  0.  0.  0.  0.  0.  0.  0.  0.  0.  0.  0.  0.  0.  0.  0.
  0.  0.  0.  0.  0. 75.  0.  0. 82.  0.  0.  0.  0.  0.  0. 84. 83.  0.
 55.  0. 74. 73. 71. 81.  0.  0.  0.  0.  0.  0.  0.  0.  0. 52. 20. 53.
 69. 80. 77.  0.  0.  0.  0.  0.  0. 29. 32.  0.  0. 19. 72. 76. 70. 79.
 78.  0.  0.  0. 85. 30. 54. 28. 31. 14.  9. 18.  3.  0.  0.  0.  0.  0.
  0.  0.  0. 23. 21. 24.  0. 13. 10.  8.  0.  0. 65.  0.  0.  0.  0. 27.
  0.  0. 16. 15.  1. 11.  5. 12. 36.  0.  0.  0.  0.  0.  0. 26.  0. 17.
  4.  6.  2.  7. 35. 33. 64.  0.  0.  0.  0.  0. 25. 22.  0. 38. 41. 40.
  0. 34. 59. 58.  0.  0.  0.  0.  0. 45. 43. 48.  0. 37. 51. 56.  0.  0.
 60.  0.  0.  0.  0. 87. 86. 42.  0. 39. 50.  0. 66. 57. 62. 61.  0.  0.
  0.  0.  0. 49.  0. 44. 46. 47. 68. 67. 63.  0.  0.  0.  0.  0.  0.  0.
  0.  0.  0.  0.  0.  0.  0.  0.  0.  0.  0.  0.  0.  0.  0.  0.  0.  0.
  0.  0.  0.  0.  0.  0.  0.  0.  0.]