[ 0.  0.  0.  0.  0.  0.  0.  0.  0.  0.  0.  0.  0.  0.  0.  0.  0.  0.
  0.  0.  0.  0.  0.  0.  0.  0.  0.  0.  0.  0.  0.  0.  0.  0.  0.  0.
  0.  0.  0.  0.  0.  0.  0.  0.  0.  0.  0.  0.  0.  0.  0.  0.  0.  0.
  0.  0.  0.  0.  0.  0.  0.  0.  0.  0.  0.  0.  0.  0.  0.  0.  0.  0.
  0.  0.  0.  0.  0.  0.  0.  0.  0.  0.  3.  0.  0.  0.  0. 42.  0.  0.
  0.  0. 39.  0.  0.  0.  0.  0.  0. 24.  7. 41.  0.  0.  0.  0. 60.  0.
 38.  0. 20.  0.  1.  0.  6. 23. 22.  0.  0.  0. 59. 52. 58. 50. 16. 57.
 19.  4.  2.  5. 21.  0.  0.  0.  0.  0.  0.  0. 48. 47. 14. 11. 15.  9.
 34. 18. 32.  0.  0.  0.  0.  0. 49. 51. 40. 37. 12. 10. 13.  8. 31.  0.
  0.  0.  0.  0.  0.  0.  0.  0. 55. 28. 17. 27. 25. 44. 43.  0.  0.  0.
  0.  0.  0.  0. 36. 35. 33. 46. 29. 45. 26.  0.  0.  0.  0.  0.  0.  0.
  0.  0. 53.  0.  0. 30.  0.  0.  0.  0.  0.  0.  0.  0.  0.  0. 54. 56.
  0.  0.  0.  0.  0.  0.  0.  0.  0.]