[ 0.  0.  0.  0.  0.  0.  0.  0.  0.  0.  0.  0.  0.  0.  0.  0.  0.  0.
  0.  0.  0. 46.  0.  0.  0.  0.  0.  0.  0.  0.  0.  0.  0.  0.  0.  0.
 45.  0. 38. 37.  0.  0.  0.  0.  0.  0.  0.  0.  0.  0. 42. 41.  0. 36.
 54. 40. 55.  0.  0.  0.  0.  0.  0.  0. 44.  0. 43.  0. 35.  0. 39.  0.
  0.  0.  0.  0.  0.  0.  0. 47. 29.  0.  4.  0. 26. 11.  0.  0.  0.  0.
  0.  0.  0.  0. 30. 31.  6.  3.  0. 10. 23. 22.  0.  0.  0.  0.  0. 48.
  0.  0.  7. 12.  1.  8. 25. 21.  0.  0.  0.  0.  0.  0. 49.  0.  0. 32.
 13.  2.  5. 28. 24.  0.  0.  0.  0.  0.  0. 34.  0.  0.  9. 15. 18. 17.
  0. 51. 53. 56.  0.  0.  0.  0.  0. 33. 16. 14.  0. 19.  0.  0. 59. 50.
 58.  0.  0.  0.  0.  0.  0.  0.  0. 27.  0. 20.  0. 57. 52.  0.  0.  0.
  0.  0.  0.  0.  0.  0.  0.  0.  0.  0. 60.  0.  0.  0.  0.  0.  0.  0.
  0.  0.  0.  0.  0.  0.  0.  0.  0.  0.  0.  0.  0.  0.  0.  0.  0.  0.
  0.  0.  0.  0.  0.  0.  0.  0.  0.]