[ 0.  0.  0.  0.  0.  0.  0. 57.  0.  0.  0.  0.  0.  0.  0.  0.  0.  0.
  0.  0.  0. 59.  0.  0.  0.  0.  0.  0.  0.  0.  0.  0.  0.  0.  0. 47.
 49.  0.  0.  0.  0.  0.  0.  0.  0.  0.  0.  0. 42. 51. 50. 48. 55.  0.
  0.  0.  0.  0.  0.  0.  0.  0.  0. 41.  0. 43. 46. 45.  0.  0.  0.  0.
  0.  0.  0.  0. 39. 52. 37. 40.  0. 44.  0.  0. 53.  0.  0.  0.  0.  0.
  0.  0. 38.  0. 23.  0. 27.  0.  8. 54. 56.  0.  0.  0.  0.  0.  0. 35.
 34.  0. 16. 24.  1.  9.  7. 10. 20.  0.  0.  0.  0.  0.  0. 36. 26. 17.
 25.  2.  4. 11.  5. 19.  0.  0.  0.  0.  0.  0. 32. 21.  0. 18.  0. 13.
  3. 14.  0.  0.  0.  0.  0.  0.  0. 33.  0.  0.  0. 15.  6. 12.  0.  0.
  0.  0.  0.  0.  0.  0.  0. 28. 29. 22.  0.  0.  0.  0.  0.  0.  0.  0.
  0.  0.  0.  0.  0.  0. 31.  0.  0.  0.  0.  0.  0.  0.  0.  0.  0.  0.
  0.  0.  0. 30.  0.  0.  0.  0.  0.  0.  0.  0. 58.  0.  0.  0.  0.  0.
  0.  0.  0.  0.  0.  0.  0.  0.  0.]