[ 0.  0.  0.  0.  0.  0.  0.  0.  0.  0.  0.  0.  0.  0.  0.  0.  0.  0.
  0.  0.  0.  0.  0.  0.  0.  0.  0.  0.  0.  0.  0.  0.  0.  0.  0.  0.
  0.  0.  0.  0.  0.  0.  0.  0.  0.  0.  0.  0.  0.  0.  0.  0.  0.  0.
  0.  0.  0.  0.  0.  0.  0.  0.  0.  0.  0.  0.  0.  0.  0.  0.  0.  0.
  0.  0.  0.  0.  0.  0.  0.  0.  0.  0.  0.  0.  0.  0.  0.  0.  0.  0.
  0.  0.  0.  0.  0.  0.  0.  0.  6. 11.  0.  0.  0.  0.  0.  0.  0.  0.
  0.  0.  0. 18.  1.  0.  9. 10.  0.  0.  0.  0.  0.  0.  0.  0.  0. 37.
  5.  2.  4. 12. 13.  0.  0.  0.  0.  0.  0.  0.  0. 17. 16. 40.  8.  7.
  3.  0. 21. 26.  0.  0.  0.  0.  0.  0.  0. 36. 15. 33. 14.  0.  0. 25.
 23.  0.  0.  0.  0.  0.  0.  0. 39. 19.  0.  0. 22.  0. 27.  0. 24.  0.
  0.  0.  0.  0. 35. 34. 20. 32.  0. 31. 28. 30.  0.  0.  0.  0.  0.  0.
  0.  0. 38.  0.  0.  0.  0.  0. 29.  0.  0.  0.  0.  0.  0.  0.  0.  0.
  0.  0.  0.  0.  0.  0.  0.  0.  0.]