[  0.   0.   0. 102.   0.   0.   0.   0.   0.   0.   0. 122.   0.   0.
   0.   0.   0.   0.   0.   0.  97. 118.   0.   0. 127. 121.   0.   0.
   0.   0.   0.   0.   0. 103.   0.  25.   0.   0.   0. 119. 117. 120.
   0.   0.   0.  99.   0.  45. 100.  42.  24. 101.  26.  11.   0. 110.
 108. 106. 111.   0.   0.  88.  86.  46.  89.  22.  23.  49.  12.  13.
   0. 109. 116.   0.   0.   0.  87.  30.  29.  21.   0.  16.   3.  44.
  10.  14.   0. 107.   0.   0.   0.  47.   0.  98.  20.  19.   0.  43.
   5.   8.   7.   0.   0.   0.   0.   0.  39.  38.  36.  18.  28.  31.
   1.  15.   6.  48.   0. 123.   0.   0.  90.   0.  37.  40.  35.  17.
  73.   4.   2.   9.   0.   0.   0.   0.   0.   0.   0.  76.  75.  32.
  27.  60.  72.  54.  53.  62. 124.  63.   0.   0.  85.  80.  84.  74.
  34.  41.  33.  59.  52.  51.  65.  61.  66.   0.   0.  81.  83. 115.
   0.  79.  69.   0.  50.  55.  58.  64.   0.   0. 125.   0.  94.  82.
 104.   0.  71.  70.  68.  56.   0.  57.  67.   0. 126.   0.   0.  91.
   0. 114.  77.  95.  93.  96.   0.   0.   0.   0.   0.   0.   0.   0.
 105.   0.  78.   0.  92. 112. 113.   0.   0.   0.   0.   0.   0.   0.
   0.]