[ 0.  0.  0.  0.  0.  0.  0.  0.  0.  0.  0.  0.  0.  0.  0.  0.  0.  0.
  0.  0.  0.  0.  0.  0.  0.  0.  0.  0.  0.  0.  0.  0.  0.  0.  0.  0.
  0.  0.  0.  0.  0.  0.  0.  0.  0.  0.  0.  0.  0.  0.  0. 37.  0. 18.
  0.  0. 19.  0.  0.  0.  0.  0.  0. 33.  0. 28. 11. 21. 27. 23. 20.  0.
  0.  0.  0.  0.  0.  0.  0. 30. 31.  4. 14. 12. 15. 22.  0.  0.  0.  0.
  0.  0.  0. 34. 35. 32.  6.  2.  7.  0.  0.  0.  0.  0.  0.  0.  0. 36.
  0.  0. 16. 10.  1.  9. 29.  0.  0.  0.  0.  0.  0. 38.  0.  0. 17. 13.
  8. 24.  0.  0.  0.  0.  0.  0.  0.  0.  0.  0.  0.  0. 26.  5.  3. 25.
  0.  0.  0.  0.  0.  0.  0.  0.  0.  0.  0.  0.  0.  0.  0.  0.  0.  0.
  0.  0.  0.  0.  0.  0.  0.  0.  0.  0.  0.  0.  0.  0.  0.  0.  0.  0.
  0.  0.  0.  0.  0.  0.  0.  0.  0.  0.  0.  0.  0.  0.  0.  0.  0.  0.
  0.  0.  0.  0.  0.  0.  0.  0.  0.  0.  0.  0.  0.  0.  0.  0.  0.  0.
  0.  0.  0.  0.  0.  0.  0.  0.  0.]