[ 0.  0.  0.  0.  0.  0.  0.  0.  0.  0.  0.  0.  0.  0.  0.  0.  0.  0.
  0.  0.  0.  0.  0.  0.  0.  0.  0.  0.  0.  0.  0.  0.  0.  0. 30.  0.
  0.  0.  0.  0.  0.  0.  0.  0.  0.  0.  0.  0. 32.  0. 29. 26. 24.  0.
 28.  0.  0.  0.  0.  0.  0.  0. 35. 36. 31. 33. 23. 34. 27.  0.  0.  0.
  0.  0.  0.  0.  0.  0. 37. 22. 19. 21.  3.  0.  0.  0.  0.  0.  0.  0.
  0.  0.  0.  0. 15. 20. 25. 10.  0.  0.  0.  0.  0.  0.  0.  0.  0.  0.
  0. 12. 17. 11.  1.  9.  6.  0.  0.  0.  0.  0.  0.  0.  0.  0. 16. 13.
 18.  4.  2.  5.  0.  0.  0.  0.  0.  0.  0.  0.  0. 14.  0.  8.  7.  0.
  0.  0.  0.  0.  0.  0.  0.  0.  0.  0.  0.  0.  0.  0.  0.  0.  0.  0.
  0.  0.  0.  0.  0.  0.  0.  0.  0.  0.  0.  0.  0.  0.  0.  0.  0.  0.
  0.  0.  0.  0.  0.  0.  0.  0.  0.  0.  0.  0.  0.  0.  0.  0.  0.  0.
  0.  0.  0.  0.  0.  0.  0.  0.  0.  0.  0.  0.  0.  0.  0.  0.  0.  0.
  0.  0.  0.  0.  0.  0.  0.  0.  0.]