[ 0.  0.  0.  0.  0.  0.  0.  0.  0.  0.  0.  0.  0.  0.  0.  0.  0.  0.
  0.  0.  0.  0.  0.  0.  0.  0.  0.  0.  0.  0.  0.  0.  0.  0.  0.  0.
  0.  0.  0.  0.  0.  0.  0.  0.  0.  0.  0.  0.  0.  0.  0. 30.  0.  0.
  0.  0.  0.  0.  0.  0.  0.  0.  0.  0.  0.  0. 29. 25.  0.  0.  0.  0.
  0.  0.  0.  0.  0.  0. 38.  0. 36. 27. 26. 23.  0.  0.  0.  0.  0.  0.
 42. 41. 39. 37. 35. 43.  0. 19. 22. 21.  0.  0.  0.  0.  0.  0.  0. 32.
 33. 34. 10. 24.  1. 20. 28.  8.  0.  0.  0.  0.  0.  0.  0. 31. 40.  9.
  4.  2.  6.  7.  0.  0.  0.  0.  0.  0.  0.  0.  0. 17.  5. 12. 11.  3.
  0.  0.  0.  0.  0.  0.  0.  0.  0. 18.  0. 13. 15.  0.  0.  0.  0.  0.
  0.  0.  0.  0.  0.  0.  0.  0.  0.  0. 16.  0.  0.  0.  0.  0.  0.  0.
  0.  0.  0.  0.  0. 14.  0.  0.  0.  0.  0.  0.  0.  0.  0.  0.  0.  0.
  0.  0.  0.  0.  0.  0.  0.  0.  0.  0.  0.  0.  0.  0.  0.  0.  0.  0.
  0.  0.  0.  0.  0.  0.  0.  0.  0.]