[ 0.  0.  0.  0.  0.  0.  0.  0.  0.  0.  0.  0.  0.  0.  0.  0.  0.  0.
  0.  0. 67.  0. 65.  0.  0.  0.  0.  0.  0.  0.  0.  0. 49.  0. 66. 62.
  0. 50. 45. 63.  0.  0.  0.  0.  0.  0. 71.  0. 46. 70. 68. 43. 44. 59.
  0.  0.  0.  0.  0.  0.  0.  0.  0. 53. 48. 39. 34. 61. 60. 54. 75. 74.
  0.  0.  0.  0.  0.  0. 38. 47. 40. 64. 35. 57. 55. 58. 76.  0.  0.  0.
  0.  0. 69. 52. 37.  0. 36. 56.  6. 77. 11. 79.  0.  0.  0.  0.  0. 51.
 32. 24. 33.  0.  1.  9. 10. 78.  0. 72.  0.  0.  0.  0. 30. 27. 29. 25.
  5.  2.  4. 15. 12. 14.  0. 73.  0.  0.  0.  0. 31. 28. 26.  8.  0.  7.
  3. 16. 13.  0.  0.  0.  0.  0. 41.  0.  0. 23.  0. 18.  0. 17.  0. 22.
  0.  0.  0.  0. 42.  0.  0.  0.  0.  0.  0.  0. 20. 21.  0.  0.  0.  0.
  0.  0.  0.  0.  0.  0.  0.  0.  0. 19.  0.  0.  0.  0.  0.  0.  0.  0.
  0.  0.  0.  0.  0.  0.  0.  0.  0.  0.  0.  0.  0.  0.  0.  0.  0.  0.
  0.  0.  0.  0.  0.  0.  0.  0.  0.]