[ 0.  0.  0.  0.  0.  0.  0.  0.  0.  0.  0.  0.  0.  0.  0.  0.  0.  0.
  0.  0.  0.  0.  0.  0.  0.  0.  0.  0.  0.  0.  0.  0.  0.  0.  0.  0.
  0.  0.  0.  0.  0.  0.  0.  0.  0.  0.  0.  0.  0.  0.  0.  0.  0.  0.
  0.  0.  0.  0.  0.  0.  0.  0.  0.  0.  0.  0.  0.  0.  0.  0.  0.  0.
  0.  0.  0.  0.  0.  0.  0.  0.  3.  0.  0.  0.  0.  0.  0.  0.  0.  0.
  0.  0.  0.  0.  0.  0.  0.  0.  0.  0. 11.  0.  0.  0.  0.  0.  0.  0.
  0.  0. 23.  0.  1.  7. 10.  0.  0.  0.  0.  0.  0.  0.  0.  0.  0.  0.
 22.  0.  2.  5. 17.  0.  0.  0.  0.  0.  0.  0.  0.  0.  0. 25.  6.  9.
  4.  8.  0.  0.  0.  0.  0.  0.  0.  0.  0.  0. 24. 13. 16. 30.  0.  0.
  0.  0.  0.  0.  0.  0.  0.  0. 15. 14. 12. 28. 18. 29.  0.  0.  0.  0.
  0.  0.  0.  0.  0.  0. 20. 31.  0.  0. 19.  0.  0.  0.  0.  0.  0.  0.
  0.  0. 21. 26.  0.  0. 32.  0.  0.  0.  0.  0.  0.  0.  0.  0.  0.  0.
 27.  0.  0.  0.  0.  0.  0.  0.  0.]