[ 0.  0.  0.  0.  0.  0.  0.  0.  0.  0.  0.  0.  0.  0.  0.  0.  0.  0.
  0.  0.  0.  0.  0.  0.  0. 23.  0.  0.  0.  0.  0.  0.  0.  0.  0. 20.
  0.  0. 27. 26. 24. 16.  0.  0.  0.  0.  0.  0.  0.  0.  0. 19.  0. 25.
  0. 15.  0.  0.  0.  0.  0.  0.  0.  0.  0.  0. 18.  9. 17. 11. 21. 22.
  0.  0.  0.  0.  0.  0.  0.  0.  0.  0. 12.  5. 14.  0.  0.  0.  0.  0.
  0.  0.  0.  0.  0.  0.  0.  3.  8.  7.  0.  0.  0.  0.  0.  0.  0.  0.
  0.  0.  0.  6.  1.  4. 13. 10.  0.  0.  0.  0.  0.  0.  0.  0.  0.  0.
  0.  2.  0.  0.  0.  0.  0.  0.  0.  0.  0.  0.  0.  0.  0.  0.  0.  0.
  0.  0.  0.  0.  0.  0.  0.  0.  0.  0.  0.  0.  0.  0.  0.  0.  0.  0.
  0.  0.  0.  0.  0.  0.  0.  0.  0.  0.  0.  0.  0.  0.  0.  0.  0.  0.
  0.  0.  0.  0.  0.  0.  0.  0.  0.  0.  0.  0.  0.  0.  0.  0.  0.  0.
  0.  0.  0.  0.  0.  0.  0.  0.  0.  0.  0.  0.  0.  0.  0.  0.  0.  0.
  0.  0.  0.  0.  0.  0.  0.  0.  0.]