[ 0.  0.  0.  0.  0.  0.  0.  0.  0.  0.  0.  0.  0.  0.  0.  0.  0.  0.
  0.  0.  0.  0.  0.  0.  0.  0.  0.  0.  0.  0.  0.  0.  0.  0.  0.  0.
  0.  0.  0.  0.  0.  0.  0.  0.  0.  0.  0.  0.  0.  0.  0.  0.  0.  0.
  0.  0.  0.  0.  0.  0.  0.  0.  0.  0.  0.  0. 23.  0.  0.  0.  0.  0.
  0.  0.  0.  0.  0.  0.  0.  0.  0. 21.  3.  5.  0.  0.  0.  0.  0.  0.
  0.  0.  0.  0.  0.  0. 15.  0.  0.  0.  0.  0.  0.  0.  0.  0.  0.  0.
  0.  0.  0.  9.  1. 11. 12.  0.  0.  0.  0.  0.  0.  0.  0.  0.  0.  0.
  7.  2.  6.  0.  0.  0.  0.  0.  0.  0.  0.  0.  0.  0.  0. 14.  0.  4.
  0.  0.  0.  0.  0.  0.  0.  0.  0.  0.  0.  0. 13.  0. 10.  8. 20. 22.
  0.  0.  0.  0.  0.  0.  0.  0.  0.  0.  0. 16.  0. 18.  0.  0.  0.  0.
  0.  0.  0.  0.  0.  0.  0.  0. 17.  0.  0. 19.  0.  0.  0.  0.  0.  0.
  0.  0.  0.  0.  0.  0.  0.  0.  0.  0.  0.  0.  0.  0.  0.  0.  0.  0.
  0.  0.  0.  0.  0.  0.  0.  0.  0.]