[ 0.  0.  0.  0.  0.  0.  0.  0.  0.  0.  0.  0.  0.  0.  0.  0.  0.  0.
  0.  0.  0.  0.  0.  0.  0.  0.  0.  0.  0.  0.  0.  0.  0.  0. 39.  0.
  0.  0.  0. 69.  0. 60.  0.  0.  0.  0.  0.  0.  0. 44. 34. 31. 33. 62.
 61. 59.  0.  0.  0.  0.  0.  0.  0.  0. 41. 35. 14. 40. 32. 55.  0.  0.
 52. 66.  0.  0.  0.  0. 36. 37.  0.  0.  4. 17. 16.  0. 51. 67. 72.  0.
  0.  0.  0. 38. 42. 43.  6.  3. 15.  9. 47. 48.  0.  0.  0.  0.  0.  0.
 45.  0.  7. 10.  1.  8. 49. 18. 46. 70. 58. 71.  0.  0.  0.  0.  0.  0.
 11.  2.  5. 50. 64. 24. 57. 56. 68.  0.  0.  0.  0.  0. 30.  0. 12. 13.
 25. 21. 53. 54. 65.  0.  0.  0.  0.  0.  0. 29.  0.  0. 22. 23. 26.  0.
 63.  0.  0.  0.  0.  0.  0.  0.  0. 20.  0. 19.  0.  0.  0.  0.  0.  0.
  0.  0.  0.  0.  0.  0.  0.  0.  0. 28. 27.  0.  0.  0.  0.  0.  0.  0.
  0.  0.  0.  0.  0.  0.  0.  0.  0.  0.  0.  0.  0.  0.  0.  0.  0.  0.
  0.  0.  0.  0.  0.  0.  0.  0.  0.]