[ 0.  0.  0.  0.  0.  0.  0.  0.  0.  0.  0.  0.  0.  0.  0.  0.  0.  0.
  0.  0.  0.  0.  0.  0.  0.  0.  0.  0.  0.  0.  0.  0.  0.  0.  0.  0.
  0.  0.  0.  0.  0.  0.  0.  0.  0.  0.  0.  0.  0.  0.  0.  0.  0.  0.
  0.  0.  0.  0.  0.  0.  0.  0.  0.  0.  0.  0.  0.  0. 15.  0.  0.  0.
  0.  0.  0.  0.  0.  0.  0.  0.  0.  0.  0.  0. 10.  0.  0.  0.  0.  0.
  0.  0.  0.  0.  0.  0.  0.  3.  9. 11. 14.  0.  0.  0.  0.  0.  0.  0.
  0.  0.  0.  0.  1. 20.  8. 21. 18.  0.  0.  0.  0.  0.  0.  0.  0.  0.
  7.  2. 13.  4.  6. 12. 16. 17.  0.  0.  0.  0.  0.  0.  0.  5.  0.  0.
  0.  0. 22.  0. 19.  0.  0.  0.  0.  0.  0.  0.  0.  0.  0.  0.  0. 23.
  0.  0.  0.  0.  0.  0.  0.  0.  0.  0.  0.  0. 24.  0.  0.  0.  0.  0.
  0.  0.  0.  0.  0.  0.  0.  0.  0.  0.  0.  0.  0.  0.  0.  0.  0.  0.
  0.  0.  0.  0.  0.  0.  0.  0.  0.  0.  0.  0.  0.  0.  0.  0.  0.  0.
  0.  0.  0.  0.  0.  0.  0.  0.  0.]