[ 0.  0.  0.  0.  0.  0.  0.  0.  0.  0.  0.  0.  0.  0.  0.  0.  0.  0.
  0.  0.  0.  0.  0.  0.  0.  0.  0.  0.  0.  0.  0.  0.  0.  0.  0.  0.
  0.  0.  0.  0.  0.  0.  0.  0.  0.  0.  0.  0.  0.  0.  0.  0.  0.  0.
  0.  0.  0.  0.  0.  0.  0.  0.  0.  0.  0.  0.  0.  0.  0.  0.  0.  0.
  0.  0.  0.  0.  0.  0.  0.  0.  0.  0.  4.  0.  0.  0.  0.  0.  0.  0.
  0.  0.  0.  0.  0.  0.  0.  3.  0.  0.  0.  0.  0.  0.  0.  0.  0.  0.
  0.  0.  0. 10.  1.  6. 24. 22.  0.  0.  0.  0.  0.  0.  0.  0.  0.  9.
  0.  2.  0. 21.  0.  0.  0.  0.  0.  0.  0.  0.  0.  0.  8.  7.  0.  5.
 23.  0.  0.  0.  0.  0.  0.  0.  0.  0. 18. 17. 15. 11. 20. 19. 25.  0.
  0.  0.  0.  0.  0.  0.  0.  0.  0. 13.  0. 12.  0.  0.  0.  0.  0.  0.
  0.  0.  0.  0.  0. 14. 16.  0.  0.  0.  0.  0.  0.  0.  0.  0.  0.  0.
  0.  0.  0.  0.  0.  0.  0.  0.  0.  0.  0.  0.  0.  0.  0.  0.  0.  0.
  0.  0.  0.  0.  0.  0.  0.  0.  0.]