[ 0.  0.  0.  0.  0.  0.  0.  0.  0.  0.  0.  0.  0.  0.  0.  0.  0.  0.
  0.  0.  0.  0.  0.  0.  0.  0.  0.  0.  0.  0.  0.  0.  0.  0.  0.  0.
  0.  0.  0.  0.  0.  0.  0.  0.  0.  0.  0.  0.  0.  0.  0.  0.  0.  0.
  0.  0.  0.  0.  0.  0.  0.  0.  0.  0.  0.  0.  0.  0.  0.  0.  0.  0.
  0.  0.  0.  0.  0.  0.  0.  0.  0. 12.  0.  3.  0.  0.  0.  0.  0.  0.
  0.  0.  0.  0.  0. 13.  0.  0. 14.  0.  0.  0.  0.  0.  0.  0.  0.  0.
  0.  0. 20.  8.  1.  7. 18. 17.  0.  0.  0.  0.  0.  0.  0.  0.  0.  0.
 19.  2.  4.  5. 16.  0.  0.  0.  0.  0.  0.  0.  0.  0.  0.  0. 11.  6.
 30. 10. 15. 35.  0.  0.  0.  0.  0.  0.  0.  0.  0.  0. 22.  9. 24. 36.
  0.  0.  0.  0.  0.  0.  0.  0.  0. 28. 27. 23. 21. 25. 26.  0.  0.  0.
  0.  0.  0.  0.  0.  0.  0.  0.  0. 29.  0. 37. 31.  0.  0.  0.  0.  0.
  0.  0.  0.  0.  0.  0. 32. 33.  0.  0.  0.  0.  0.  0.  0.  0.  0.  0.
  0.  0.  0.  0.  0. 34.  0.  0.  0.]