[ 0.  0.  0.  0.  0.  0.  0.  0.  0.  0.  0.  0.  0.  0.  0.  0.  0.  0.
  0.  0.  0.  0.  0.  0.  0.  0.  0.  0.  0.  0.  0.  0.  0.  0.  0.  0.
  0.  0.  0.  0.  0.  0.  0.  0.  0.  0.  0.  0.  0.  0.  0.  0.  0.  0.
  0.  0.  0.  0.  0.  0.  0.  0.  0.  0.  0.  0.  0.  0.  0.  0.  0.  0.
  0.  0.  0.  0.  0. 20.  0.  0.  0.  9.  0. 13.  0.  0.  0.  0.  0.  0.
  0.  0.  0. 18.  0.  7.  4. 12.  0.  0.  0.  0.  0.  0.  0.  0.  0.  0.
  0. 21.  5.  6.  1.  3.  0.  0.  0.  0.  0.  0.  0.  0.  0.  0. 11. 10.
  8.  2.  0.  0.  0.  0.  0.  0.  0.  0.  0.  0.  0. 15.  0. 16.  0.  0.
  0.  0.  0.  0.  0.  0.  0.  0.  0. 14.  0.  0. 17. 19.  0.  0.  0.  0.
  0.  0.  0.  0.  0.  0.  0.  0.  0.  0.  0.  0.  0.  0.  0.  0.  0.  0.
  0.  0.  0.  0.  0.  0.  0.  0.  0.  0.  0.  0.  0.  0.  0.  0.  0.  0.
  0.  0.  0.  0.  0.  0.  0.  0.  0.  0.  0.  0.  0.  0.  0.  0.  0.  0.
  0.  0.  0.  0.  0.  0.  0.  0.  0.]