[ 0.  0.  0.  0.  0.  0.  0.  0.  0.  0.  0.  0.  0.  0.  0.  0.  0.  0.
  0.  0.  0.  0.  0.  0.  0.  0.  0.  0.  0.  0.  0.  0.  0.  0.  0.  0.
  0.  0.  0.  0.  0.  0.  0.  0.  0.  0.  0.  0.  0.  0.  0. 29.  0.  0.
  0.  0.  0.  0.  0.  0.  0.  0.  0.  0.  0.  0.  0. 28.  0.  0. 22.  0.
  0.  0.  0.  0.  0. 37. 36. 34. 32. 30. 35. 16. 15. 11.  9.  0.  0.  0.
  0.  0.  0.  0. 38. 31.  0.  3. 17. 26.  8.  0. 19.  0.  0.  0.  0.  0.
  0.  0. 39.  0.  1. 14.  6. 10. 21. 20.  0.  0.  0.  0.  0.  0.  0. 27.
 18.  2.  4.  7. 12. 23.  0.  0.  0.  0.  0.  0.  0.  0. 40.  0.  0.  5.
  0. 13. 24.  0.  0.  0.  0.  0.  0.  0. 42. 33. 25. 41.  0. 43.  0.  0.
  0.  0.  0.  0.  0.  0.  0.  0.  0.  0.  0.  0.  0.  0.  0.  0.  0.  0.
  0.  0.  0.  0.  0.  0.  0.  0.  0.  0.  0.  0.  0.  0.  0.  0.  0.  0.
  0.  0.  0.  0.  0.  0.  0.  0.  0.  0.  0.  0.  0.  0.  0.  0.  0.  0.
  0.  0.  0.  0.  0.  0.  0.  0.  0.]