[ 0.  0.  0.  0.  0.  0.  0.  0.  0.  0.  0.  0.  0.  0.  0.  0.  0.  0.
  0.  0.  0.  0. 57. 52.  0.  0.  0.  0.  0.  0.  0.  0.  0.  0.  0.  0.
  0. 32. 51. 40.  0.  0.  0.  0.  0.  0.  0.  0.  0. 47. 33. 46. 38. 31.
 58. 26. 54. 59.  0.  0.  0.  0.  0. 60. 50. 43. 49. 34. 41. 15. 55. 53.
 56.  0.  0.  0.  0.  0.  0. 45. 44. 48. 39. 25. 14. 27. 11.  0.  0.  0.
  0.  0.  0. 37.  0. 29. 42. 13.  6. 12. 10. 19. 18.  0.  0.  0.  0.  0.
  0.  0.  0. 16.  1.  7.  8.  0. 17. 28.  0.  0.  0.  0.  0. 61.  0.  0.
  5.  2.  4. 24.  9. 20.  0.  0.  0.  0.  0.  0. 62. 66. 30. 65. 22.  0.
  3. 21. 36. 35.  0.  0.  0.  0.  0.  0.  0.  0. 23.  0.  0.  0. 63.  0.
  0.  0.  0.  0.  0.  0.  0.  0.  0.  0.  0.  0.  0. 64.  0.  0.  0.  0.
  0.  0.  0.  0.  0.  0.  0.  0.  0.  0.  0.  0.  0.  0.  0.  0.  0.  0.
  0.  0.  0.  0.  0.  0.  0.  0.  0.  0.  0.  0.  0.  0.  0.  0.  0.  0.
  0.  0.  0.  0.  0.  0.  0.  0.  0.]