[ 0.  0.  0.  0.  0.  0.  0.  0.  0.  0.  0.  0.  0.  0.  0.  0.  0.  0.
  0.  0.  0.  0.  0.  0.  0.  0.  0.  0.  0.  0.  0.  0.  0.  0.  0.  0.
  0.  0.  0. 41.  0.  0.  0.  0.  0.  0.  0.  0.  0.  0.  0.  0.  0. 45.
  0. 30.  0. 29.  0.  0.  0.  0.  0.  0.  0.  0.  0. 46. 47.  0.  0. 36.
 28.  0.  0.  0.  0.  0.  0.  0.  0. 39. 38. 37.  3. 25. 19. 24. 23.  0.
  0.  0.  0.  0.  0.  0.  0. 40. 48.  8. 17. 14. 16.  0.  0.  0.  0.  0.
  0.  0.  0. 10.  1.  9.  5. 11. 12.  0.  0.  0.  0.  0.  0.  0.  0. 15.
  4.  6.  2.  7. 26. 18.  0.  0.  0.  0.  0.  0.  0.  0.  0.  0.  0. 13.
 22. 35. 21. 43.  0.  0.  0.  0.  0.  0.  0. 44. 33. 31. 27. 34.  0. 20.
  0.  0.  0.  0.  0.  0.  0.  0.  0. 32.  0.  0.  0. 42.  0.  0.  0.  0.
  0.  0.  0.  0.  0.  0.  0.  0.  0.  0.  0.  0.  0.  0.  0.  0.  0.  0.
  0.  0.  0.  0.  0.  0.  0.  0.  0.  0.  0.  0.  0.  0.  0.  0.  0.  0.
  0.  0.  0.  0.  0.  0.  0.  0.  0.]