[ 0.  0.  0.  0.  0.  0.  0.  0.  0.  0.  0.  0.  0.  0.  0.  0.  0.  0.
  0.  0.  0.  0.  0.  0.  0.  0.  0.  0.  0.  0.  0.  0.  0.  0.  0.  0.
  0.  0.  0.  0.  0.  0.  0.  0.  0.  0.  0.  0.  0.  0.  0.  0.  0.  0.
  0.  0.  0.  0.  0.  0.  0.  0.  0.  0.  0.  0.  0. 19.  0.  0.  0.  0.
  0.  0.  0.  0.  0.  0.  0.  0.  0. 26. 31.  0. 13.  0.  0.  0.  0.  0.
  0.  0.  0. 27. 38. 11. 30. 10.  4. 14.  5.  0.  0.  0.  0.  0.  0.  0.
 24. 25. 12. 33.  1.  7.  3.  8. 16.  0.  0.  0.  0.  0. 36.  0. 20. 21.
 32.  2.  6.  9.  0. 15.  0.  0.  0.  0.  0.  0. 22.  0. 29. 28. 34.  0.
  0. 18.  0.  0.  0.  0.  0.  0. 23.  0.  0.  0. 37.  0. 35. 17.  0.  0.
  0.  0.  0.  0.  0.  0.  0.  0.  0.  0.  0.  0.  0.  0.  0.  0.  0.  0.
  0.  0.  0.  0.  0.  0.  0.  0.  0.  0.  0.  0.  0.  0.  0.  0.  0.  0.
  0.  0.  0.  0.  0.  0.  0.  0.  0.  0.  0.  0.  0.  0.  0.  0.  0.  0.
  0.  0.  0.  0.  0.  0.  0.  0.  0.]