[ 0.  0.  0.  0.  0.  0.  0.  0.  0.  0.  0.  0.  0.  0.  0.  0.  0.  0.
  0.  0.  0.  0.  0.  0.  0.  0.  0.  0.  0.  0.  0.  0.  0.  0. 27.  0.
  0.  0.  0.  0.  0.  0.  0.  0.  0.  0.  0.  0.  0.  0. 24.  0.  0.  0.
 19.  0.  0.  0.  0.  0.  0.  0.  0.  0.  0. 23. 22. 20. 18. 16. 21.  0.
  0.  0.  0.  0.  0.  0.  0.  0.  0.  0.  4.  9.  0. 30. 32.  0.  0.  0.
  0.  0.  0.  0.  0.  0.  6.  3. 26. 11. 17. 25.  0. 28.  0.  0.  0.  0.
  0.  0. 12.  0.  1.  8.  5. 29.  0.  0.  0.  0.  0.  0.  0.  0. 13. 14.
  7.  2. 31.  0.  0.  0.  0.  0.  0.  0.  0.  0.  0.  0. 10.  0.  0.  0.
  0.  0.  0.  0.  0.  0.  0.  0.  0.  0.  0. 15.  0. 33.  0.  0.  0.  0.
  0.  0.  0.  0.  0.  0.  0.  0.  0.  0.  0.  0.  0.  0.  0.  0.  0.  0.
  0.  0.  0.  0.  0.  0.  0.  0.  0.  0.  0.  0.  0.  0.  0.  0.  0.  0.
  0.  0.  0.  0.  0.  0.  0.  0.  0.  0.  0.  0.  0.  0.  0.  0.  0.  0.
  0.  0.  0.  0.  0.  0.  0.  0.  0.]