[ 0.  0.  0.  0.  0.  0.  0.  0.  0.  0.  0.  0.  0.  0.  0.  0.  0.  0.
  0.  0.  0.  0.  0.  0.  0.  0.  0.  0.  0.  0.  0.  0.  0.  0.  0.  0.
  0.  0.  0.  0.  0.  0.  0.  0.  0.  0.  0.  0.  0.  0.  0.  0.  0.  0.
  0.  0.  0.  0.  0.  0.  0.  0.  0.  0.  0.  0.  0.  0.  0.  0.  0.  0.
  0.  0.  0.  0.  0.  0.  0. 38.  0.  0. 35.  0.  0.  0.  0.  0.  0.  0.
  0.  0.  0.  0.  0.  0.  3. 10. 34.  0.  9.  0.  0.  0.  0.  0.  0.  0.
 36. 22.  0. 12.  1.  5.  6.  0.  0.  0.  0.  0.  0.  0. 26. 25.  0. 13.
 23.  4.  2.  7. 32.  0.  0.  0.  0.  0.  0.  0. 37.  0. 27. 21.  8. 14.
 33.  0.  0.  0.  0.  0.  0.  0.  0.  0. 24.  0. 11. 19. 16. 15.  0.  0.
  0.  0.  0.  0.  0.  0.  0.  0.  0.  0. 30. 17.  0.  0.  0.  0.  0.  0.
  0.  0.  0.  0.  0.  0. 28. 18. 29. 20.  0.  0.  0.  0.  0.  0.  0.  0.
  0.  0. 31.  0.  0.  0.  0.  0.  0.  0.  0.  0.  0.  0.  0.  0.  0.  0.
  0.  0.  0.  0.  0.  0.  0.  0.  0.]