[ 0.  0.  0.  0.  0.  0.  0.  0.  0.  0.  0.  0.  0.  0.  0.  0.  0.  0.
  0.  0.  0.  0.  0.  0.  0.  0.  0.  0.  0.  0.  0.  0.  0.  0.  0.  0.
  0.  0.  0.  0. 34.  0.  0.  0.  0.  0.  0.  0.  0.  0.  0.  0. 32. 37.
 28. 33.  0.  0.  0.  0.  0.  0.  0.  0.  0.  0. 36. 35. 31. 38. 27. 22.
  0.  0.  0.  0.  0.  0.  0.  0.  0. 42. 44. 24. 23. 21. 19.  0. 14.  0.
  0.  0.  0.  0.  0. 39. 43.  6.  8.  0.  7. 17. 13. 18.  0.  0.  0.  0.
  0.  0.  0. 40.  1.  3.  4. 10. 11.  0. 29.  0.  0.  0.  0.  0.  0. 41.
  0.  0.  2.  5.  9. 20. 12.  0. 30.  0.  0.  0.  0.  0.  0.  0.  0.  0.
  0. 15. 26. 25.  0.  0.  0.  0.  0.  0.  0.  0.  0.  0.  0.  0.  0. 16.
  0.  0.  0.  0.  0.  0.  0.  0.  0.  0.  0.  0.  0.  0.  0.  0.  0.  0.
  0.  0.  0.  0.  0.  0.  0.  0.  0.  0.  0.  0.  0.  0.  0.  0.  0.  0.
  0.  0.  0.  0.  0.  0.  0.  0.  0.  0.  0.  0.  0.  0.  0.  0.  0.  0.
  0.  0.  0.  0.  0.  0.  0.  0.  0.]