[ 0.  0.  0.  0.  0.  0.  0.  0.  0.  0.  0.  0.  0.  0.  0.  0.  0.  0.
  0.  0.  0.  0.  0.  0.  0.  0.  0.  0.  0.  0.  0.  0.  0.  0.  0.  0.
  0.  0.  0.  0.  0.  0.  0.  0.  0.  0.  0.  0.  0.  0.  0.  0.  0.  0.
  0.  0.  0.  0.  0.  0.  0.  0.  0.  0.  0.  0.  0.  0.  0.  0.  0.  0.
  0.  0.  0.  0.  0.  0.  0.  0.  0.  0.  0.  0. 16.  5.  0.  0.  0.  0.
  0.  0.  0.  0.  0. 11.  0. 18. 15. 17. 27.  0.  0.  0.  0.  0.  0.  0.
  0.  0. 14. 10.  1.  4.  8.  0. 20. 21.  0.  0.  0.  0.  0.  0.  0.  0.
  9.  2.  3. 19. 25. 23. 26.  0.  0.  0.  0.  0.  0.  0.  0.  0.  7.  6.
 12.  0. 22.  0.  0.  0.  0.  0.  0.  0.  0.  0.  0.  0. 24.  0.  0.  0.
  0.  0.  0.  0.  0.  0.  0.  0.  0.  0.  0.  0. 13.  0.  0.  0.  0.  0.
  0.  0.  0.  0.  0.  0.  0.  0.  0.  0.  0.  0.  0.  0.  0.  0.  0.  0.
  0.  0.  0.  0.  0.  0.  0.  0.  0.  0.  0.  0.  0.  0.  0.  0.  0.  0.
  0.  0.  0.  0.  0.  0.  0.  0.  0.]