[ 0.  0.  0.  0.  0.  0.  0.  0.  0.  0.  0.  0.  0.  0.  0.  0.  0.  0.
  0.  0.  0.  0.  0.  0.  0.  0.  0.  0.  0.  0.  0.  0.  0.  0.  0.  0.
  0.  0.  0.  0.  0.  0.  0.  0.  0.  0.  0.  0.  0.  0.  0.  0.  0.  0.
  0.  0.  0.  0.  0.  0.  0.  0.  0.  0.  0.  0.  0. 37.  0. 19. 29. 32.
  0.  0.  0.  0.  0.  0.  0.  0.  0. 17.  3. 18. 30. 34. 35.  0.  0.  0.
  0.  0.  0.  0. 15.  0.  6.  4.  7. 36. 31. 33.  0.  0.  0.  0.  0.  0.
  0. 16. 14.  0.  1. 38. 10. 20. 26. 27.  0.  0.  0.  0.  0.  0.  0. 11.
  8.  2.  5. 21. 25.  0. 28.  0.  0.  0.  0.  0.  0.  0.  0.  9.  0. 12.
  0. 22. 23.  0.  0.  0.  0.  0.  0.  0.  0.  0.  0.  0.  0. 13. 24.  0.
  0.  0.  0.  0.  0.  0.  0.  0.  0.  0.  0.  0.  0.  0.  0.  0.  0.  0.
  0.  0.  0.  0.  0.  0.  0.  0.  0.  0.  0.  0.  0.  0.  0.  0.  0.  0.
  0.  0.  0.  0.  0.  0.  0.  0.  0.  0.  0.  0.  0.  0.  0.  0.  0.  0.
  0.  0.  0.  0.  0.  0.  0.  0.  0.]