[ 0.  0.  0.  0.  0.  0.  0.  0.  0.  0.  0.  0.  0.  0.  0.  0.  0.  0.
  0.  0.  0.  0.  0.  0.  0.  0.  0.  0.  0.  0.  0.  0.  0.  0.  0.  0.
  0.  0.  0.  0.  0.  0.  0.  0.  0.  0.  0.  0.  0.  0.  0.  0.  0.  0.
  0.  0. 18.  0.  0.  0.  0.  0.  0.  0.  0.  0.  0.  0. 14.  0. 17.  0.
  0.  0.  0.  0.  0.  0.  0.  0.  0. 12.  9. 11.  3. 16.  0.  0.  0.  0.
  0.  0.  0.  0.  0.  0. 13. 22. 15. 10.  0.  0.  0.  0.  0.  0.  0.  0.
  0.  0.  0.  6.  1. 20.  0.  8.  0.  0.  0.  0.  0.  0.  0.  0.  0.  0.
  4. 21.  2.  5.  0.  0.  0.  0.  0.  0.  0.  0.  0.  0.  0.  0. 24.  7.
 23. 19. 29. 30.  0.  0.  0.  0.  0.  0.  0.  0.  0.  0.  0. 26. 27.  0.
  0.  0.  0.  0.  0.  0.  0.  0.  0.  0.  0.  0. 31. 25.  0.  0.  0.  0.
  0.  0.  0.  0.  0.  0.  0.  0.  0.  0. 28.  0.  0.  0.  0.  0.  0.  0.
  0.  0.  0.  0.  0.  0.  0.  0.  0.  0.  0.  0.  0.  0.  0.  0.  0.  0.
  0.  0.  0.  0.  0.  0.  0.  0.  0.]