[ 0.  0.  0.  0.  0.  0.  0.  0.  0.  0.  0.  0.  0.  0.  0.  0.  0.  0.
  0.  0.  0.  0.  0.  0.  0.  0.  0.  0.  0.  0.  0.  0.  0.  0.  0.  0.
  0.  0.  0.  0.  0.  0.  0.  0.  0.  0.  0.  0.  0.  0.  0. 29. 30.  0.
  0.  0.  0.  0.  0.  0.  0.  0.  0. 39.  0.  0.  0.  0. 28.  0.  0.  0.
  0.  0.  0.  0.  0.  0. 40. 41. 24. 18. 27.  0.  0.  0.  0.  0.  0.  0.
  0.  0. 38. 33. 34. 23. 25. 17. 26.  0.  0.  0.  0.  0.  0.  0.  0.  0.
 37. 22. 21. 19.  1. 11. 12.  0.  0.  0.  0.  0.  0.  0.  0.  0. 31. 15.
  4.  2.  6.  7.  0.  0.  0.  0.  0.  0.  0.  0. 32. 20. 35.  0.  3.  8.
  5. 13.  0.  0.  0.  0.  0.  0.  0.  0.  0. 36.  0.  0.  0.  9.  0. 14.
  0.  0.  0.  0.  0.  0.  0.  0.  0.  0.  0. 16. 10.  0.  0.  0.  0.  0.
  0.  0.  0.  0.  0.  0.  0.  0.  0.  0.  0.  0.  0.  0.  0.  0.  0.  0.
  0.  0.  0.  0.  0.  0.  0.  0.  0.  0.  0.  0.  0.  0.  0.  0.  0.  0.
  0.  0.  0.  0.  0.  0.  0.  0.  0.]