[ 0.  0.  0.  0.  0.  0.  0.  0.  0.  0.  0.  0.  0.  0.  0.  0.  0.  0.
  0.  0.  0.  0.  0.  0.  0.  0.  0.  0.  0.  0.  0.  0.  0.  0.  0.  0.
  0.  0.  0.  0.  0.  0.  0.  0.  0.  0.  0.  0.  0.  0.  0.  0.  0.  0.
  0.  0.  0.  0.  0.  0.  0.  0.  0.  0.  0.  0.  0.  0. 23.  0.  0.  0.
  0.  0.  0.  0.  0.  0.  0.  0.  0.  3. 13.  0. 22. 15.  0.  0.  0.  0.
  0.  0.  0.  0.  0.  0.  0.  8.  4.  9. 10.  0.  0.  0.  0.  0.  0.  0.
  0.  0.  0.  0.  1.  5.  6. 14. 18.  0. 26.  0.  0.  0.  0.  0.  0.  0.
  0. 16.  2.  7. 12.  0. 24.  0.  0.  0.  0.  0.  0.  0.  0.  0. 11.  0.
 17. 19. 20.  0. 25.  0.  0.  0.  0.  0.  0.  0.  0.  0.  0.  0.  0.  0.
 21.  0.  0.  0.  0.  0.  0.  0.  0.  0.  0.  0.  0.  0.  0.  0.  0.  0.
  0.  0.  0.  0.  0.  0.  0.  0.  0.  0.  0.  0.  0.  0.  0.  0.  0.  0.
  0.  0.  0.  0.  0.  0.  0.  0.  0.  0.  0.  0.  0.  0.  0.  0.  0.  0.
  0.  0.  0.  0.  0.  0.  0.  0.  0.]