[ 0.  0.  0.  0.  0.  0.  0.  0.  0.  0.  0.  0.  0.  0.  0.  0.  0.  0.
  0.  0.  0.  0.  0.  0.  0.  0.  0.  0.  0.  0.  0.  0.  0.  0.  0. 40.
  0.  0.  0.  0.  0.  0.  0.  0.  0.  0.  0.  0.  0.  0. 36. 39. 41.  0.
  0.  0.  0.  0.  0.  0.  0.  0.  0.  0.  0. 35. 38. 37. 33.  0.  0.  0.
  0.  0.  0.  0.  0.  0.  0.  0. 29. 32. 31. 17.  0.  0.  0.  0.  0.  0.
  0.  0.  0.  0. 28. 13. 34.  0. 16. 19. 24.  0.  0.  0.  0.  0.  0.  0.
  0.  0. 27. 12.  1. 14.  6. 20. 26. 23.  0.  0.  0.  0.  0.  0.  0. 30.
 15.  2.  4.  5. 25.  0.  0.  0.  0.  0.  0.  0.  0.  0.  0.  0.  7.  8.
  3. 22. 21.  0.  0.  0.  0.  0.  0.  0.  0.  0.  0.  0.  9. 10.  0.  0.
  0.  0.  0.  0.  0.  0.  0.  0.  0.  0.  0.  0. 18. 11.  0.  0.  0.  0.
  0.  0.  0.  0.  0.  0.  0.  0.  0.  0.  0.  0.  0.  0.  0.  0.  0.  0.
  0.  0.  0.  0.  0.  0.  0.  0.  0.  0.  0.  0.  0.  0.  0.  0.  0.  0.
  0.  0.  0.  0.  0.  0.  0.  0.  0.]