[ 0.  0.  0.  0.  0.  0.  0.  0.  0.  0.  0.  0.  0.  0.  0.  0.  0.  0.
  0.  0.  0.  0.  0.  0.  0.  0.  0.  0.  0.  0.  0.  0.  0.  0.  0.  0.
  0.  0.  0.  0.  0.  0.  0.  0.  0.  0.  0.  0.  0.  0.  0.  0.  0.  0.
  0.  0.  0.  0.  0.  0.  0.  0.  0.  0.  0.  0.  0.  0.  0.  0.  0.  0.
  0.  0.  0.  0.  0.  0.  0.  0.  0.  0.  0.  0.  0.  0.  0. 41.  0.  0.
  0.  0.  0.  0.  0.  0. 23.  0. 36. 42. 43. 40.  0.  0.  0.  0.  0. 21.
  0. 19.  6. 13.  1. 11. 17. 18.  0.  0.  0.  0.  0.  0.  0. 20. 16.  5.
  4.  2. 12. 32. 33. 44.  0.  0.  0.  0.  0. 31. 22. 14.  3.  8.  7. 34.
 50. 55.  0. 45.  0.  0.  0.  0. 24. 26. 29. 10.  9. 35. 49. 52. 51.  0.
  0.  0.  0.  0. 25. 28. 27. 15. 38. 39. 37. 54. 53.  0.  0.  0.  0.  0.
  0.  0. 30.  0.  0.  0. 47. 46.  0.  0.  0.  0.  0.  0.  0.  0.  0.  0.
  0.  0.  0. 48.  0.  0.  0.  0.  0.  0.  0.  0.  0.  0.  0.  0.  0. 56.
  0.  0.  0.  0.  0.  0.  0.  0.  0.]