[ 0.  0.  0.  0.  0.  0.  0.  0.  0.  0.  0.  0.  0.  0.  0.  0.  0.  0.
  0.  0.  0.  0.  0.  0.  0.  0.  0.  0.  0.  0.  0.  0.  0.  0.  0.  0.
  0.  0. 22.  0.  0.  0.  0.  0.  0.  0.  0.  0.  0.  0.  0.  0. 21.  0.
  0.  0.  0.  0.  0.  0.  0.  0.  0.  0.  0.  0. 13. 14.  0. 15. 47.  0.
  0.  0. 49.  0.  0.  0.  0.  0.  0.  0.  4.  9. 18. 51. 46. 50. 48.  0.
  0.  0.  0.  0.  0.  0.  0.  3.  8.  7. 43.  0. 44.  0.  0.  0.  0.  0.
  0.  0.  5. 10.  1.  6. 17. 20. 40. 45.  0.  0.  0.  0.  0.  0. 33.  0.
  0.  2. 16. 19. 36. 53. 38. 52.  0.  0.  0.  0.  0.  0. 26.  0. 12. 11.
 41. 37. 39. 42.  0.  0.  0.  0.  0.  0.  0.  0. 23. 24. 30. 32. 34. 35.
  0.  0.  0.  0.  0.  0.  0. 29.  0.  0. 25. 27. 28.  0.  0.  0.  0.  0.
  0.  0.  0.  0.  0.  0.  0.  0.  0.  0. 31.  0.  0.  0.  0.  0.  0.  0.
  0.  0.  0.  0.  0.  0.  0.  0.  0.  0.  0.  0.  0.  0.  0.  0.  0.  0.
  0.  0.  0.  0.  0.  0.  0.  0.  0.]