[ 0.  0.  0.  0.  0.  0.  0.  0.  0.  0.  0.  0.  0.  0.  0.  0.  0.  0.
  0.  0.  0.  0.  0.  0.  0.  0.  0.  0.  0.  0.  0.  0.  0.  0.  0. 15.
 10.  0.  0.  0.  0.  0.  0.  0.  0.  0.  0.  0.  0.  0.  0.  9.  0. 14.
  0.  0.  0.  0.  0.  0.  0.  0.  0.  0.  0. 12.  5. 11. 24. 17.  0.  0.
  0.  0.  0.  0.  0. 45.  0.  0.  6.  7.  4. 16. 26.  0.  0.  0.  0.  0.
  0.  0.  0. 44. 18. 13.  3. 28. 25. 27. 29.  0.  0.  0.  0.  0.  0. 38.
 32. 20. 39.  8.  1.  0.  0.  0.  0.  0.  0.  0.  0. 46. 41.  0. 23. 30.
 19.  0.  2.  0.  0.  0.  0.  0.  0.  0. 35. 36. 33. 31. 21. 34.  0.  0.
  0.  0.  0.  0.  0.  0.  0.  0. 40. 42. 22. 43.  0. 37.  0.  0.  0.  0.
  0.  0.  0.  0.  0.  0.  0.  0.  0.  0.  0.  0.  0.  0.  0.  0.  0.  0.
  0.  0.  0.  0.  0.  0.  0.  0.  0.  0.  0.  0.  0.  0.  0.  0.  0.  0.
  0.  0.  0.  0.  0.  0.  0.  0.  0.  0.  0.  0.  0.  0.  0.  0.  0.  0.
  0.  0.  0.  0.  0.  0.  0.  0.  0.]