[ 0.  0.  0.  0.  0.  0.  0.  0.  0.  0.  0.  0.  0.  0.  0.  0.  0.  0.
  0.  0.  0.  0.  0.  0.  0.  0.  0.  0.  0.  0.  0.  0.  0.  0.  0.  0.
  0.  0.  0.  0.  0.  0.  0.  0.  0.  0.  0.  0.  0.  0.  0.  0.  0.  0.
  0.  0.  0.  0.  0.  0.  0.  0.  0.  0.  0.  0.  0. 22.  0. 25.  0.  0.
  0.  0.  0.  0.  0.  0.  0.  0. 18.  3.  0. 21. 23. 24.  0.  0.  0.  0.
  0.  0.  0.  0. 17.  0.  0. 27.  0. 19.  0.  0.  0.  0.  0.  0.  0.  0.
 15. 16.  0.  0.  1.  8. 26.  0.  0.  0.  0.  0.  0.  0.  0.  0. 12. 13.
  2.  4.  6.  7.  0.  0.  0.  0.  0.  0.  0.  0.  0.  0. 14.  5. 11.  9.
 20.  0.  0.  0.  0.  0.  0.  0.  0.  0.  0.  0.  0. 10.  0.  0.  0.  0.
  0.  0.  0.  0.  0.  0.  0.  0.  0.  0.  0.  0.  0.  0.  0.  0.  0.  0.
  0.  0.  0.  0.  0.  0.  0.  0.  0.  0.  0.  0.  0.  0.  0.  0.  0.  0.
  0.  0.  0.  0.  0.  0.  0.  0.  0.  0.  0.  0.  0.  0.  0.  0.  0.  0.
  0.  0.  0.  0.  0.  0.  0.  0.  0.]