[ 0.  0.  0.  0.  0.  0.  0.  0.  0.  0.  0.  0.  0.  0.  0.  0.  0.  0.
  0.  0.  0.  0.  0.  0.  0.  0.  0.  0.  0.  0.  0.  0.  0.  0.  0.  0.
  0.  0.  0. 46.  0.  0.  0.  0.  0.  0.  0.  0.  0.  0.  0.  0.  0. 47.
  0. 43.  0. 42.  0.  0.  0.  0.  0.  0.  0.  0.  0. 34.  0.  0.  0. 41.
 45.  0.  0.  0.  0.  0.  0.  0.  0. 40. 39. 33. 31. 37. 38. 35.  0.  0.
  0.  0.  0.  0.  0.  0.  0.  0. 10. 29. 44. 36.  0.  0.  0.  0.  0.  0.
  0.  0. 12.  0.  1.  0. 32. 15. 20.  0.  0.  0.  0.  0.  0.  0.  0.  0.
  9.  2.  4.  7.  6. 19. 24.  0.  0.  0.  0.  0.  0.  0.  0. 14. 11. 13.
  3. 18. 17. 30. 50.  0.  0.  0.  0.  0.  0.  0.  0. 16.  5.  8. 23.  0.
 48.  0.  0.  0.  0.  0.  0.  0.  0.  0.  0. 27. 21.  0.  0. 49.  0.  0.
  0.  0.  0.  0.  0.  0.  0.  0. 25.  0. 22.  0.  0.  0.  0.  0.  0.  0.
  0.  0.  0.  0. 26. 28.  0.  0.  0.  0.  0.  0.  0.  0.  0.  0.  0.  0.
  0.  0.  0.  0.  0.  0.  0.  0.  0.]