[ 0.  0.  0.  0.  0.  0.  0.  0.  0.  0.  0.  0.  0.  0.  0.  0.  0.  0.
  0.  0.  0.  0.  0.  0.  0.  0.  0.  0.  0.  0.  0.  0.  0.  0.  0.  0.
  0.  0.  0.  0.  0.  0.  0.  0.  0.  0.  0.  0.  0.  0.  0.  0.  0.  0.
  0.  0.  0.  0.  0.  0.  0.  0.  0.  0.  0.  0. 11.  0.  0. 10.  0.  0.
  0.  0.  0.  0.  0.  0.  0.  0. 12.  0.  4.  9.  0.  0.  0.  0.  0.  0.
  0.  0.  0.  0.  0.  0.  0.  3.  8.  7.  0. 24.  0.  0.  0.  0.  0.  0.
 42. 41. 37.  5.  1.  6. 16. 14. 21. 25.  0.  0.  0.  0.  0. 40. 43. 36.
  0.  2. 19. 13. 17. 31. 22.  0.  0.  0.  0.  0.  0.  0.  0. 34. 29. 30.
 15.  0. 23.  0.  0.  0.  0.  0.  0.  0.  0. 44.  0.  0. 18. 27. 20. 32.
  0.  0.  0.  0.  0.  0.  0.  0.  0. 38. 39. 26. 28.  0.  0.  0.  0.  0.
  0.  0.  0.  0.  0.  0.  0.  0. 33. 35.  0.  0.  0.  0.  0.  0.  0.  0.
  0.  0.  0.  0.  0.  0.  0.  0.  0.  0.  0.  0.  0.  0.  0.  0.  0.  0.
  0.  0.  0.  0.  0.  0.  0.  0.  0.]