[ 0.  0.  0.  0.  0.  0.  0.  0.  0.  0.  0.  0.  0.  0.  0.  0.  0.  0.
  0.  0.  0.  0.  0.  0.  0.  0.  0.  0.  0.  0.  0.  0.  0.  0.  0.  0.
  0. 48.  0. 25.  0.  0.  0.  0.  0.  0.  0.  0.  0.  0.  0. 21. 16. 38.
 18. 45.  0.  0.  0.  0.  0.  0.  0.  0. 14.  0.  0. 15. 17. 20. 44.  0.
  0.  0.  0.  0.  0.  0.  0. 13. 11. 10.  3.  5. 24. 49. 19. 50.  0.  0.
  0.  0.  0.  0.  0. 12.  9. 37.  8. 22. 36. 32. 35.  0.  0.  0.  0.  0.
  0.  0.  0.  6.  1. 27. 23. 33. 34. 39. 43.  0.  0.  0.  0.  0.  0.  0.
 29.  2. 26. 28. 30. 31. 41.  0.  0.  0.  0.  0.  0.  0. 52.  0.  0.  4.
 47. 40. 46. 42.  0.  0.  0.  0.  0.  0.  0. 51. 54. 53. 56.  7.  0.  0.
  0.  0.  0.  0.  0.  0.  0.  0.  0. 62. 55. 59. 61.  0.  0.  0.  0.  0.
  0.  0.  0.  0.  0.  0.  0. 57. 58. 63.  0.  0.  0.  0.  0.  0.  0.  0.
  0.  0.  0.  0. 60.  0.  0.  0.  0.  0.  0.  0.  0.  0.  0.  0.  0.  0.
  0.  0.  0.  0.  0.  0.  0.  0.  0.]