[ 0.  0.  0.  0.  0.  0.  0.  0.  0.  0.  0.  0.  0.  0.  0.  0.  0.  0.
  0.  0.  0.  0.  0.  0.  0.  0.  0.  0.  0.  0.  0.  0.  0.  0.  0.  0.
  0.  0.  0.  0.  0.  0.  0.  0.  0.  0.  0.  0.  0.  0.  0.  0.  0.  0.
  0.  0.  0.  0.  0.  0.  0.  0.  0.  0.  0.  0.  0.  0.  0.  0.  0.  0.
  0.  0.  0.  0.  0.  0. 20.  0.  0. 25.  0.  0.  0.  0.  0.  0.  0.  0.
  0.  0.  0.  0. 19.  0. 24. 23.  6.  0.  0.  0.  0.  0.  0.  0.  0.  0.
  0. 15. 17. 18.  1.  0.  0.  0.  0.  0.  0.  0.  0.  0.  0.  0. 21. 14.
  5.  2.  4.  0.  7.  0.  0.  0.  0.  0.  0.  0.  0. 22. 11. 12.  0.  9.
  3. 10.  0.  0.  0.  0.  0.  0.  0.  0. 16. 13.  0.  0.  8.  0.  0.  0.
  0.  0.  0.  0.  0.  0.  0.  0.  0.  0.  0.  0.  0.  0.  0.  0.  0.  0.
  0.  0.  0.  0.  0.  0.  0.  0.  0.  0.  0.  0.  0.  0.  0.  0.  0.  0.
  0.  0.  0.  0.  0.  0.  0.  0.  0.  0.  0.  0.  0.  0.  0.  0.  0.  0.
  0.  0.  0.  0.  0.  0.  0.  0.  0.]