[ 0.  0.  0.  0.  0.  0.  0.  0.  0.  0.  0.  0.  0.  0.  0.  0.  0.  0.
  0.  0.  0.  0.  0.  0.  0.  0.  0.  0.  0.  0.  0.  0.  0.  0.  0.  0.
  0. 49. 60. 44. 59.  0.  0.  0.  0.  0.  0.  0.  0.  0.  0.  0.  0. 43.
  0. 56.  0.  0.  0.  0.  0.  0.  0.  0.  0.  0. 38. 41.  0. 47. 58. 48.
  0.  0.  0.  0.  0.  0.  0.  0. 24. 37. 36. 42. 51. 50.  0. 57.  0.  0.
  0.  0.  0.  0.  0. 54. 23. 40. 39.  5.  0. 10.  0.  0.  0.  0.  0.  0.
 45.  0. 55. 46.  1.  4.  6.  7.  0.  0.  0.  0.  0.  0.  0.  0. 53.  0.
 52.  2. 19.  3.  0.  8.  0.  0.  0.  0.  0.  0.  0.  0.  0.  0. 22.  9.
  0. 12. 11. 29.  0.  0.  0.  0.  0.  0.  0. 31.  0. 14. 27. 13. 20. 26.
  0.  0.  0.  0.  0.  0.  0.  0. 32.  0. 25. 17. 15. 18.  0.  0.  0.  0.
  0.  0.  0.  0.  0.  0. 30. 33. 28. 16. 21.  0.  0.  0.  0.  0.  0.  0.
  0.  0.  0.  0.  0. 34.  0.  0.  0.  0.  0.  0.  0.  0.  0.  0.  0.  0.
  0. 35.  0.  0.  0.  0.  0.  0.  0.]