[ 0.  0.  0.  0.  0.  0.  0.  0.  0.  0.  0.  0.  0.  0.  0.  0.  0.  0.
  0.  0.  0.  0.  0.  0.  0.  0.  0.  0.  0.  0.  0.  0.  0.  0.  0.  0.
  0.  0.  0.  0.  0.  0.  0.  0.  0.  0.  0.  0.  0.  0.  0.  0.  0.  0.
 21.  0.  0.  0.  0.  0.  0.  0.  0.  0.  0.  0.  0.  0.  0.  0. 22.  0.
  0.  0.  0.  0.  0.  0.  0.  0.  0.  0.  0.  0. 20.  0.  7.  0.  0.  0.
  0.  0.  0.  0.  0.  0.  0. 18.  0.  0.  6. 14. 15.  0.  0.  0.  0.  0.
  0.  0.  0. 19.  1.  3.  4.  9.  0.  0.  0.  0.  0.  0.  0.  0.  0.  0.
  0. 16.  2.  5.  0. 12.  0.  0.  0.  0.  0.  0.  0. 34.  0. 24. 11. 26.
  0.  8.  0.  0.  0.  0.  0.  0.  0.  0.  0. 33.  0. 23. 35. 10.  0. 17.
  0.  0.  0.  0.  0.  0.  0.  0. 30. 25. 27. 13. 36. 28.  0.  0.  0.  0.
  0.  0.  0.  0.  0.  0. 37. 31.  0.  0.  0. 29.  0.  0.  0.  0.  0.  0.
  0.  0.  0.  0. 32.  0.  0.  0.  0.  0.  0.  0.  0.  0.  0.  0.  0.  0.
  0.  0.  0.  0.  0.  0.  0.  0.  0.]