[ 0.  0.  0.  0.  0.  0.  0.  0.  0.  0.  0.  0.  0.  0.  0.  0.  0.  0.
  0.  0.  0.  0.  0.  0.  0.  0.  0.  0.  0.  0.  0.  0.  0.  0. 73.  0.
  0.  0.  0.  0.  0.  0.  0.  0.  0.  0.  0.  0. 74. 70. 72. 69.  0.  0.
  0. 57.  0.  0.  0.  0.  0.  0.  0. 64. 65. 71. 62.  0. 41. 54. 56.  0.
  0.  0.  0.  0.  0. 75.  0.  0. 61. 68.  0. 40. 32. 55. 53. 58.  0.  0.
  0.  0.  0. 76.  0. 67. 66.  0. 30.  7. 51. 42. 59.  0.  0.  0.  0.  0.
 60. 63. 38.  0.  1.  6. 29. 39. 31. 46.  0.  0.  0.  0.  0.  0.  0. 11.
  5.  2. 52. 25. 47.  0. 48. 45.  0.  0.  0.  0. 15.  0. 10.  4. 27.  3.
 28. 22. 43. 36.  0.  0.  0.  0.  0.  0.  0.  8. 13. 26. 33. 23.  0. 44.
 49.  0.  0.  0.  0.  0.  0.  9. 12. 21.  0. 20. 34. 24. 35.  0. 50.  0.
  0.  0.  0.  0.  0. 16. 14. 18. 19. 37.  0.  0.  0.  0.  0.  0.  0.  0.
  0.  0. 17.  0.  0.  0.  0.  0.  0.  0.  0.  0.  0.  0.  0.  0.  0.  0.
  0.  0.  0.  0.  0.  0.  0.  0.  0.]