[ 0.  0.  0.  0.  0.  0.  0.  0.  0.  0.  0.  0.  0.  0.  0.  0.  0.  0.
  0.  0.  0.  0.  0.  0.  0.  0.  0.  0.  0.  0.  0.  0.  0.  0.  0.  0.
  0.  0.  0.  0.  0.  0.  0.  0.  0.  0.  0.  0.  0.  0.  0.  0.  0.  0.
  0.  0. 26.  0.  0.  0.  0.  0.  0.  0.  0.  0.  0.  0. 20.  0. 25.  0.
  0.  0.  0.  0.  0.  0.  0.  0. 28. 27. 17. 19. 23. 24.  0.  0.  0.  0.
  0.  0.  0.  0.  6.  0. 10. 29. 15.  0. 12.  0.  0.  0.  0.  0.  0.  0.
  0.  5.  4.  3.  1. 13. 11. 14. 22.  0.  0.  0.  0.  0.  0.  0.  0. 31.
  2.  8.  9. 30. 18.  0.  0.  0.  0.  0.  0.  0.  0.  0.  0.  0.  7. 16.
  0. 21.  0.  0.  0.  0.  0.  0.  0.  0.  0.  0.  0.  0.  0.  0.  0.  0.
  0.  0.  0.  0.  0.  0.  0.  0.  0.  0.  0.  0.  0.  0.  0.  0.  0.  0.
  0.  0.  0.  0.  0.  0.  0.  0.  0.  0.  0.  0.  0.  0.  0.  0.  0.  0.
  0.  0.  0.  0.  0.  0.  0.  0.  0.  0.  0.  0.  0.  0.  0.  0.  0.  0.
  0.  0.  0.  0.  0.  0.  0.  0.  0.]