[ 0.  0.  0.  0.  0.  0.  0.  0.  0.  0.  0.  0.  0.  0.  0.  0.  0.  0.
  0.  0.  0.  0.  0.  0.  0.  0.  0.  0.  0.  0.  0.  0.  0. 49.  0.  0.
  0. 55.  0.  0.  0.  0.  0.  0.  0.  0.  0.  0.  0. 48.  0. 54.  0.  0.
  0.  0.  0.  0.  0.  0.  0. 51.  0. 52.  0. 30.  0.  0. 18.  0.  0.  0.
  0.  0.  0.  0.  0. 50.  0. 57. 27. 28.  3.  5.  0.  0. 26.  0.  0.  0.
  0. 53.  0. 32. 31. 29. 17. 16. 10. 14.  0. 25.  0.  0.  0.  0.  0. 56.
 58. 46.  0.  8.  1. 11. 13. 24. 23. 22.  0.  0.  0.  0.  0.  0.  0. 34.
  7.  2.  6. 15.  0. 21.  0.  0.  0.  0.  0. 45.  0. 40. 33. 47. 12.  4.
 38. 19.  0.  0.  0.  0.  0.  0.  0. 41.  0. 43. 44.  0.  0.  9.  0. 20.
  0.  0.  0.  0.  0.  0.  0.  0.  0. 42. 39. 35. 37.  0.  0.  0.  0.  0.
  0.  0.  0.  0.  0.  0.  0. 36.  0.  0.  0.  0.  0.  0.  0.  0.  0.  0.
  0.  0.  0.  0.  0.  0.  0.  0.  0.  0.  0.  0.  0.  0.  0.  0.  0.  0.
  0.  0.  0.  0.  0.  0.  0.  0.  0.]