[ 0.  0.  0.  0.  0.  0.  0.  0.  0.  0.  0.  0.  0.  0.  0.  0.  0.  0.
  0.  0.  0.  0.  0.  0.  0.  0.  0.  0.  0.  0.  0.  0.  0.  0.  0.  0.
  0.  0.  0.  0.  0.  0.  0.  0.  0.  0.  0.  0.  0.  0.  0. 35.  0.  0.
  0.  0.  0.  0.  0.  0.  0.  0.  0.  0.  0.  0.  0. 34.  0. 23.  0. 36.
 28. 32. 38.  0.  0.  0.  0.  0.  0. 13.  0. 22. 31. 37. 27. 33. 39.  0.
  0.  0.  0.  0.  0.  0.  0. 12.  0. 24. 25. 30.  0.  0.  0.  0.  0.  0.
  0.  0.  0. 10.  1.  8.  5. 26.  0.  0.  0.  0.  0.  0.  0.  0.  0. 18.
  0.  2.  3.  0.  0. 29.  0.  0.  0.  0.  0.  0.  0. 19.  0.  9.  6. 11.
  4.  0.  0.  0.  0.  0.  0.  0.  0.  0.  0.  0.  0.  0.  7. 14.  0.  0.
  0.  0.  0.  0.  0.  0.  0.  0. 21. 20.  0. 16.  0.  0.  0.  0.  0.  0.
  0.  0.  0.  0.  0.  0.  0. 17.  0. 15.  0.  0.  0.  0.  0.  0.  0.  0.
  0.  0.  0.  0.  0.  0.  0.  0.  0.  0.  0.  0.  0.  0.  0.  0.  0.  0.
  0.  0.  0.  0.  0.  0.  0.  0.  0.]