[ 0.  0.  0.  0.  0.  0.  0.  0.  0.  0.  0.  0.  0.  0.  0.  0.  0.  0.
  0.  0.  0.  0.  0.  0.  0.  0.  0.  0.  0.  0.  0.  0.  0.  0.  0.  0.
  0.  0.  0.  0.  0.  0.  0.  0.  0.  0.  0.  0.  0.  0.  0.  0.  0.  0.
  0.  0.  0.  0.  0.  0.  0.  0.  0.  0.  0.  0.  0.  0.  0.  0.  0.  0.
  0.  0.  0.  0.  0.  0.  0.  0.  0.  8.  3.  5.  7. 21. 22.  0.  0.  0.
  0.  0.  0.  0.  0.  0.  0.  0. 10. 15. 19.  0.  0.  0.  0.  0.  0.  0.
  0.  0.  0. 11.  1. 12. 18.  0.  0.  0.  0.  0.  0.  0.  0.  0.  0.  0.
  9.  2.  6.  0.  0.  0.  0.  0.  0.  0.  0.  0.  0.  0. 17. 14. 16.  4.
  0. 23.  0.  0.  0.  0.  0.  0.  0.  0.  0. 29. 27. 20. 13.  0.  0.  0.
  0.  0.  0.  0.  0.  0.  0. 28. 26.  0. 24.  0.  0.  0.  0.  0.  0.  0.
  0.  0.  0.  0.  0.  0.  0. 25.  0.  0.  0.  0.  0.  0.  0.  0.  0.  0.
  0.  0.  0.  0.  0.  0.  0.  0.  0.  0.  0.  0.  0.  0.  0.  0.  0.  0.
  0.  0.  0.  0.  0.  0.  0.  0.  0.]