[ 0.  0.  0.  0.  0.  0.  0.  0.  0.  0.  0.  0.  0.  0.  0.  0.  0.  0.
  0.  0.  0.  0.  0.  0.  0.  0.  0.  0.  0.  0.  0.  0.  0.  0.  0.  0.
  0.  0.  0.  0.  0.  0.  0.  0.  0.  0.  0.  0.  0.  0.  0.  0.  0. 30.
 33.  0.  0.  0.  0.  0.  0.  0.  0.  0.  0.  0.  0.  0. 29. 32. 31.  0.
  0.  0.  0.  0.  0.  0.  0.  0.  0. 13.  4.  0. 10.  0.  0.  0.  0.  0.
  0.  0.  0.  0.  0.  0.  6.  3.  9. 11. 28. 27.  0.  0.  0.  0.  0.  0.
  0. 16.  7.  0.  1.  8. 45. 40. 38. 44. 50.  0.  0.  0.  0.  0. 23. 17.
 12.  2.  5. 37. 41. 39. 42.  0.  0.  0.  0.  0. 21. 18. 20. 14. 25. 24.
 49. 36. 48. 46. 43.  0.  0.  0.  0.  0. 22. 19. 15.  0.  0. 34.  0.  0.
 47.  0.  0.  0.  0.  0.  0.  0. 26.  0.  0.  0.  0. 35.  0.  0.  0.  0.
  0.  0.  0.  0.  0.  0.  0.  0.  0.  0.  0.  0.  0.  0.  0.  0.  0.  0.
  0.  0.  0.  0.  0.  0.  0.  0.  0.  0.  0.  0.  0.  0.  0.  0.  0.  0.
  0.  0.  0.  0.  0.  0.  0.  0.  0.]