[ 0.  0.  0.  0.  0.  0.  0.  0.  0.  0.  0.  0.  0.  0.  0.  0.  0.  0.
  0.  0.  0.  0.  0.  0.  0.  0.  0.  0.  0.  0.  0.  0. 34. 38. 49. 48.
  0.  0.  0.  0. 55.  0.  0.  0.  0.  0.  0. 36. 37. 41. 66. 65. 31. 58.
 50.  0. 62. 69.  0.  0.  0. 45.  0. 35. 32.  0. 30. 47. 46.  0. 54. 63.
 61.  0.  0.  0. 44. 42. 27. 33. 28.  0. 52. 59. 51.  0. 56.  0.  0.  0.
  0.  0. 43. 40. 26. 29. 53. 10. 13. 67.  0. 60. 57.  0.  0.  0.  0.  0.
 39.  0. 12. 11.  1.  9.  6. 68.  0.  0.  0.  0.  0.  0.  0.  0. 17. 14.
 16.  2.  4.  5.  0. 64.  0.  0.  0.  0.  0.  0.  0.  0. 15. 21.  7.  8.
  3.  0.  0.  0.  0.  0.  0.  0.  0.  0.  0.  0. 18.  0. 24. 19.  0.  0.
  0.  0.  0.  0.  0.  0.  0.  0.  0.  0. 23. 20. 22.  0.  0.  0.  0.  0.
  0.  0.  0.  0.  0.  0.  0.  0. 25.  0.  0.  0.  0.  0.  0.  0.  0.  0.
  0.  0.  0.  0.  0.  0.  0.  0.  0.  0.  0.  0.  0.  0.  0.  0.  0.  0.
  0.  0.  0.  0.  0.  0.  0.  0.  0.]