[ 0.  0.  0.  0.  0.  0.  0.  0.  0.  0.  0.  0.  0.  0.  0.  0.  0.  0.
  0.  0.  0.  0.  0.  0.  0.  0.  0.  0.  0.  0.  0.  0.  0.  0.  0.  0.
  0.  0.  0.  0.  0.  0.  0.  0.  0.  0.  0.  0.  0.  0.  0.  0.  0.  0.
  0.  0.  0.  0.  0.  0.  0.  0.  0.  0.  0. 28.  0.  0.  0.  0.  0.  0.
  0.  0.  0.  0.  0.  0.  0. 26. 25. 19. 21.  7. 22.  0.  0.  0.  0.  0.
  0.  0.  0.  0. 24. 27.  0.  6.  0.  0.  0.  0.  0.  0.  0.  0.  0.  0.
  0. 29. 23.  0.  1.  4.  3.  0.  0.  0.  0.  0.  0.  0.  0.  0.  0.  0.
  0.  5.  2.  8. 14. 12. 15.  0.  0.  0.  0.  0.  0.  0.  0.  0. 17. 10.
  0.  9.  0.  0.  0.  0.  0.  0.  0.  0.  0.  0. 16. 13. 11.  0.  0.  0.
  0.  0.  0.  0.  0.  0.  0.  0.  0.  0. 18.  0. 20.  0.  0.  0.  0.  0.
  0.  0.  0.  0.  0.  0.  0.  0.  0.  0.  0.  0.  0.  0.  0.  0.  0.  0.
  0.  0.  0.  0.  0.  0.  0.  0.  0.  0.  0.  0.  0.  0.  0.  0.  0.  0.
  0.  0.  0.  0.  0.  0.  0.  0.  0.]