[ 0.  0.  0.  0.  0.  0.  0.  0.  0.  0.  0.  0.  0.  0.  0.  0.  0.  0.
  0.  0.  0.  0.  0.  0.  0.  0.  0.  0.  0.  0.  0.  0.  0.  0.  0.  0.
  0.  0.  0.  0.  0.  0.  0.  0.  0.  0.  0.  0.  0.  0.  0.  0.  0.  0.
  0.  0.  0.  0.  0.  0.  0.  0.  0.  0.  0.  0.  0.  0.  0.  0.  0.  0.
  0.  0.  0.  0.  0.  0.  0.  0. 32.  5.  3. 12.  0.  0.  0.  0.  0.  0.
  0.  0.  0.  0. 27.  0. 10.  0.  0. 13.  0.  0.  0.  0.  0.  0.  0.  0.
 31.  0. 16. 11.  1.  8.  0.  0. 36.  0.  0.  0.  0.  0.  0. 28. 38. 15.
  6.  2.  7. 26. 33. 37.  0.  0.  0.  0.  0.  0. 39. 19. 42.  4. 14.  0.
 21. 34.  0.  0.  0.  0.  0.  0.  0. 20.  0.  9. 18. 25. 17.  0.  0. 35.
  0.  0.  0.  0.  0.  0.  0.  0.  0. 23. 22.  0.  0.  0.  0.  0.  0.  0.
  0.  0.  0.  0.  0. 29.  0. 24. 40.  0.  0.  0.  0.  0.  0.  0.  0.  0.
  0. 30.  0.  0.  0.  0. 41.  0.  0.  0.  0.  0.  0.  0.  0.  0.  0.  0.
  0.  0.  0.  0.  0.  0.  0.  0.  0.]