[ 0.  0.  0.  0.  0.  0.  0.  0.  0.  0.  0.  0.  0.  0.  0.  0.  0.  0.
  0.  0.  0.  0. 30.  0.  0.  0.  0.  0.  0.  0.  0.  0.  0.  0.  0.  0.
  0.  0.  0.  0.  0.  0.  0.  0.  0.  0.  0.  0.  0.  0.  0.  0. 19. 25.
  0.  0.  0.  0.  0.  0.  0.  0.  0.  0.  0.  0. 18. 23. 22. 32.  0.  0.
  0.  0.  0.  0.  0.  0. 15. 13. 20.  0.  3. 33.  0. 31.  0.  0.  0.  0.
  0.  0.  0. 16. 14. 17. 29. 10.  0.  0. 21.  0.  0.  0.  0.  0.  0.  0.
 27. 26. 12. 24.  1.  9.  6.  0.  0.  0.  0.  0.  0.  0.  0.  0.  0. 11.
 28.  4.  2.  5.  0.  0.  0.  0.  0.  0.  0.  0.  0.  0.  0.  8.  7.  0.
  0.  0.  0.  0.  0.  0.  0.  0.  0.  0.  0.  0.  0.  0.  0.  0.  0.  0.
  0.  0.  0.  0.  0.  0.  0.  0.  0.  0.  0.  0.  0.  0.  0.  0.  0.  0.
  0.  0.  0.  0.  0.  0.  0.  0.  0.  0.  0.  0.  0.  0.  0.  0.  0.  0.
  0.  0.  0.  0.  0.  0.  0.  0.  0.  0.  0.  0.  0.  0.  0.  0.  0.  0.
  0.  0.  0.  0.  0.  0.  0.  0.  0.]