[ 0.  0.  0.  0.  0.  0.  0.  0.  0.  0.  0.  0.  0.  0.  0.  0.  0.  0.
  0.  0.  0.  0.  0.  0.  0.  0.  0.  0.  0.  0.  0.  0.  0.  0.  0.  0.
  0.  0.  0.  0.  0.  0.  0.  0.  0.  0.  0.  0.  0.  0.  0.  0.  0.  0.
  0.  0.  0.  0.  0.  0.  0.  0.  0.  0.  0.  0.  0.  0.  0.  0.  0.  0.
  0.  0.  0.  0.  0.  0.  0.  0.  0.  0.  0.  0.  0.  0.  0.  0.  0.  0.
  0.  0.  0.  0.  0.  0.  0.  0.  0.  0.  0.  0.  0.  0.  0.  0.  0.  0.
  0.  0. 12.  0.  1.  9.  6.  0.  0.  0.  0.  0.  0.  0.  0.  0. 20.  0.
 11.  2.  4.  5.  0.  0.  0.  0.  0.  0.  0.  0.  0.  0. 13.  8.  7.  0.
  3. 10.  0.  0.  0.  0.  0.  0.  0.  0. 14. 18. 19.  0. 16.  0.  0.  0.
  0.  0.  0.  0.  0.  0.  0. 24. 17.  0. 15.  0. 23.  0.  0.  0.  0.  0.
  0.  0.  0.  0.  0.  0.  0.  0. 21.  0.  0.  0.  0.  0.  0.  0.  0.  0.
  0.  0.  0.  0.  0.  0. 22.  0.  0.  0.  0.  0.  0.  0.  0.  0.  0.  0.
  0.  0.  0.  0.  0.  0.  0.  0.  0.]