[ 0.  0.  0.  0.  0.  0.  0.  0.  0.  0.  0.  0.  0.  0.  0.  0.  0.  0.
  0.  0.  0.  0.  0.  0.  0.  0.  0.  0.  0.  0.  0.  0.  0. 20.  0.  0.
  0.  0.  0.  0.  0.  0.  0.  0.  0.  0.  0.  0.  0.  0. 21.  0.  0.  0.
  0.  0.  0.  0.  0.  0.  0.  0.  0. 13.  0. 19.  0. 18.  0.  0.  0.  0.
  0.  0.  0.  0.  0.  0.  5.  2.  0. 17.  0.  0.  0.  0.  0.  0.  0.  0.
  0.  0.  0.  7. 12.  9.  0.  0.  0.  0. 31.  0.  0.  0.  0.  0.  0.  0.
 16.  3.  6. 25.  1.  0. 30.  0.  0.  0.  0.  0.  0.  0.  0.  0. 29.  8.
 10. 11.  4. 32.  0.  0.  0.  0.  0.  0.  0.  0.  0.  0. 26. 24. 14. 27.
  0.  0.  0.  0.  0.  0.  0.  0.  0.  0.  0.  0. 22.  0. 15. 28.  0.  0.
  0.  0.  0.  0.  0.  0.  0.  0. 23.  0.  0.  0.  0.  0.  0.  0.  0.  0.
  0.  0.  0.  0.  0.  0.  0.  0.  0.  0.  0.  0.  0.  0.  0.  0.  0.  0.
  0.  0.  0.  0.  0.  0.  0.  0.  0.  0.  0.  0.  0.  0.  0.  0.  0.  0.
  0.  0.  0.  0.  0.  0.  0.  0.  0.]