[ 0.  0.  0.  0.  0.  0.  0.  0.  0.  0.  0.  0.  0.  0.  0.  0.  0.  0.
  0.  0.  0.  0.  0.  0.  0.  0.  0.  0.  0.  0.  0.  0.  0.  0.  0.  0.
  0.  0.  0.  0.  0.  0.  0.  0.  0.  0.  0.  0.  0.  0.  0.  0.  0.  0.
  0.  0.  0.  0.  0.  0.  0.  0.  0.  0.  0.  0.  0.  0.  0.  0.  0.  0.
  0.  0.  0.  0.  0.  0.  0. 20.  0.  3.  0.  9. 10.  0.  0.  0.  0.  0.
  0.  0.  0.  0. 19. 16.  0.  8.  0. 11.  0.  0.  0.  0.  0.  0.  0.  0.
  0.  0.  0.  4.  1.  0.  0. 12.  0.  0.  0.  0.  0.  0.  0.  0.  0. 13.
  0.  7.  2.  6. 15.  0.  0.  0.  0.  0.  0.  0.  0.  0. 18. 14.  0.  5.
  0. 27. 25.  0.  0.  0.  0.  0.  0.  0.  0.  0. 17.  0. 22. 21.  0.  0.
 26.  0.  0.  0.  0.  0.  0.  0.  0.  0.  0.  0.  0. 23.  0.  0.  0.  0.
  0.  0.  0.  0.  0.  0.  0.  0.  0.  0.  0. 24.  0.  0.  0.  0.  0.  0.
  0.  0.  0.  0.  0.  0.  0.  0.  0.  0.  0.  0.  0.  0.  0.  0.  0.  0.
  0.  0.  0.  0.  0.  0.  0.  0.  0.]