[ 0.  0.  0.  0.  0.  0.  0.  0.  0.  0.  0.  0.  0.  0.  0.  0.  0.  0.
  0.  0.  0.  0.  0.  0.  0.  0.  0.  0.  0.  0.  0.  0.  0.  0.  0.  0.
  0. 36.  0.  0.  0.  0.  0.  0.  0.  0.  0.  0.  0. 32.  0. 35.  0.  0.
  0.  0.  0.  0.  0.  0.  0.  0.  0.  0.  0. 29.  0. 26.  0.  0.  0.  0.
  0.  0.  0.  0.  0.  0.  0. 27. 28. 23. 25. 34. 33.  0.  0.  0.  0.  0.
  0.  0. 45.  0.  0. 30. 24. 31. 10.  0.  0.  0.  0.  0.  0.  0.  0.  0.
  0. 19. 22. 21.  1.  0.  0. 38. 40. 41.  0.  0.  0.  0. 44.  0.  0. 14.
  9.  2.  4. 37.  7. 39. 42.  0.  0.  0.  0.  0. 43. 20. 11.  0.  0.  5.
  3.  6.  0.  0.  0.  0.  0.  0.  0.  0. 17. 13. 12.  0.  8.  0.  0.  0.
  0.  0.  0.  0.  0.  0. 18.  0. 15.  0.  0.  0.  0.  0.  0.  0.  0.  0.
  0.  0.  0.  0.  0. 16.  0.  0.  0.  0.  0.  0.  0.  0.  0.  0.  0.  0.
  0.  0.  0.  0.  0.  0.  0.  0.  0.  0.  0.  0.  0.  0.  0.  0.  0.  0.
  0.  0.  0.  0.  0.  0.  0.  0.  0.]