[ 0.  0.  0.  0.  0.  0.  0.  0.  0.  0.  0.  0.  0.  0.  0.  0.  0.  0.
  0.  0.  0.  0.  0.  0.  0.  0.  0.  0.  0.  0.  0.  0.  0.  0.  0.  0.
  0.  0.  0.  0.  0.  0.  0.  0.  0.  0.  0.  0.  0.  0. 23.  0.  0.  0.
  0.  0.  0.  0.  0.  0.  0.  0.  0.  0.  0.  0. 20. 19. 17.  0.  0.  0.
  0.  0.  0.  0.  0.  0.  0.  0.  0. 21. 18. 16.  0. 25.  0.  0.  0.  0.
  0.  0.  0.  0.  0. 22. 13. 14. 41.  0. 27. 24.  0.  0.  0.  0.  0.  0.
  0.  0.  0. 10.  1.  4. 40.  0. 26.  0.  0.  0.  0.  0.  0.  0.  0. 15.
  6.  9.  2.  3. 28. 33.  0.  0.  0.  0.  0.  0.  0.  0.  5. 12. 11.  7.
 29.  0. 36.  0.  0.  0.  0.  0.  0.  0.  0. 31.  0.  8. 35. 30. 34.  0.
 42.  0.  0.  0.  0.  0.  0.  0. 32.  0.  0.  0. 37. 39. 44.  0. 43.  0.
  0.  0.  0.  0.  0.  0.  0.  0.  0.  0. 38.  0.  0.  0.  0.  0.  0.  0.
  0.  0.  0.  0.  0.  0.  0.  0.  0.  0.  0.  0.  0.  0.  0.  0.  0.  0.
  0.  0.  0.  0.  0.  0.  0.  0.  0.]