[ 0.  0.  0.  0.  0.  0.  0.  0.  0.  0.  0.  0.  0.  0.  0.  0.  0.  0.
  0.  0.  0.  0.  0.  0.  0.  0.  0.  0.  0.  0.  0.  0.  0.  0.  0.  0.
  0.  0.  0.  0.  0.  0.  0.  0.  0.  0.  0.  0.  0.  0.  0.  0.  0.  0.
  0.  0.  0.  0.  0.  0.  0.  0.  0.  0.  0.  0.  0.  0.  0.  0.  0.  0.
  0.  0.  0.  0.  0.  0.  0.  0.  0.  0. 16.  3.  0.  0.  0.  0.  0.  0.
  0.  0.  0.  0.  0.  0. 14.  9.  8. 19.  0.  0.  0.  0.  0.  0.  0.  0.
  0.  0.  0.  0.  1.  4. 20.  0.  0.  0.  0.  0.  0.  0.  0.  0.  0. 25.
  5.  2. 13. 17. 21. 22.  0.  0.  0.  0.  0.  0.  0.  0.  0.  6.  0. 10.
 11.  0.  0.  0.  0.  0.  0.  0.  0.  0.  0.  7.  0. 12. 24. 15.  0.  0.
  0.  0.  0.  0.  0.  0.  0.  0.  0.  0. 23.  0. 18.  0.  0.  0.  0.  0.
  0.  0.  0.  0.  0.  0.  0.  0.  0.  0.  0.  0.  0.  0.  0.  0.  0.  0.
  0.  0.  0.  0.  0.  0.  0.  0.  0.  0.  0.  0.  0.  0.  0.  0.  0.  0.
  0.  0.  0.  0.  0.  0.  0.  0.  0.]