[ 0.  0.  0.  0.  0.  0.  0.  0.  0.  0.  0.  0.  0.  0.  0.  0.  0.  0.
  0.  0.  0.  0.  0.  0.  0.  0.  0.  0.  0.  0.  0.  0.  0.  0.  0.  0.
  0.  0.  0.  0.  0.  0.  0.  0.  0.  0.  0.  0.  0.  0.  0.  0.  0.  0.
  0.  0.  0.  0.  0.  0.  0.  0.  0.  0.  0.  0.  0. 18.  0. 21.  0. 22.
  0.  0.  0.  0.  0.  0.  0.  0.  0.  0. 11. 15. 20. 19.  0.  0.  0.  0.
  0.  0.  0.  0.  0.  0.  0.  0.  6.  3.  0.  0.  0.  0.  0.  0.  0.  0.
  0.  0. 12.  0.  1.  0.  4. 25.  0.  0.  0.  0.  0.  0.  0.  0.  0. 13.
  0.  8.  2.  0.  5.  0.  0.  0.  0.  0.  0.  0.  0.  0.  0. 14.  7.  9.
 10.  0.  0.  0.  0.  0.  0.  0.  0.  0.  0. 16.  0.  0.  0.  0.  0.  0.
  0.  0.  0.  0.  0.  0.  0. 17.  0. 23.  0.  0.  0.  0.  0.  0.  0.  0.
  0.  0.  0.  0.  0. 24.  0.  0.  0.  0.  0.  0.  0.  0.  0.  0.  0.  0.
  0.  0.  0.  0.  0.  0.  0.  0.  0.  0.  0.  0.  0.  0.  0.  0.  0.  0.
  0.  0.  0.  0.  0.  0.  0.  0.  0.]