[ 0.  0.  0.  0.  0.  0.  0.  0.  0.  0.  0.  0.  0.  0.  0.  0.  0.  0.
  0.  0.  0.  0.  0.  0.  0.  0.  0.  0.  0.  0.  0.  0.  0.  0.  0.  0.
  0.  0.  0. 27.  0.  0.  0.  0.  0.  0.  0.  0.  0.  0.  0. 23.  0. 26.
  0.  0.  0.  0.  0.  0.  0.  0.  0.  0.  0.  0.  0. 24.  0.  0. 25. 28.
  0.  0.  0.  0.  0.  0.  0.  0.  0. 14.  3.  5. 22.  0.  0.  0.  0.  0.
  0.  0.  0.  0.  0. 15. 18.  0. 10.  0. 19.  0.  0.  0.  0.  0.  0.  0.
 32.  0.  0.  8.  1. 13.  0. 16.  0.  0.  0.  0.  0.  0.  0.  0. 31. 36.
  7.  2.  6. 17.  0.  0.  0.  0.  0.  0.  0.  0.  0.  0. 29.  0. 11.  4.
 40.  0. 42.  0.  0.  0.  0.  0.  0.  0. 30. 35. 34.  0. 12.  9. 41. 43.
  0.  0.  0.  0.  0.  0.  0.  0.  0. 33.  0. 20. 39.  0.  0.  0.  0.  0.
  0.  0.  0.  0.  0.  0.  0. 38. 21. 37.  0.  0.  0.  0.  0.  0.  0.  0.
  0.  0.  0.  0.  0.  0.  0.  0.  0.  0.  0.  0.  0.  0.  0.  0.  0.  0.
  0.  0.  0.  0.  0.  0.  0.  0.  0.]