[ 0.  0.  0.  0.  0.  0.  0.  0.  0.  0.  0.  0.  0.  0.  0.  0.  0.  0.
  0.  0.  0.  0.  0.  0.  0.  0.  0.  0.  0.  0.  0.  0.  0.  0. 39. 35.
 33.  0.  0. 30.  0.  0.  0.  0.  0.  0.  0.  0.  0.  0. 40. 36. 34. 16.
 25.  0.  0.  0.  0.  0.  0.  0.  0.  0.  0. 38. 37. 31. 15. 29. 10. 22.
  0.  0.  0.  0.  0.  0.  0.  0.  0. 12.  5. 11.  9. 17. 18. 32.  0.  0.
  0.  0.  0.  0.  0.  0.  2.  6.  7. 21. 19. 23. 24.  0.  0.  0.  0.  0.
  0.  0.  4.  3.  1. 13.  8. 26. 20. 28. 27.  0.  0.  0.  0.  0.  0.  0.
  0.  0. 14.  0.  0.  0.  0.  0.  0.  0.  0.  0.  0.  0.  0.  0.  0.  0.
  0.  0.  0.  0.  0.  0.  0.  0.  0.  0.  0.  0.  0.  0.  0.  0.  0.  0.
  0.  0.  0.  0.  0.  0.  0.  0.  0.  0.  0.  0.  0.  0.  0.  0.  0.  0.
  0.  0.  0.  0.  0.  0.  0.  0.  0.  0.  0.  0.  0.  0.  0.  0.  0.  0.
  0.  0.  0.  0.  0.  0.  0.  0.  0.  0.  0.  0.  0.  0.  0.  0.  0.  0.
  0.  0.  0.  0.  0.  0.  0.  0.  0.]