[ 0.  0.  0.  0.  0.  0.  0.  0.  0.  0.  0.  0.  0.  0.  0.  0.  0.  0.
  0.  0.  0.  0.  0.  0.  0.  0.  0.  0.  0.  0.  0.  0.  0.  0.  0.  0.
  0.  0.  0.  0.  0.  0.  0.  0.  0.  0.  0.  0.  0.  0.  0.  0.  0.  0.
  0.  0.  0.  0.  0.  0.  0.  0.  0.  0.  0.  0.  0.  0.  0. 17.  0.  0.
  0.  0.  0.  0.  0.  0.  0. 19. 18.  4.  0. 16.  0.  0.  0.  0.  0.  0.
  0.  0. 26. 25. 23. 21.  7.  2.  0.  0.  0.  0.  0.  0.  0.  0.  0. 27.
  0. 33. 24.  6.  1.  5. 22.  0.  0.  0.  0.  0.  0. 28.  0. 29. 34.  8.
 13. 10. 15.  0.  0.  0.  0.  0.  0.  0.  0. 35. 37.  9. 11. 12.  3. 20.
  0.  0.  0.  0.  0.  0.  0. 36.  0. 38. 14. 32.  0.  0.  0. 30.  0.  0.
  0.  0.  0.  0.  0.  0.  0.  0.  0.  0.  0.  0.  0. 31.  0.  0.  0.  0.
  0.  0.  0.  0.  0.  0.  0.  0.  0.  0.  0.  0.  0.  0.  0.  0.  0.  0.
  0.  0.  0.  0.  0.  0.  0.  0.  0.  0.  0.  0.  0.  0.  0.  0.  0.  0.
  0.  0.  0.  0.  0.  0.  0.  0.  0.]