[ 0.  0.  0.  0.  0.  0.  0.  0.  0.  0.  0.  0.  0.  0.  0.  0.  0.  0.
  0.  0.  0.  0.  0.  0.  0.  0.  0.  0.  0.  0.  0.  0.  0.  0.  0.  0.
  0.  0.  0.  0.  0.  0.  0.  0.  0.  0.  0.  0.  0.  0. 22. 26.  0. 28.
  0.  0.  0.  0.  0.  0.  0.  0.  0.  0.  0.  0. 21. 24. 23.  0.  0.  0.
  0.  0.  0.  0.  0.  0. 15.  0.  0. 25.  3. 27. 29.  0.  0.  0.  0.  0.
  0.  0.  0.  0. 14.  0.  5.  4.  7. 18.  0.  0.  0.  0.  0.  0.  0.  0.
  0.  0. 10.  0.  1. 19. 11. 20.  0.  0.  0.  0.  0.  0.  0.  0.  0.  9.
  8.  2.  6. 13. 12.  0.  0.  0.  0.  0.  0.  0.  0.  0.  0.  0. 16.  0.
  0.  0.  0.  0.  0.  0.  0.  0.  0.  0.  0.  0.  0.  0. 17.  0.  0.  0.
  0.  0.  0.  0.  0.  0.  0.  0.  0.  0.  0.  0.  0.  0.  0.  0.  0.  0.
  0.  0.  0.  0.  0.  0.  0.  0.  0.  0.  0.  0.  0.  0.  0.  0.  0.  0.
  0.  0.  0.  0.  0.  0.  0.  0.  0.  0.  0.  0.  0.  0.  0.  0.  0.  0.
  0.  0.  0.  0.  0.  0.  0.  0.  0.]