[ 0.  0.  0.  0.  0.  0.  0.  0.  0.  0.  0.  0.  0.  0.  0.  0.  0.  0.
  0.  0.  0.  0.  0.  0.  0.  0.  0.  0.  0.  0.  0.  0.  0.  0.  0.  0.
  0.  0.  0.  0.  0.  0.  0.  0.  0.  0.  0.  0.  0.  0.  0.  0.  0.  0.
  0.  0.  0.  0.  0.  0.  0.  0.  0.  0.  0.  0. 18.  0.  0. 11.  0.  0.
  0.  0.  0.  0.  0.  0.  0. 20. 17.  0. 19.  0.  8. 12.  0.  0.  0.  0.
  0.  0.  0.  0.  0.  0.  3. 10.  0.  0.  7.  0.  0.  0.  0.  0.  0.  0.
  0. 21. 14.  0.  1.  9.  6.  0.  0.  0.  0.  0.  0.  0.  0.  0.  0.  0.
  0.  4.  2.  5.  0.  0.  0.  0.  0.  0.  0.  0.  0.  0. 15. 16. 13.  0.
  0.  0.  0.  0.  0.  0.  0.  0.  0.  0. 22. 23.  0.  0.  0.  0.  0.  0.
  0.  0.  0.  0.  0.  0.  0.  0.  0.  0.  0.  0.  0.  0.  0.  0.  0.  0.
  0.  0.  0.  0.  0.  0.  0.  0.  0.  0.  0.  0.  0.  0.  0.  0.  0.  0.
  0.  0.  0.  0.  0.  0.  0.  0.  0.  0.  0.  0.  0.  0.  0.  0.  0.  0.
  0.  0.  0.  0.  0.  0.  0.  0.  0.]