[ 0.  0.  0.  0.  0.  0.  0.  0.  0.  0.  0.  0.  0.  0.  0.  0.  0.  0.
  0.  0.  0.  0.  0.  0.  0.  0.  0.  0.  0.  0.  0.  0.  0.  0.  0.  0.
  0.  0.  0.  0.  0.  0.  0.  0.  0.  0.  0.  0.  0.  0.  0.  0.  0.  0.
 34.  0.  0.  0.  0.  0.  0.  0.  0.  0.  0.  0.  0. 18. 33. 27.  0.  0.
  0.  0.  0.  0.  0.  0.  0.  0. 22. 21. 17. 19. 26. 25.  0.  0.  0.  0.
  0.  0.  0.  0.  0. 16. 15. 20.  0. 24. 31. 28.  0.  0.  0.  0.  0.  0.
  0. 12.  0.  9.  1.  4.  0. 32.  0.  0.  0.  0.  0.  0.  0.  0.  0. 11.
 10.  2.  0.  3. 29. 23. 30.  0.  0.  0.  0.  0. 36. 13. 35.  5.  0.  6.
  8.  0.  0.  0.  0.  0.  0.  0.  0. 14.  0. 37. 39.  0.  7.  0.  0.  0.
  0.  0.  0.  0.  0.  0.  0.  0. 38.  0.  0.  0.  0.  0.  0.  0.  0.  0.
  0.  0.  0.  0.  0.  0.  0.  0.  0.  0.  0.  0.  0.  0.  0.  0.  0.  0.
  0.  0.  0.  0.  0.  0.  0.  0.  0.  0.  0.  0.  0.  0.  0.  0.  0.  0.
  0.  0.  0.  0.  0.  0.  0.  0.  0.]