[ 0.  0.  0.  0.  0.  0.  0.  0.  0.  0.  0.  0.  0.  0.  0.  0.  0.  0.
  0.  0. 48.  0.  0.  0.  0.  0.  0.  0.  0.  0.  0.  0. 59.  0.  0.  0.
 47.  0.  0.  0.  0.  0.  0.  0.  0.  0.  0.  0. 54. 49.  0. 31. 45. 46.
  0. 29.  0.  0.  0.  0.  0.  0.  0. 55. 50.  0. 32.  0. 25.  0. 20. 30.
  0.  0.  0.  0.  0.  0.  0. 33. 58.  0. 13. 28. 15. 18. 17.  0.  0.  0.
  0.  0.  0. 34. 65. 35. 26. 14. 27.  0. 16. 21.  0.  0.  0.  0.  0. 61.
 64.  0. 12. 56.  1.  9.  6. 19.  0.  0.  0.  0.  0.  0. 60. 40. 39. 11.
 57.  2.  4.  5.  0.  0.  0.  0.  0.  0.  0. 62. 43. 41. 38.  8.  7. 22.
  3. 10.  0.  0.  0.  0.  0. 66.  0. 42. 53.  0.  0.  0.  0. 23.  0.  0.
  0.  0.  0. 67. 68.  0. 52. 44.  0. 51. 36.  0. 24.  0.  0.  0.  0.  0.
  0.  0.  0.  0.  0. 63.  0.  0. 37.  0.  0.  0.  0.  0.  0.  0.  0.  0.
  0.  0.  0.  0.  0.  0.  0.  0.  0.  0.  0.  0.  0.  0.  0.  0.  0.  0.
  0.  0.  0.  0.  0.  0.  0.  0.  0.]