[ 0.  0.  0.  0.  0.  0.  0.  0.  0.  0.  0.  0.  0.  0.  0.  0.  0.  0.
  0.  0.  0.  0.  0.  0.  0.  0.  0.  0.  0.  0.  0.  0.  0.  0.  0.  0.
  0.  0.  0.  0.  0.  0.  0.  0.  0.  0.  0.  0. 28.  0.  0.  0.  0.  0.
  0. 49.  0.  0.  0.  0.  0.  0.  0.  0.  0.  0.  0.  0. 12. 51. 50.  0.
  0.  0.  0.  0. 37. 38. 25. 19. 17. 20. 11. 13. 14.  0.  0.  0.  0.  0.
  0.  0. 34. 23. 22. 18.  3. 10.  8.  0.  7.  0.  0.  0.  0.  0. 35. 29.
 36. 21. 15. 16.  1.  9.  6. 45.  0.  0.  0.  0.  0. 32. 33.  0. 24. 26.
 27.  2.  4.  5. 46. 48.  0.  0.  0.  0.  0.  0. 40. 30. 41.  0.  0. 43.
  0.  0. 47.  0.  0.  0.  0.  0. 55. 31. 39.  0.  0. 44.  0.  0.  0.  0.
  0.  0.  0.  0.  0.  0. 42. 57. 54. 56. 52. 58. 59.  0.  0.  0.  0.  0.
  0.  0.  0.  0.  0.  0.  0. 53.  0. 60.  0.  0.  0.  0.  0.  0.  0.  0.
  0.  0.  0.  0.  0.  0.  0.  0.  0.  0.  0.  0.  0.  0.  0.  0.  0.  0.
  0.  0.  0.  0.  0.  0.  0.  0.  0.]