[ 0.  0.  0.  0.  0.  0.  0.  0.  0.  0.  0.  0.  0.  0.  0.  0.  0.  0.
  0.  0.  0. 54. 40.  0.  0.  0.  0.  0.  0.  0.  0.  0.  0.  0.  0. 28.
 21.  0. 37.  0. 44.  0. 46.  0.  0.  0.  0.  0.  0.  0.  0.  0. 19. 20.
 35. 49. 41. 45. 50.  0.  0.  0.  0.  0.  0. 16. 25. 15. 30.  0. 48. 42.
 43.  0.  0.  0.  0.  0.  0.  0. 26. 24.  0. 27. 29. 32. 31.  0. 52.  0.
  0.  0.  0.  0.  0. 13. 12. 38. 10. 17.  0. 23. 47.  0.  0.  0.  0.  0.
  0.  0.  5.  8.  1. 39. 36. 18. 33.  0.  0.  0.  0.  0.  0.  0.  0.  0.
  7.  2. 11. 22. 51. 34.  0.  0.  0.  0.  0.  0.  0.  0. 14.  0.  3.  4.
  0.  0.  0.  0.  0.  0.  0.  0.  0.  0.  0.  0.  0.  0.  6.  9. 53.  0.
  0.  0.  0.  0.  0.  0.  0.  0.  0.  0.  0.  0.  0.  0.  0.  0.  0.  0.
  0.  0.  0.  0.  0.  0.  0.  0.  0.  0.  0.  0.  0.  0.  0.  0.  0.  0.
  0.  0.  0.  0.  0.  0.  0.  0.  0.  0.  0.  0.  0.  0.  0.  0.  0.  0.
  0.  0.  0.  0.  0.  0.  0.  0.  0.]