[ 0.  0.  0.  0.  0.  0.  0.  0.  0.  0.  0.  0.  0.  0.  0.  0.  0.  0.
  0.  0.  0.  0.  0.  0.  0.  0.  0.  0.  0.  0.  0.  0.  0.  0.  0.  0.
  0.  0.  0.  0.  0.  0.  0.  0.  0.  0.  0.  0.  0.  0.  0.  0.  0.  0.
  0.  0.  0.  0.  0.  0.  0.  0.  0.  0.  0.  0.  0.  0.  0.  0.  0.  0.
  0.  0.  0.  0.  0.  0.  0.  0.  0.  0.  0.  0.  0.  0.  0.  0.  0.  0.
  0.  0.  0.  0.  0.  0.  2.  0.  0.  0.  0.  0.  0.  0.  0.  0.  0.  0.
 12.  0.  8.  0.  1.  0.  0.  0.  0.  0.  0.  0.  0.  0.  0.  0.  9.  7.
  4.  6.  0.  0.  0.  0.  0.  0.  0.  0.  0.  0.  0. 10.  3. 20.  5.  0.
  0.  0.  0.  0.  0.  0.  0.  0.  0.  0. 15. 16. 11.  0.  0.  0.  0.  0.
  0.  0.  0.  0.  0.  0.  0. 25. 13. 19. 21. 23. 24.  0.  0.  0.  0.  0.
  0.  0.  0.  0. 14.  0. 17.  0. 22.  0.  0.  0.  0.  0.  0.  0.  0.  0.
  0.  0.  0.  0. 18.  0.  0.  0.  0.  0.  0.  0.  0.  0.  0.  0.  0.  0.
  0.  0.  0.  0.  0.  0.  0.  0.  0.]