[ 0.  0.  0.  0.  0.  0.  0.  0.  0.  0.  0.  0.  0.  0.  0.  0.  0.  0.
  0.  0.  0.  0.  0.  0.  0.  0.  0.  0.  0.  0.  0.  0.  0.  0.  0.  0.
  0.  0.  0.  0.  0.  0.  0.  0.  0.  0.  0.  0.  0.  0.  0.  0. 21.  0.
  0.  0.  0.  0.  0.  0.  0.  0.  0.  0.  0. 24.  0.  0. 22.  0.  0.  0.
  0.  0.  0.  0.  0.  0.  0.  0. 23. 25. 11.  0.  0.  0.  0.  0.  0.  0.
  0.  0.  0.  0.  0.  5.  6.  0.  8.  0.  9.  0.  0.  0.  0.  0.  0.  0.
  0.  0.  0.  2.  1.  3. 10.  0.  0.  0.  0.  0.  0.  0.  0.  0.  0.  0.
  7.  4.  0. 12. 14. 15.  0.  0.  0.  0.  0.  0.  0.  0.  0.  0.  0.  0.
 13. 16. 18. 20.  0.  0.  0.  0.  0.  0.  0.  0.  0.  0.  0.  0. 17.  0.
 19.  0.  0.  0.  0.  0.  0.  0.  0.  0.  0.  0.  0.  0.  0.  0.  0.  0.
  0.  0.  0.  0.  0.  0.  0.  0.  0.  0.  0.  0.  0.  0.  0.  0.  0.  0.
  0.  0.  0.  0.  0.  0.  0.  0.  0.  0.  0.  0.  0.  0.  0.  0.  0.  0.
  0.  0.  0.  0.  0.  0.  0.  0.  0.]