[ 0.  0.  0.  0.  0.  0.  0.  0.  0.  0.  0.  0.  0.  0.  0.  0.  0.  0.
  0.  0.  0.  0.  0.  0.  0.  0.  0.  0.  0.  0.  0.  0.  0.  0.  0.  0.
  0.  0.  0.  0.  0.  0.  0.  0.  0.  0.  0.  0.  0.  0.  0.  0.  0.  0.
  0.  0.  0.  0.  0.  0.  0.  0. 32.  0.  0.  0.  0. 12.  0.  0.  0.  0.
  0.  0.  0.  0.  0. 25. 26. 21. 23. 11. 24.  3.  0.  0.  0.  0.  0.  0.
  0.  0. 29. 22.  0.  0.  0.  0.  6.  0.  0.  0.  0.  0.  0.  0. 35. 19.
 16. 18. 14.  4.  1.  0.  9. 10.  0.  0.  0.  0.  0.  0. 33. 17. 13. 20.
  5.  0.  2.  0.  0.  0.  0.  0.  0.  0.  0. 34.  0. 27. 15. 30.  8.  7.
  0.  0.  0.  0.  0.  0.  0.  0.  0.  0.  0. 28.  0. 31.  0.  0.  0.  0.
  0.  0.  0.  0.  0.  0.  0.  0.  0.  0.  0.  0.  0.  0.  0.  0.  0.  0.
  0.  0.  0.  0.  0.  0.  0.  0.  0.  0.  0.  0.  0.  0.  0.  0.  0.  0.
  0.  0.  0.  0.  0.  0.  0.  0.  0.  0.  0.  0.  0.  0.  0.  0.  0.  0.
  0.  0.  0.  0.  0.  0.  0.  0.  0.]