[ 0.  0.  0.  0.  0.  0.  0.  0.  0.  0. 54.  0.  0.  0.  0.  0.  0.  0.
  0.  0.  0.  0.  0.  0.  0. 53.  0. 50.  0.  0.  0.  0.  0.  0.  0. 44.
  0. 41. 52. 35. 51. 49.  0.  0.  0.  0.  0.  0. 46.  0. 43.  0.  0. 32.
 36. 37. 57. 55.  0.  0.  0.  0.  0.  0. 45.  0. 25. 42.  0. 31. 33. 40.
  0. 56.  0.  0.  0.  0. 47. 17.  0. 18.  0.  3.  0. 34.  0.  0.  0.  0.
  0.  0. 48.  0. 24. 16. 39. 38. 14.  0. 15.  0.  0.  0.  0.  0.  0.  0.
  0. 23.  0.  8.  1.  7. 12.  0. 22.  0.  0.  0.  0.  0.  0.  0.  0. 26.
 13.  4.  2.  5. 21.  0.  0.  0.  0.  0.  0.  0.  0.  0. 27.  0.  0.  6.
 11. 10.  0.  0.  0.  0.  0.  0.  0.  0. 30.  0.  0.  0. 19.  9.  0.  0.
  0.  0.  0.  0.  0.  0.  0.  0. 29.  0. 28.  0. 20.  0.  0.  0.  0.  0.
  0.  0.  0.  0.  0.  0.  0.  0.  0.  0.  0.  0.  0.  0.  0.  0.  0.  0.
  0.  0.  0.  0.  0.  0.  0.  0.  0.  0.  0.  0.  0.  0.  0.  0.  0.  0.
  0.  0.  0.  0.  0.  0.  0.  0.  0.]