[  0.   0.   0.   0.   0.   0.   0.  53.  78.   0.   0.   0.   0.   0.
   0.   0.   0.   0.   0.  96.  97.  88.  52.   0.  77.  60.   0.   0.
   0.   0.   0.   0.   0.   0.   0.  89.  49.  50.  43.  54.  47.  51.
   0.   0.   0.   0.   0.  85.   0.  80.  82.  87.  46.  61.  41.  55.
  57.  62.   0.   0.   0.   0.   0.  86.  99.  30.  31.  10.  48.  56.
  59.  58.  63.   0.   0.  84.   0.  76.  74.  79.   0.  12.  11.   9.
  38.  33.  37.   0.  64.   0.   0.  83.  94.  75.   0.   5.  14.  35.
   8.   3.  36.  40.  42.  44.  45.   0.  98.  81.   0.   0.  13.   4.
   1.  34.   0.  25.  39.  71.  72.   0.   0.  90.  93.   0.  22.  18.
   7.   2.   6.  26.   0.  27.  70.  73.   0.   0.   0.  91.  92.  23.
  17.   0.  16.  15.   0.  29.  69.  28.   0.   0.   0.   0. 105.   0.
  20.   0.  19.   0.   0.  32.  65. 104.   0.   0.   0.   0.   0.   0.
   0.   0.   0.  24.  21.   0. 100.  66. 103.   0.   0.   0.   0.   0.
   0.   0.   0.   0.  95. 102.  67. 101.   0.   0.   0.   0.   0.   0.
   0.   0.   0.   0.   0.   0.   0.   0.  68.   0.   0.   0.   0.   0.
   0.   0.   0.   0.   0.   0.   0.   0.   0.   0.   0.   0.   0.   0.
   0.]