[ 0.  0.  0.  0.  0.  0.  0.  0.  0.  0.  0.  0.  0.  0.  0.  0.  0.  0.
  0.  0.  0.  0.  0. 23.  0.  0.  0.  0.  0.  0.  0.  0.  0.  0.  0.  0.
  0.  0.  0. 28.  0.  0.  0.  0.  0.  0.  0.  0.  0.  0. 11. 22. 15. 21.
 19. 25. 26.  0.  0.  0.  0.  0.  0.  0.  0.  8. 12.  0. 17.  0. 29. 27.
  0.  0.  0.  0.  0.  0.  0. 13.  6.  9. 20. 24. 18.  0.  0.  0.  0.  0.
  0.  0.  0.  0. 14. 10.  3.  2.  0.  0.  0.  0.  0.  0.  0.  0.  0.  0.
  0.  5.  0.  4.  1.  0.  0.  0.  0.  0.  0.  0.  0.  0.  0.  0.  0.  7.
  0.  0.  0.  0.  0.  0.  0.  0.  0.  0.  0.  0.  0.  0.  0. 16.  0.  0.
  0.  0.  0.  0.  0.  0.  0.  0.  0.  0.  0.  0.  0.  0.  0.  0.  0.  0.
  0.  0.  0.  0.  0.  0.  0.  0.  0.  0.  0.  0.  0.  0.  0.  0.  0.  0.
  0.  0.  0.  0.  0.  0.  0.  0.  0.  0.  0.  0.  0.  0.  0.  0.  0.  0.
  0.  0.  0.  0.  0.  0.  0.  0.  0.  0.  0.  0.  0.  0.  0.  0.  0.  0.
  0.  0.  0.  0.  0.  0.  0.  0.  0.]