[ 0.  0.  0.  0.  0.  0.  0.  0.  0.  0.  0.  0.  0.  0.  0.  0.  0.  0.
  0.  0.  0.  0.  0.  0.  0.  0.  0.  0.  0.  0.  0.  0.  0.  0.  0.  0.
 53.  0.  0.  0.  0.  0.  0.  0.  0.  0.  0.  0.  0. 51.  0.  0. 20.  0.
 27. 24.  0.  0.  0.  0.  0.  0. 48. 49. 46. 40. 44. 47. 28. 23.  0.  0.
  0.  0.  0.  0.  0. 52.  0.  0. 45. 18.  3.  5. 29. 30.  0.  0. 58.  0.
  0.  0.  0. 39. 36. 19. 21.  0. 10. 16. 12. 17. 61.  0.  0.  0.  0. 33.
 32.  0. 22.  8.  1. 11.  0. 25. 26.  0. 63.  0.  0.  0. 37. 38. 31. 35.
  7.  2.  6. 13.  0.  0. 62.  0.  0.  0.  0.  0.  0. 34.  0.  0. 15.  4.
  0. 14. 54. 55.  0.  0.  0.  0.  0.  0.  0.  0. 50. 43. 41.  9. 56.  0.
  0.  0.  0.  0.  0.  0.  0.  0.  0.  0.  0.  0. 42.  0.  0.  0.  0.  0.
  0.  0.  0.  0.  0.  0.  0. 59. 57. 60. 64.  0.  0.  0.  0.  0.  0.  0.
  0.  0.  0.  0.  0.  0.  0.  0.  0.  0.  0.  0.  0.  0.  0.  0.  0.  0.
  0.  0.  0.  0.  0.  0.  0.  0.  0.]