[ 0.  0.  0.  0.  0.  0.  0.  0.  0.  0.  0.  0.  0.  0.  0.  0.  0.  0.
  0.  0.  0.  0.  0.  0.  0.  0.  0.  0.  0.  0.  0.  0.  0.  0.  0.  0.
  0.  0.  0.  0.  0.  0.  0.  0.  0.  0.  0.  0.  0.  0.  0.  0.  0.  0.
  0.  0.  0.  0.  0.  0.  0.  0.  0.  0.  0.  0.  0. 34.  0.  0.  0.  0.
  0.  0.  0.  0. 42.  0.  0.  0.  0. 32. 31.  3.  0.  0.  0.  0.  0.  0.
  0.  0.  0. 41. 35. 21. 36. 33.  0.  0.  0.  0.  0.  0.  0.  0.  0.  0.
 40. 19. 20. 37.  1.  0.  0.  0.  0.  0.  0.  0.  0. 38. 25. 24. 22. 18.
  6.  7.  2.  0.  0.  0.  0.  0.  0.  0.  0. 39. 26. 15. 14. 10.  8.  4.
 11.  0.  0.  0.  0.  0.  0.  0. 27. 28.  0. 23.  9. 12.  5.  0.  0.  0.
  0.  0.  0.  0.  0.  0. 29. 30.  0. 17. 13.  0.  0.  0.  0.  0.  0.  0.
  0.  0.  0.  0.  0.  0. 16.  0.  0.  0.  0.  0.  0.  0.  0.  0.  0.  0.
  0.  0.  0.  0.  0.  0.  0.  0.  0.  0.  0.  0.  0.  0.  0.  0.  0.  0.
  0.  0.  0.  0.  0.  0.  0.  0.  0.]