[ 0.  0.  0.  0.  0.  0.  0.  0.  0.  0.  0.  0.  0.  0.  0.  0.  0.  0.
  0.  0.  0.  0.  0.  0.  0.  0.  0.  0.  0.  0.  0.  0.  0.  0.  0.  0.
  0.  0.  0.  0.  0.  0.  0.  0.  0.  0.  0.  0.  0.  0.  0.  0.  0.  0.
  0.  0.  0.  0.  0.  0.  0.  0.  0.  0.  0.  0.  0. 26.  0.  0.  0.  0.
  0.  0.  0.  0.  0.  0.  0.  0. 20. 19.  3.  5.  0.  0.  0.  0.  0.  0.
  0.  0.  0.  0.  0. 21.  0. 18. 10.  0. 38.  0. 37.  0.  0.  0.  0.  0.
  0.  0.  0.  8.  1. 11. 13. 16. 32.  0.  0.  0.  0.  0.  0.  0.  0.  0.
  7.  2.  6. 17. 36. 27. 28.  0.  0.  0.  0.  0.  0.  0. 24. 25. 12.  4.
 14. 15. 31.  0.  0.  0.  0.  0.  0.  0.  0.  0.  0.  0. 34.  9.  0. 29.
 33.  0.  0.  0.  0.  0.  0.  0.  0.  0. 23. 22.  0.  0.  0. 30.  0.  0.
  0.  0.  0.  0.  0.  0.  0.  0. 35.  0.  0.  0.  0.  0.  0.  0.  0.  0.
  0.  0.  0.  0.  0.  0.  0.  0.  0.  0.  0.  0.  0.  0.  0.  0.  0.  0.
  0.  0.  0.  0.  0.  0.  0.  0.  0.]