[ 0.  0.  0.  0.  0.  0.  0.  0.  0.  0.  0.  0.  0.  0.  0.  0.  0.  0.
  0.  0.  0.  0.  0.  0.  0.  0.  0.  0.  0.  0.  0.  0.  0.  0.  0.  0.
  0.  0.  0.  0.  0.  0.  0.  0.  0.  0.  0.  0.  0.  0.  0.  0. 31. 40.
  0.  0.  0.  0.  0.  0.  0.  0.  0.  0.  0.  0. 34. 19.  0. 39. 41.  0.
  0.  0.  0.  0.  0.  0. 26. 25. 21.  5.  3. 12.  0. 23.  0.  0.  0.  0.
  0.  0.  0.  0. 15. 20. 10. 32. 33. 22.  0.  0.  0.  0.  0.  0. 37. 18.
 36. 24. 14. 11.  1.  8.  0.  0.  0.  0.  0.  0.  0.  0.  0. 17. 29. 16.
  6.  2.  7.  0.  0.  0.  0.  0.  0.  0.  0.  0.  0. 13.  0.  4.  0.  0.
  0.  0.  0.  0.  0.  0.  0.  0. 28.  0.  0.  9. 35. 27. 38.  0.  0.  0.
  0.  0.  0.  0.  0.  0.  0.  0.  0. 30.  0.  0.  0.  0.  0.  0.  0.  0.
  0.  0.  0.  0.  0.  0.  0.  0.  0.  0.  0.  0.  0.  0.  0.  0.  0.  0.
  0.  0.  0.  0.  0.  0.  0.  0.  0.  0.  0.  0.  0.  0.  0.  0.  0.  0.
  0.  0.  0.  0.  0.  0.  0.  0.  0.]