[ 0.  0.  0.  0.  0.  0.  0.  0.  0.  0.  0.  0.  0.  0.  0.  0.  0.  0.
  0.  0.  0.  0.  0.  0.  0.  0.  0.  0.  0.  0.  0.  0.  0.  0.  0.  0.
  0. 23.  0.  0.  0.  0.  0.  0.  0.  0.  0.  0.  0.  0.  0.  0.  0. 22.
 24. 14. 25.  0.  0.  0.  0.  0.  0.  0.  0.  0.  0.  0. 26. 18. 15.  0.
  0.  0.  0.  0.  0.  0.  0.  0.  0.  0.  0. 20.  0. 12.  9.  0.  0.  0.
  0.  0.  0.  0.  0.  0.  0. 21.  0. 17.  8. 16.  0.  0.  0.  0.  0.  0.
  0.  0.  0.  0.  1.  0.  4. 10. 13. 19.  0.  0.  0.  0.  0.  0.  0.  0.
  0.  0.  2.  3. 11.  0.  0.  0.  0.  0.  0.  0.  0.  0.  0.  0.  6.  5.
  0.  0.  0.  0.  0.  0.  0.  0.  0.  0.  0.  0.  7.  0.  0.  0.  0.  0.
  0.  0.  0.  0.  0.  0.  0.  0.  0.  0.  0.  0.  0.  0.  0.  0.  0.  0.
  0.  0.  0.  0.  0.  0.  0.  0.  0.  0.  0.  0.  0.  0.  0.  0.  0.  0.
  0.  0.  0.  0.  0.  0.  0.  0.  0.  0.  0.  0.  0.  0.  0.  0.  0.  0.
  0.  0.  0.  0.  0.  0.  0.  0.  0.]