[ 0.  0.  0.  0.  0.  0.  0.  0.  0.  0.  0.  0.  0.  0.  0.  0.  0.  0.
  0.  0.  0.  0.  0.  0.  0.  0.  0.  0.  0.  0.  0.  0.  0.  0.  0.  0.
 58.  0. 55.  0.  0.  0.  0.  0.  0.  0.  0.  0.  0.  0.  0. 57. 56. 50.
 62.  0. 63.  0.  0.  0.  0.  0.  0.  0. 54.  0. 37.  0. 52. 61. 48. 60.
  0.  0.  0.  0.  0.  0.  0.  0. 51.  0.  4. 65. 59. 49.  0.  0. 67.  0.
  0.  0.  0.  0.  0.  0. 53.  3.  6.  0. 22. 31. 68. 66.  0.  0.  0.  0.
  0.  0.  0.  8.  1. 64.  7. 24. 21. 36. 44.  0.  0.  0.  0.  0.  0. 14.
  0.  2. 15. 12.  0. 23. 45. 40.  0.  0.  0.  0.  0.  0.  0.  5. 17.  9.
 10. 35. 32. 39. 46.  0.  0.  0.  0.  0.  0.  0. 18. 11. 16.  0. 42. 25.
  0. 47.  0.  0.  0.  0.  0.  0.  0. 27. 19. 13. 28. 33. 26.  0.  0.  0.
  0.  0.  0.  0.  0.  0.  0. 20. 43. 29.  0.  0.  0.  0.  0.  0.  0.  0.
  0.  0.  0.  0.  0. 34. 38. 30. 41.  0.  0.  0.  0.  0.  0.  0.  0.  0.
  0.  0.  0.  0.  0.  0.  0.  0.  0.]