[ 0.  0.  0.  0.  0.  0.  0.  0.  0.  0.  0.  0.  0.  0.  0.  0.  0.  0.
  0.  0.  0.  0.  0.  0.  0.  0.  0.  0.  0.  0.  0.  0.  0.  0.  0.  0.
  0.  0.  0.  0.  0.  0.  0.  0.  0.  0.  0.  0.  0.  0.  0.  0.  0.  0.
  0.  0.  0.  0.  0.  0.  0.  0.  0.  0.  0.  0.  0.  0.  0.  0.  0.  0.
  0.  0.  0.  0.  0.  0.  0.  0.  0.  0.  0.  0.  0.  0.  0.  0.  0.  0.
  0.  0.  0.  0.  0.  0. 14.  0.  0.  0.  0.  0.  0.  0.  0.  0.  0.  0.
  0. 12.  9.  5.  1.  6.  0.  0.  0.  0.  0.  0.  0.  0.  0. 20. 11. 10.
  8.  2.  3.  0.  0.  0.  0.  0.  0.  0.  0.  0. 13. 16. 15.  7. 22.  0.
  4.  0.  0.  0.  0.  0.  0.  0. 23. 19.  0.  0. 17.  0.  0.  0.  0.  0.
  0.  0.  0.  0.  0.  0.  0.  0. 21.  0. 18.  0.  0.  0.  0.  0.  0.  0.
  0.  0.  0.  0.  0.  0.  0.  0.  0.  0.  0.  0.  0.  0.  0.  0.  0.  0.
  0.  0.  0.  0.  0.  0.  0.  0.  0.  0.  0.  0.  0.  0.  0.  0.  0.  0.
  0.  0.  0.  0.  0.  0.  0.  0.  0.]