[ 0.  0.  0.  0.  0.  0.  0.  0.  0.  0.  0.  0.  0.  0.  0.  0.  0.  0.
  0.  0.  0.  0.  0.  0.  0. 40.  0. 38.  0.  0.  0.  0.  0.  0.  0.  0.
  0.  0.  0.  0. 39. 31.  0.  0.  0.  0.  0.  0.  0.  0.  0. 34.  0.  0.
 24. 37.  0. 32.  0.  0.  0.  0.  0.  0.  0.  0.  0. 33. 36. 23. 35. 29.
 41.  0.  0.  0.  0.  0.  0.  0.  0. 25. 26.  7.  0. 27.  0. 30.  0.  0.
  0.  0.  0.  0.  0.  0.  0.  8.  4. 13. 16. 28.  0.  0.  0.  0.  0.  0.
  0.  0.  0.  0.  1. 12.  3. 11. 19.  0.  0.  0.  0.  0.  0.  0.  0.  0.
  0.  0.  2.  6. 15. 14.  0.  0.  0.  0.  0.  0.  0.  0.  0.  0.  0.  5.
 17.  9. 18.  0.  0.  0.  0.  0.  0.  0.  0.  0.  0.  0. 20. 10. 21.  0.
  0.  0.  0.  0.  0.  0.  0.  0.  0.  0.  0.  0.  0. 22.  0.  0.  0.  0.
  0.  0.  0.  0.  0.  0.  0.  0.  0.  0.  0.  0.  0.  0.  0.  0.  0.  0.
  0.  0.  0.  0.  0.  0.  0.  0.  0.  0.  0.  0.  0.  0.  0.  0.  0.  0.
  0.  0.  0.  0.  0.  0.  0.  0.  0.]