[  0.   0.  95.   0.   0.   0.   0.  76.   0.   0.   0.   0.   0.   0.
   0.   0.   0.  58.  64.  88.  89.  65.   0.   0.   0.   0.   0.   0.
   0.   0.   0.   0.   0.  57.   0.  75.   0.  79.  80.   0.   0.   0.
   0.   0.   0.  69.  77.  78.  63.  51.  94.  74.  91.   0.   0.   0.
   0.   0.   0.   0.   0.  62.  49.  61.   0.  29.  90.  28.  25.   0.
   0.   0.   0.   0.   0.   0.  93.  68.  47.  16.  30.  13.   3.   5.
  14.   0.   0.   0.   0.   0.  67.  66.  40.  48.  50.  17.  26.  52.
  10.  53.  12.   0.   0.   0.   0.   0.  92.  70.  39.  34.  15.   8.
   1.  11.  19.  23.  24.   0.   0.   0.   0.  72.  38.  33.  37.  35.
   7.   2.   6.  22.   0.  27.  81.   0.   0.  73.   0.  71.  43.  32.
  31.   0.  18.   4.  21.  20.   0.  54.   0.   0.   0.   0.  45.  44.
  42.  36.  83.  55.  85.   9.  86. 102.  96.   0.   0.   0.  46.   0.
  41.  59.   0.   0.  84.  98.  60.  87.  99. 100.   0.   0.   0.   0.
   0.   0.  56.   0.   0.   0.   0.  97.  82.   0.   0.   0.   0.   0.
   0.   0.   0.   0.   0.   0.   0. 101.   0.   0.   0.   0.   0.   0.
   0.   0.   0.   0.   0.   0.   0.   0.   0.   0.   0.   0.   0.   0.
   0.]