[ 0.  0.  0.  0.  0.  0.  0.  0.  0.  0.  0.  0.  0.  0.  0.  0.  0.  0.
  0.  0.  0.  0.  0.  0.  0.  0.  0.  0.  0.  0.  0.  0.  0.  0.  0.  0.
  0.  0. 35.  0.  0.  0.  0.  0.  0.  0.  0.  0.  0.  0.  0. 23. 27. 34.
 33.  0.  0.  0.  0.  0.  0.  0.  0.  0.  0. 19.  0.  0.  0.  0.  0.  0.
  0.  0.  0.  0.  0.  0.  0. 21. 26. 20.  4. 31. 30.  0.  0.  0.  0.  0.
  0.  0.  0. 24. 22. 25.  6.  3. 10.  0.  0.  0.  0.  0.  0.  0.  0.  0.
 28.  0.  7.  8.  1.  0. 13.  0.  0.  0.  0.  0.  0.  0. 29.  0.  0.  0.
  9.  2.  5.  0. 17.  0.  0.  0.  0.  0.  0.  0.  0.  0.  0.  0. 11.  0.
 16. 18.  0.  0.  0.  0.  0.  0.  0.  0.  0. 32. 14.  0. 12. 15.  0.  0.
  0.  0.  0.  0.  0.  0.  0.  0.  0.  0.  0.  0.  0.  0.  0.  0.  0.  0.
  0.  0.  0.  0.  0.  0.  0.  0.  0.  0.  0.  0.  0.  0.  0.  0.  0.  0.
  0.  0.  0.  0.  0.  0.  0.  0.  0.  0.  0.  0.  0.  0.  0.  0.  0.  0.
  0.  0.  0.  0.  0.  0.  0.  0.  0.]