[ 0.  0.  0.  0.  0.  0.  0.  0.  0.  0.  0.  0.  0.  0.  0.  0.  0.  0.
  0.  0.  0.  0.  0.  0.  0.  0.  0.  0.  0.  0.  0.  0.  0.  0.  0.  0.
  0.  0.  0.  0.  0.  0.  0.  0.  0.  0.  0.  0.  0.  0.  0.  0.  0.  0.
  0.  0.  0.  0.  0.  0.  0.  0.  0.  0.  0.  0. 23.  0. 30.  0.  0.  0.
  0.  0.  0.  0.  0.  0.  0.  0.  0. 10. 22.  0. 29.  0. 28. 26.  0.  0.
  0.  0.  0.  0.  0.  0.  7.  9. 20. 19. 15. 25.  0.  0.  0.  0.  0.  0.
  0.  0.  0.  4.  1.  3. 12. 11. 27. 31. 33. 34.  0.  0.  0.  0.  0.  0.
  6.  2.  8.  5. 16. 21. 35.  0.  0.  0.  0.  0.  0.  0.  0.  0.  0. 13.
  0.  0. 17. 24.  0.  0.  0.  0.  0.  0.  0.  0.  0. 14.  0. 32.  0. 18.
  0.  0.  0.  0.  0.  0.  0.  0.  0.  0.  0.  0.  0.  0.  0.  0.  0.  0.
  0.  0.  0.  0.  0.  0.  0.  0.  0.  0.  0.  0.  0.  0.  0.  0.  0.  0.
  0.  0.  0.  0.  0.  0.  0.  0.  0.  0.  0.  0.  0.  0.  0.  0.  0.  0.
  0.  0.  0.  0.  0.  0.  0.  0.  0.]