[ 0.  0.  0.  0.  0.  0.  0.  0.  0.  0.  0.  0.  0.  0.  0.  0.  0.  0.
  0.  0.  0.  0.  0.  0.  0.  0.  0.  0.  0.  0.  0.  0.  0.  0.  0.  0.
  0.  0.  0.  0.  0.  0.  0.  0.  0.  0.  0.  0.  0.  0.  0.  0.  0.  0.
  0.  0.  0.  0.  0.  0.  0.  0.  0.  0.  0.  0. 31.  0.  0.  0.  0.  0.
  0.  0.  0.  0.  0. 24.  0.  0.  0.  0. 25. 30.  0.  0.  0.  0.  0.  0.
  0.  0.  0. 23. 13. 21. 22. 19. 11.  0.  0.  0.  0.  0.  0.  0.  0.  0.
 16. 17. 12.  0.  1.  8.  0.  0.  0.  0.  0.  0.  0.  0.  0. 28. 18.  7.
  6.  4.  2.  5.  0.  0.  0.  0.  0.  0.  0.  0. 26. 15.  0.  9.  0. 14.
  0.  0.  0.  0.  0.  0.  0.  0. 27. 20.  0.  0.  3. 10.  0.  0.  0.  0.
  0.  0.  0.  0.  0.  0. 29.  0.  0.  0.  0.  0.  0.  0.  0.  0.  0.  0.
  0.  0.  0.  0.  0.  0.  0.  0.  0.  0.  0.  0.  0.  0.  0.  0.  0.  0.
  0.  0.  0.  0.  0.  0.  0.  0.  0.  0.  0.  0.  0.  0.  0.  0.  0.  0.
  0.  0.  0.  0.  0.  0.  0.  0.  0.]