[ 0.  0.  0.  0.  0.  0.  0.  0.  0.  0.  0.  0.  0.  0.  0.  0.  0.  0.
  0.  0.  0.  0.  0.  0.  0.  0.  0.  0.  0.  0.  0.  0.  0.  0.  0.  0.
  0. 45.  0.  0.  0.  0.  0.  0.  0.  0.  0. 34.  0.  0. 40. 43.  0. 24.
  0. 27. 26.  0.  0.  0.  0.  0.  0. 33. 42. 41. 39. 23.  0.  0. 25.  0.
  0.  0.  0.  0.  0.  0. 35. 29. 36. 21.  3. 22. 13. 17. 20.  0.  0.  0.
  0.  0.  0. 37.  0.  7.  4.  6.  9. 16. 28.  0.  0.  0.  0.  0.  0. 44.
 38. 32.  8.  5.  1. 14. 11.  0.  0.  0.  0.  0.  0.  0.  0. 31.  0. 30.
 10.  2.  0. 15. 12.  0.  0.  0.  0.  0.  0.  0.  0.  0.  0. 18.  0.  0.
  0.  0.  0.  0.  0.  0.  0.  0.  0.  0.  0. 19.  0.  0.  0.  0.  0.  0.
  0.  0.  0.  0.  0.  0.  0.  0.  0.  0.  0.  0.  0.  0.  0.  0.  0.  0.
  0.  0.  0.  0.  0.  0.  0.  0.  0.  0.  0.  0.  0.  0.  0.  0.  0.  0.
  0.  0.  0.  0.  0.  0.  0.  0.  0.  0.  0.  0.  0.  0.  0.  0.  0.  0.
  0.  0.  0.  0.  0.  0.  0.  0.  0.]