[ 0.  0.  0.  0.  0.  0.  0.  0.  0.  0. 56.  0.  0.  0.  0.  0.  0.  0.
  0.  0.  0.  0.  0. 54. 55.  0.  0.  0.  0.  0.  0.  0. 50.  0.  0.  0.
 52. 32. 53.  0.  0.  0.  0.  0.  0.  0.  0.  0. 51.  0.  0. 31. 25. 33.
 34. 66.  0. 71.  0.  0.  0.  0.  0.  0. 30. 27. 21.  0. 23. 24.  0. 67.
  0.  0.  0.  0.  0.  0.  0. 29. 26. 28. 14.  0. 13. 69. 11. 70.  0.  0.
  0.  0. 57.  0.  0.  0. 22. 17.  8. 72. 10. 68. 73.  0.  0.  0.  0. 58.
 61.  0. 20. 19.  1.  5.  6.  0. 12. 63.  0.  0.  0.  0. 60. 59. 62. 49.
  7.  2.  4.  0.  9.  0.  0.  0.  0.  0.  0.  0. 35. 36.  0. 44. 15. 18.
  3.  0. 65.  0.  0.  0.  0.  0.  0. 42. 40. 43.  0.  0. 16. 47.  0. 64.
 78.  0.  0.  0.  0.  0.  0. 41.  0. 37.  0. 38. 48. 77.  0. 76.  0.  0.
  0.  0.  0.  0.  0.  0.  0. 46. 39. 45. 75. 74.  0.  0.  0.  0.  0.  0.
  0.  0.  0.  0.  0.  0.  0.  0.  0.  0.  0.  0.  0.  0.  0.  0.  0.  0.
  0.  0.  0.  0.  0.  0.  0.  0.  0.]