[ 0.  0.  0.  0.  0.  0.  0.  0.  0.  0.  0.  0.  0.  0.  0.  0.  0.  0.
  0.  0.  0.  0.  0.  0.  0.  0.  0.  0.  0.  0.  0.  0.  0.  0.  0.  0.
  0.  0.  0.  0.  0.  0.  0.  0.  0.  0.  0.  0.  0.  0.  0.  0.  0.  0.
  0.  0.  0.  0.  0.  0.  0.  0.  0.  0. 10.  0. 11. 23. 24. 17.  0.  0.
  0.  0.  0.  0.  0.  0. 29.  0.  9. 14.  4. 18. 19.  0. 28.  0.  0.  0.
  0.  0.  0.  0. 12.  0.  5.  3.  6. 20. 27.  0.  0.  0.  0.  0.  0.  0.
  0.  0. 16. 13.  1. 21. 15. 22.  0.  0.  0.  0.  0.  0.  0.  0.  0. 33.
  0.  2.  7. 35.  0.  0.  0.  0.  0.  0.  0.  0.  0.  0.  0.  0. 25. 34.
  8. 38. 39.  0.  0.  0.  0.  0.  0.  0.  0.  0. 26. 30. 31. 37.  0.  0.
  0.  0.  0.  0.  0.  0.  0.  0.  0.  0.  0. 40. 32. 36.  0.  0.  0.  0.
  0.  0.  0.  0.  0.  0.  0.  0.  0.  0.  0.  0.  0.  0.  0.  0.  0.  0.
  0.  0.  0.  0.  0.  0.  0.  0.  0.  0.  0.  0.  0.  0.  0.  0.  0.  0.
  0.  0.  0.  0.  0.  0.  0.  0.  0.]