[ 0.  0.  0.  0.  0.  0.  0.  0.  0.  0.  0.  0.  0.  0.  0.  0.  0.  0.
  0.  0.  0. 44.  0.  0.  0.  0.  0.  0.  0.  0.  0.  0.  0. 58. 53. 57.
 51. 43. 34.  0. 38.  0.  0.  0.  0.  0.  0.  0. 55. 54. 52. 50. 49. 35.
 45.  0.  0.  0.  0.  0.  0.  0.  0.  0. 47.  0. 26. 29. 28.  0. 36.  0.
 37.  0.  0.  0.  0.  0.  0. 33. 56. 20. 30.  0. 25. 41. 39. 42.  0.  0.
  0.  0.  0. 32.  0. 48. 27. 21.  3. 24. 23. 46.  0.  0.  0.  0.  0.  0.
 31.  0.  7. 10.  1. 16. 40.  0.  0.  0.  0.  0.  0.  0.  0.  0. 22.  5.
  4. 15.  2.  0.  0.  0.  0.  0.  0.  0.  0.  0.  0.  0. 14. 11.  6. 19.
  0.  0.  0.  0.  0.  0.  0.  0.  0.  0.  0. 13.  8. 12.  0.  0.  0.  0.
  0.  0.  0.  0.  0.  0.  0.  0.  9. 18. 17.  0.  0.  0.  0.  0.  0.  0.
  0.  0.  0.  0.  0.  0.  0.  0.  0.  0.  0.  0.  0.  0.  0.  0.  0.  0.
  0.  0.  0.  0.  0.  0.  0.  0.  0.  0.  0.  0.  0.  0.  0.  0.  0.  0.
  0.  0.  0.  0.  0.  0.  0.  0.  0.]