[ 0.  0.  0.  0.  0.  0.  0.  0.  0.  0.  0.  0.  0.  0.  0.  0.  0.  0.
  0.  0.  0.  0.  0.  0.  0.  0.  0.  0.  0.  0.  0.  0.  0.  0.  0.  0.
  0.  0.  0. 27.  0.  0.  0.  0.  0.  0.  0.  0.  0.  0.  0.  0.  0.  0.
  0. 21.  0.  0.  0.  0.  0.  0.  0.  0.  0.  0.  0. 10.  0.  0. 23. 25.
  0.  0.  0.  0.  0.  0.  0.  0. 14.  9.  3. 22.  0. 15.  0.  0.  0.  0.
  0.  0.  0.  0.  0. 13.  6.  7.  4. 26. 24.  0. 28.  0.  0.  0.  0.  0.
  0.  0.  0.  8.  1. 11. 16. 19.  0.  0.  0.  0.  0.  0.  0.  0.  0.  0.
  0.  2.  5. 12. 20.  0.  0.  0.  0.  0.  0.  0.  0.  0.  0.  0.  0. 18.
 17.  0.  0.  0.  0.  0.  0.  0.  0.  0.  0.  0.  0.  0.  0.  0.  0.  0.
  0.  0.  0.  0.  0.  0.  0.  0.  0.  0.  0.  0.  0.  0.  0.  0.  0.  0.
  0.  0.  0.  0.  0.  0.  0.  0.  0.  0.  0.  0.  0.  0.  0.  0.  0.  0.
  0.  0.  0.  0.  0.  0.  0.  0.  0.  0.  0.  0.  0.  0.  0.  0.  0.  0.
  0.  0.  0.  0.  0.  0.  0.  0.  0.]