[ 0.  0.  0.  0.  0.  0.  0.  0.  0.  0.  0.  0.  0.  0.  0.  0.  0.  0.
  0.  0.  0.  0. 55.  0. 57.  0.  0.  0.  0.  0.  0.  0.  0.  0.  0.  0.
 60.  0. 56. 58.  0.  0.  0.  0.  0.  0.  0.  0.  0.  0. 41.  0. 50. 59.
  0.  0.  0.  0.  0.  0.  0.  0. 54.  0.  0. 45. 38. 44.  0. 16.  0.  0.
  0.  0.  0.  0.  0.  0. 49.  0. 48. 42. 24.  9. 23. 13.  0.  0.  0.  0.
  0.  0.  0.  0. 53. 46. 43. 11. 10.  6. 12. 15.  0.  0.  0.  0.  0.  0.
  0. 47. 37.  4.  1.  0.  3.  8. 18.  0.  0.  0.  0.  0.  0.  0.  0.  0.
 51.  2.  0.  5.  0. 17. 30.  0.  0.  0.  0.  0.  0.  0. 36. 35. 52.  7.
 20. 14. 28. 29. 26.  0.  0.  0.  0.  0.  0.  0.  0. 32. 21.  0. 19.  0.
  0.  0. 31.  0.  0.  0.  0.  0.  0.  0.  0. 22. 25.  0.  0.  0.  0.  0.
  0.  0.  0.  0.  0.  0.  0.  0. 27. 33. 34.  0.  0.  0.  0.  0.  0.  0.
  0.  0.  0.  0.  0. 40. 39.  0.  0.  0.  0.  0.  0.  0.  0.  0.  0.  0.
  0.  0.  0.  0.  0.  0.  0.  0.  0.]