[ 0.  0.  0.  0.  0.  0.  0.  0.  0.  0.  0.  0.  0.  0.  0.  0.  0.  0.
  0.  0.  0.  0.  0.  0.  0.  0.  0.  0.  0.  0.  0.  0.  0.  0.  0.  0.
  0.  0.  0.  0.  0.  0.  0.  0.  0.  0.  0.  0.  0.  0.  0.  0.  0.  0.
  0.  0.  0.  0.  0.  0.  0.  0.  0.  0.  0.  0.  0.  0.  0.  0.  0.  0.
  0.  0.  0.  0.  0.  0.  0.  0.  0.  0.  0.  0.  3.  0.  0.  0.  0.  0.
  0.  0.  0.  0.  0.  0.  0.  0.  0.  0.  0.  0.  0.  0.  0.  0.  0.  0.
  0.  0. 21. 23.  1.  0.  6.  0.  0.  0.  0.  0.  0.  0.  0. 19. 11. 10.
  4.  8.  2.  5.  0.  0.  0.  0.  0.  0.  0. 26.  0. 18. 20. 12.  7.  9.
  0.  0.  0.  0.  0.  0.  0.  0.  0. 25.  0. 16. 15. 13.  0.  0.  0.  0.
  0.  0.  0.  0.  0. 22.  0. 17.  0. 14.  0.  0.  0.  0.  0.  0.  0.  0.
  0. 24.  0.  0.  0.  0.  0.  0.  0.  0.  0.  0.  0.  0.  0.  0.  0.  0.
  0.  0.  0.  0.  0.  0.  0.  0.  0.  0.  0.  0.  0.  0.  0.  0.  0.  0.
  0.  0.  0.  0.  0.  0.  0.  0.  0.]