[ 0.  0.  0.  0.  0.  0.  0.  0.  0.  0.  0.  0.  0.  0.  0.  0.  0.  0.
  0.  0.  0.  0. 29. 27.  0.  0.  0.  0.  0.  0.  0.  0.  0.  0.  0.  0.
  0. 26. 30.  0.  0.  0.  0.  0.  0.  0.  0.  0.  0. 21.  0. 18. 28.  0.
  0.  0.  0.  0.  0.  0.  0.  0.  0.  0. 16. 10. 17. 12.  0.  0.  0.  0.
  0.  0.  0.  0.  0.  0.  0. 14. 13.  9.  0. 24.  0.  0.  0.  0.  0.  0.
  0.  0.  0. 19. 20. 11. 15.  3.  4. 25.  0.  0.  0.  0.  0.  0.  0.  0.
  0.  0.  0.  6.  1.  5.  0.  0.  0.  0.  0.  0.  0.  0.  0.  0.  0.  0.
  0.  2.  0.  7.  0.  0.  0.  0.  0.  0.  0.  0.  0.  0.  0.  0. 23.  0.
 22.  8.  0.  0.  0.  0.  0.  0.  0.  0.  0.  0.  0.  0.  0.  0.  0.  0.
  0.  0.  0.  0.  0.  0.  0.  0.  0.  0.  0.  0.  0.  0.  0.  0.  0.  0.
  0.  0.  0.  0.  0.  0.  0.  0.  0.  0.  0.  0.  0.  0.  0.  0.  0.  0.
  0.  0.  0.  0.  0.  0.  0.  0.  0.  0.  0.  0.  0.  0.  0.  0.  0.  0.
  0.  0.  0.  0.  0.  0.  0.  0.  0.]