[ 0.  0.  0.  0.  0.  0.  0.  0.  0.  0.  0.  0.  0.  0.  0.  0.  0.  0.
  0.  0.  0.  0.  0.  0.  0.  0.  0.  0.  0.  0.  0.  0.  0.  0.  0.  0.
  0.  0.  0.  0.  0.  0.  0.  0.  0.  0.  0.  0.  0.  0.  0.  0.  0.  0.
  0.  0.  0.  0.  0.  0.  0.  0.  0.  0.  0.  0.  0.  0.  0.  0.  0.  0.
  0.  0.  0.  0.  0.  0.  0.  0.  0.  0.  0.  3.  0.  0.  0.  0.  0.  0.
  0.  0.  0.  0.  0.  0.  0.  0.  0.  0.  0.  0.  0.  0.  0.  0.  0.  0.
  0.  0.  0.  0.  1.  5.  6.  0.  0.  0.  0.  0.  0.  0.  0.  0.  0.  0.
  0.  0.  2.  7.  0.  0.  0.  0.  0.  0.  0.  0.  0.  0.  0.  0.  8.  4.
 11. 10.  0.  0.  0.  0.  0.  0.  0.  0.  0.  0.  9.  0.  0. 14. 19.  0.
  0.  0.  0.  0.  0.  0.  0.  0.  0.  0.  0. 12. 20. 16.  0.  0.  0.  0.
  0.  0.  0.  0.  0.  0.  0. 15. 13.  0. 18. 17.  0.  0.  0.  0.  0.  0.
  0.  0.  0.  0.  0.  0.  0.  0.  0.  0.  0.  0.  0.  0.  0.  0.  0.  0.
  0.  0.  0.  0.  0.  0.  0.  0.  0.]