[ 0.  0.  0.  0.  0.  0.  0.  0.  0.  0.  0.  0.  0.  0.  0.  0.  0.  0.
  0.  0.  0.  0.  0.  0.  0.  0.  0.  0.  0.  0.  0.  0.  0.  0.  0.  0.
  0.  0.  0.  0.  0.  0.  0.  0.  0.  0.  0.  0.  0. 61. 60.  0.  0. 53.
 66.  0.  0.  0.  0.  0.  0.  0.  0. 62.  0. 51.  0. 40.  0.  0. 65.  0.
  0.  0.  0.  0.  0.  0. 55. 54.  0. 52. 39. 14.  0. 64. 67.  0.  0.  0.
  0.  0. 56. 57.  0.  0.  4. 13. 12. 41.  0.  0. 68.  0.  0.  0.  0.  0.
 58. 59.  6.  3.  1. 11.  0. 42.  0. 63.  0.  0.  0.  0.  0.  0.  7.  0.
 20.  2.  0. 17. 43. 46.  0.  0.  0.  0.  0. 34.  0. 16.  5. 10.  9.  0.
 44. 18. 45.  0.  0.  0.  0.  0. 25. 26. 15. 33.  8.  0. 78.  0. 71. 80.
 73.  0.  0. 50. 49. 31. 19. 37. 22. 21. 76. 75. 69.  0. 70.  0. 74.  0.
  0.  0. 23. 29. 27. 30. 79.  0. 72.  0.  0.  0.  0.  0.  0.  0. 24. 35.
  0. 48. 28.  0.  0. 77.  0.  0.  0.  0.  0.  0.  0. 38. 36.  0. 47. 32.
  0.  0.  0.  0.  0.  0.  0.  0.  0.]