[ 0.  0.  0.  0.  0.  0.  0.  0.  0.  0.  0.  0.  0.  0.  0.  0.  0.  0.
  0.  0.  0.  0.  0.  0.  0.  0.  0.  0.  0.  0.  0.  0.  0.  0.  0.  0.
  0.  0.  0.  0.  0.  0.  0.  0.  0.  0.  0.  0.  0.  0.  0.  0.  0.  0.
  0.  0.  0.  0.  0.  0.  0.  0.  0.  0.  0.  0.  0.  0.  0.  0.  0.  0.
  0.  0.  0.  0.  0.  0.  0.  0.  0.  0.  0.  0.  0.  0.  0.  0.  0.  0.
  0.  0.  0.  0. 22. 16. 18. 21.  6.  0.  9.  0.  0.  0.  0.  0.  0.  0.
  0. 20. 19. 17.  1.  7.  8.  0. 24.  0.  0.  0.  0.  0.  0.  0.  0.  0.
  5.  2.  4.  0. 10. 13.  0.  0.  0.  0.  0.  0.  0.  0.  0.  0.  0. 14.
  3. 25. 11.  0.  0.  0.  0.  0.  0.  0.  0.  0.  0.  0.  0. 12.  0. 23.
  0.  0.  0.  0.  0.  0.  0.  0.  0.  0.  0.  0.  0. 15.  0.  0.  0.  0.
  0.  0.  0.  0.  0.  0.  0.  0.  0.  0.  0.  0.  0.  0.  0.  0.  0.  0.
  0.  0.  0.  0.  0.  0.  0.  0.  0.  0.  0.  0.  0.  0.  0.  0.  0.  0.
  0.  0.  0.  0.  0.  0.  0.  0.  0.]