[ 0.  0.  0.  0.  0.  0.  0.  0.  0.  0.  0.  0.  0.  0.  0.  0.  0.  0.
  0.  0.  0.  0.  0.  0.  0.  0.  0.  0.  0.  0.  0.  0.  0.  0.  0.  0.
  0.  0. 30. 49. 46.  0.  0.  0.  0.  0.  0.  0.  0. 84. 81. 83. 29.  0.
 42.  0.  0.  0.  0.  0.  0.  0.  0. 85.  0. 16. 27.  0. 47.  0. 43. 41.
 48.  0.  0.  0.  0.  0.  0. 76. 15. 26. 82. 45. 44. 40.  0. 51.  0. 55.
  0.  0.  0. 28.  0. 11.  6. 37.  3. 22.  0. 53.  0. 52.  0.  0.  0.  0.
 38. 25. 13. 10.  1. 36.  9. 35.  0. 50.  0.  0.  0. 79. 80. 39. 77. 23.
  4.  2.  5. 56. 18. 54.  0. 57.  0.  0.  0. 72. 73.  0. 24.  7. 12.  8.
 19. 34. 69.  0.  0.  0.  0.  0. 71. 70. 58.  0. 61. 32. 14. 17.  0. 66.
  0.  0.  0.  0. 78.  0. 64. 74. 75. 62.  0. 31. 20.  0. 68. 67.  0.  0.
  0.  0. 65.  0.  0. 63.  0. 33.  0.  0. 21.  0.  0.  0.  0.  0.  0.  0.
  0.  0.  0. 59.  0.  0.  0.  0.  0.  0.  0.  0.  0.  0.  0.  0.  0. 60.
  0.  0.  0.  0.  0.  0.  0.  0.  0.]