[ 0.  0.  0.  0.  0.  0.  0.  0.  0.  0.  0.  0.  0.  0.  0.  0.  0.  0.
  0.  0.  0.  0.  0.  0.  0.  0.  0.  0.  0.  0.  0.  0.  0.  0.  0.  0.
  0.  0. 50.  0.  0.  0.  0.  0.  0.  0.  0.  0.  0. 51.  0.  0. 49.  0.
  0.  0.  0.  0.  0.  0.  0.  0.  0.  0.  0. 46. 47.  0.  0.  0.  0.  0.
  0.  0.  0.  0.  0.  0.  0.  0. 45. 48.  0. 15. 41. 44.  0.  0.  0.  0.
  0.  0.  0.  0.  0.  5. 10.  0. 14. 42. 43.  0.  0.  0.  0.  0.  0.  0.
  0.  0.  0.  4.  1.  0.  3.  0. 38.  0.  0.  0.  0.  0.  0.  0. 31.  6.
 11.  2.  7. 35. 39.  0. 40.  0.  0.  0.  0.  0. 24.  8. 13. 19. 12. 20.
 36. 34. 37.  0.  0.  0.  0.  0.  0.  9. 16. 27. 32. 18.  0. 23.  0.  0.
  0.  0.  0.  0.  0.  0.  0. 17. 28. 26. 25.  0.  0.  0.  0.  0.  0.  0.
  0.  0.  0.  0. 30. 21. 29.  0.  0.  0.  0.  0.  0.  0.  0.  0.  0.  0.
 33.  0.  0. 22.  0.  0.  0.  0.  0.  0.  0.  0.  0.  0.  0.  0.  0.  0.
  0.  0.  0.  0.  0.  0.  0.  0.  0.]