[ 0.  0.  0.  0.  0.  0.  0.  0.  0.  0.  0.  0.  0.  0.  0.  0.  0.  0.
  0.  0.  0.  0.  0.  0.  0.  0.  0.  0.  0.  0.  0.  0.  0.  0.  0.  0.
 69.  0.  0.  0.  0.  0.  0.  0.  0.  0.  0.  0.  0.  0. 67. 64.  0. 58.
 63.  0.  0.  0.  0.  0.  0.  0.  0.  0.  0.  0. 68. 65.  0. 61. 62.  0.
  0.  0.  0.  0.  0.  0. 70.  0. 66.  0.  0.  0.  0.  0.  0.  0.  0.  0.
  0.  0.  0. 71. 57.  0. 56. 22. 11. 20.  0.  0.  0.  0.  0.  0.  0. 49.
 52. 42. 55. 19.  1. 21.  8. 15.  0.  0.  0.  0.  0. 26. 50.  0. 51. 13.
 10.  2.  4.  7.  6.  0.  0.  0.  0.  0.  0. 25. 60. 24. 53. 12.  9. 30.
  3. 14.  0.  0.  0.  0.  0. 48. 41. 23. 47. 16.  0. 29.  5. 35. 36.  0.
  0.  0.  0.  0. 59. 43. 28. 17.  0. 27.  0. 18. 37.  0.  0.  0.  0.  0.
  0.  0. 44.  0.  0. 31. 33. 34.  0. 38. 39.  0.  0.  0.  0.  0.  0.  0.
  0. 45.  0. 32. 54.  0.  0.  0. 40.  0.  0.  0.  0.  0.  0. 46.  0.  0.
  0.  0.  0.  0.  0.  0.  0.  0.  0.]