[ 0.  0.  0.  0.  0.  0.  0.  0.  0.  0.  0.  0.  0.  0.  0.  0.  0.  0.
  0.  0.  0.  0. 48.  0.  0.  0.  0.  0.  0.  0.  0.  0.  0.  0.  0.  0.
 52. 21.  0.  0.  0.  0.  0.  0.  0.  0.  0.  0.  0.  0. 46. 47. 20. 22.
 38. 41.  0.  0.  0.  0.  0.  0.  0.  0. 53.  0. 51. 16. 19.  0. 36.  0.
  0.  0.  0.  0.  0.  0.  0.  0.  0. 13. 18. 17.  3. 37. 39. 40.  0.  0.
  0.  0. 32. 31. 25. 15. 69. 14.  0.  8. 49.  0.  0.  0.  0.  0.  0. 29.
 26. 24. 28. 10.  1.  9.  5. 12. 71.  0.  0.  0.  0.  0.  0. 67. 68. 11.
  4.  6.  2.  7. 73.  0. 72.  0.  0.  0.  0.  0. 30. 57. 27. 23. 60. 59.
 74. 75. 50.  0.  0.  0.  0.  0.  0. 64. 65. 56. 62. 42. 63. 34. 45. 77.
  0.  0.  0.  0.  0.  0. 66.  0. 55. 54. 61. 35. 33. 43. 44.  0.  0.  0.
  0.  0.  0.  0.  0.  0. 70. 58.  0.  0. 76.  0.  0.  0.  0.  0.  0.  0.
  0.  0.  0.  0.  0.  0.  0.  0.  0.  0.  0.  0.  0.  0.  0.  0.  0.  0.
  0.  0.  0.  0.  0.  0.  0.  0.  0.]