[ 0.  0.  0.  0.  0.  0.  0.  0.  0.  0.  0.  0.  0.  0.  0.  0.  0.  0.
  0.  0.  0.  0.  0.  0.  0.  0.  0.  0.  0.  0.  0.  0.  0.  0.  0.  0.
  0.  0.  0.  0.  0.  0.  0.  0.  0.  0.  0.  0.  0.  0.  0.  0.  0.  0.
  0. 20.  0.  0.  0.  0.  0.  0.  0.  0.  0.  0.  0.  0.  0.  0. 21. 15.
  0.  0.  0.  0.  0.  0.  0.  0.  0.  0.  0. 22.  0. 12.  0.  0.  0.  0.
  0.  0.  0.  0.  0.  0.  0.  3.  0.  6.  8. 16. 17.  0.  0.  0.  0.  0.
  0.  0.  0.  0.  1. 14. 11. 18.  0.  0.  0.  0.  0.  0.  0.  0.  0.  0.
  0.  4.  2.  7. 19.  0.  0.  0.  0.  0.  0.  0.  0.  0.  0.  9. 10.  5.
  0. 13.  0.  0.  0.  0.  0.  0.  0.  0.  0.  0.  0.  0.  0.  0.  0.  0.
  0.  0.  0.  0.  0.  0.  0.  0.  0.  0.  0.  0.  0.  0.  0.  0.  0.  0.
  0.  0.  0.  0.  0.  0.  0.  0.  0.  0.  0.  0.  0.  0.  0.  0.  0.  0.
  0.  0.  0.  0.  0.  0.  0.  0.  0.  0.  0.  0.  0.  0.  0.  0.  0.  0.
  0.  0.  0.  0.  0.  0.  0.  0.  0.]