[ 0.  0.  0.  0.  0.  0.  0.  0.  0.  0.  0.  0.  0.  0.  0.  0.  0.  0.
  0.  0.  0.  0.  0.  0.  0.  0.  0.  0.  0.  0.  0.  0.  0.  0.  0.  0.
  0.  0.  0.  0.  0.  0.  0.  0.  0.  0.  0.  0.  0.  0.  0.  0.  0.  0.
  0.  0.  0.  0.  0.  0.  0.  0.  0.  0.  0.  0.  0.  0.  0.  0.  0.  0.
  0.  0.  0.  0.  0.  0.  0.  0.  0. 13. 16. 15.  3.  0.  0.  0.  0.  0.
  0.  0.  0.  0.  0.  0.  0. 14. 17.  8.  0.  0.  0.  0.  0.  0.  0.  0.
  0.  0.  0. 10.  1.  9.  5. 12.  0.  0.  0.  0.  0.  0.  0.  0. 21. 20.
  4.  6.  2.  7.  0.  0.  0.  0.  0.  0.  0.  0.  0. 26. 22. 18. 23. 11.
  0.  0.  0.  0.  0.  0.  0.  0.  0. 27.  0. 24. 19.  0.  0.  0.  0.  0.
  0.  0.  0.  0.  0.  0.  0.  0. 25. 28.  0.  0.  0.  0.  0.  0.  0.  0.
  0.  0.  0.  0.  0.  0.  0.  0.  0.  0.  0.  0.  0.  0.  0.  0.  0.  0.
  0.  0.  0.  0.  0.  0.  0.  0.  0.  0.  0.  0.  0.  0.  0.  0.  0.  0.
  0.  0.  0.  0.  0.  0.  0.  0.  0.]