[ 0.  0.  0.  0.  0.  0.  0.  0.  0.  0.  0.  0.  0.  0.  0.  0.  0.  0.
  0.  0.  0.  0.  0.  0.  0.  0.  0.  0.  0.  0.  0.  0.  0.  0.  0.  0.
  0.  0.  0.  0.  0.  0. 37.  0.  0.  0.  0.  0.  0.  0.  0.  0.  0.  0.
  0. 38. 36.  0. 34.  0.  0.  0.  0.  0.  0.  0.  0.  0.  0.  0. 24. 22.
 33.  0.  0.  0.  0.  0.  0.  0.  0.  0.  0. 18. 12. 21. 31.  0.  0.  0.
  0.  0.  0.  0.  0.  0.  0. 32.  4. 11. 23. 30.  0.  0.  0.  0.  0.  0.
  0.  0.  0.  6.  1.  5.  3.  9. 10.  0.  0.  0.  0.  0.  0.  0.  0. 35.
  0. 13.  2.  7. 19. 17. 20.  0.  0.  0.  0.  0.  0.  0.  0. 14. 15. 29.
 28.  8.  0. 25.  0.  0.  0.  0.  0.  0.  0.  0.  0. 16.  0. 27.  0.  0.
  0. 26.  0.  0.  0.  0.  0.  0.  0.  0.  0.  0.  0.  0.  0.  0.  0.  0.
  0.  0.  0.  0.  0.  0.  0.  0.  0.  0.  0.  0.  0.  0.  0.  0.  0.  0.
  0.  0.  0.  0.  0.  0.  0.  0.  0.  0.  0.  0.  0.  0.  0.  0.  0.  0.
  0.  0.  0.  0.  0.  0.  0.  0.  0.]