[ 0.  0.  0.  0.  0.  0.  0.  0.  0.  0.  0.  0.  0.  0.  0.  0.  0.  0.
  0.  0.  0.  0.  0.  0.  0.  0.  0.  0.  0.  0.  0.  0.  0.  0.  0.  0.
  0. 22.  0.  0.  0.  0.  0.  0.  0.  0.  0.  0.  0.  0. 28. 27. 19. 23.
  0. 45.  0.  0.  0.  0.  0.  0.  0.  0.  0.  0. 16. 21. 20.  0. 14.  0.
  0.  0.  0.  0.  0.  0.  0.  0.  0. 24. 15. 17. 11. 18.  0. 43.  0.  0.
  0.  0.  0.  0.  0.  0.  0.  6. 13. 12.  0. 44.  0. 41.  0.  0.  0.  0.
  0.  0.  0.  4.  1.  3.  9.  7. 10. 42. 39.  0.  0.  0.  0.  0.  0.  0.
 25.  0.  2.  5. 31. 35. 38.  0.  0.  0.  0.  0.  0.  0. 26.  0.  0.  8.
 30. 33. 32.  0.  0.  0.  0.  0.  0.  0.  0.  0.  0.  0.  0. 29. 34.  0.
  0.  0.  0.  0.  0.  0.  0.  0.  0.  0.  0. 36.  0.  0.  0. 40.  0.  0.
  0.  0.  0.  0.  0.  0.  0.  0. 37.  0.  0.  0.  0.  0.  0.  0.  0.  0.
  0.  0.  0.  0.  0.  0.  0.  0.  0.  0.  0.  0.  0.  0.  0.  0.  0.  0.
  0.  0.  0.  0.  0.  0.  0.  0.  0.]