[ 0.  0.  0.  0.  0.  0.  0.  0.  0.  0.  0.  0.  0.  0.  0.  0.  0.  0.
  0.  0.  0.  0.  0.  0.  0.  0.  0.  0.  0.  0.  0.  0.  0.  0.  0.  0.
  0.  0.  0.  0.  0.  0.  0.  0.  0.  0.  0.  0.  0.  0. 22. 25.  0.  0.
  0.  0.  0.  0.  0.  0.  0.  0.  0.  0.  0. 19. 20.  0. 23.  0.  0.  0.
  0.  0.  0.  0.  0.  0.  0.  0. 21. 16. 17.  0.  0.  0.  0.  0.  0.  0.
  0.  0.  0.  0. 18. 13. 24. 15.  6.  0. 35.  0.  0.  0.  0.  0.  0.  0.
  0.  0. 11. 12.  1.  7.  8.  0. 36.  0.  0.  0.  0.  0.  0. 48.  0. 14.
  5.  2.  4.  0. 34.  0.  0.  0.  0.  0.  0.  0. 46. 38. 30. 29.  9. 27.
  3. 28. 37.  0.  0.  0.  0.  0.  0. 50.  0. 32. 33. 26. 10. 31. 43.  0.
  0.  0.  0.  0.  0. 51. 49. 52. 47. 39.  0.  0. 41.  0.  0.  0.  0.  0.
  0.  0.  0.  0. 53.  0. 40. 45. 44. 42.  0.  0.  0.  0.  0.  0.  0.  0.
 54.  0.  0.  0.  0.  0.  0.  0.  0.  0.  0.  0.  0.  0.  0.  0.  0.  0.
  0.  0.  0.  0.  0.  0.  0.  0.  0.]