[ 0.  0.  0.  0.  0.  0.  0.  0.  0.  0.  0.  0.  0.  0.  0.  0.  0.  0.
  0.  0.  0.  0.  0.  0.  0.  0.  0.  0.  0.  0.  0.  0.  0.  0.  0.  0.
  0.  0.  0.  0.  0.  0.  0.  0.  0.  0.  0.  0.  0. 28.  0. 29. 20.  0.
  0.  0.  0.  0.  0.  0.  0.  0.  0.  0. 26. 25. 19. 21. 13. 22.  0.  0.
  0.  0.  0.  0.  0.  0.  0.  0.  0. 27. 12.  0.  0.  0.  0.  0.  0.  0.
  0. 24. 23.  0.  9.  7. 10.  3.  0.  0.  0.  0.  0.  0.  0.  0.  0. 17.
 16. 18.  8.  6.  1.  0.  0.  0.  0.  0.  0.  0.  0.  0.  0.  0. 15.  5.
  4.  2.  0.  0.  0.  0.  0.  0.  0.  0.  0.  0. 14.  0.  0. 11.  0.  0.
  0.  0.  0.  0.  0.  0.  0.  0.  0.  0.  0.  0.  0.  0.  0.  0.  0.  0.
  0.  0.  0.  0.  0.  0.  0.  0.  0.  0.  0.  0.  0.  0.  0.  0.  0.  0.
  0.  0.  0.  0.  0.  0.  0.  0.  0.  0.  0.  0.  0.  0.  0.  0.  0.  0.
  0.  0.  0.  0.  0.  0.  0.  0.  0.  0.  0.  0.  0.  0.  0.  0.  0.  0.
  0.  0.  0.  0.  0.  0.  0.  0.  0.]