[ 0.  0.  0.  0.  0.  0.  0.  0.  0.  0.  0.  0.  0.  0.  0.  0.  0.  0.
  0.  0.  0.  0.  0.  0.  0.  0.  0.  0.  0.  0.  0.  0.  0.  0.  0.  0.
  0.  0.  0.  0.  0.  0.  0.  0.  0.  0.  0. 38. 37.  0. 35.  0. 16.  0.
  0.  0.  0.  0.  0.  0.  0.  0.  0.  0. 32.  0.  0. 15.  0.  0.  0.  0.
  0.  0.  0.  0.  0. 33. 34. 27.  0.  0.  0. 14.  0.  0.  0.  0.  0.  0.
  0.  0. 31. 28. 29. 10.  6. 13.  3.  0.  0.  0.  0.  0.  0.  0.  0.  0.
 24. 23.  9. 11.  1. 12. 49.  0.  0.  0.  0.  0.  0.  0.  0. 25. 30.  0.
  2.  4.  5. 52. 46.  0. 43.  0.  0.  0.  0. 21. 22. 17.  0.  7.  8.  0.
 45. 44. 42.  0.  0.  0.  0.  0.  0. 18.  0. 26.  0. 19. 41. 51. 40. 50.
 48.  0. 54.  0.  0.  0.  0.  0.  0.  0. 39. 20. 36. 47.  0. 53.  0.  0.
  0.  0.  0.  0.  0.  0.  0.  0.  0.  0.  0.  0.  0.  0.  0.  0.  0.  0.
  0.  0.  0.  0.  0.  0.  0.  0.  0.  0.  0.  0.  0.  0.  0.  0.  0.  0.
  0.  0.  0.  0.  0.  0.  0.  0.  0.]