[ 0.  0.  0.  0.  0.  0.  0.  0.  0.  0.  0.  0.  0.  0.  0.  0.  0.  0.
  0.  0.  0.  0.  0.  0.  0.  0.  0.  0.  0.  0.  0.  0.  0.  0.  0.  0.
  0.  0.  0.  0.  0.  0.  0.  0.  0.  0.  0.  0.  0.  0.  0.  0.  0.  0.
  0.  0.  0.  0.  0.  0.  0.  0.  0.  0.  0.  0.  0.  0.  0.  0.  0.  0.
  0.  0.  0.  0.  0.  0.  0.  0.  0. 19. 12. 18.  6.  0.  0.  0.  0.  0.
  0.  0.  0.  0.  0. 13. 14. 11.  5.  0.  0.  0.  0.  0.  0.  0.  0.  0.
  0.  0.  0. 15.  1.  4.  0.  0.  0.  0.  0.  0.  0.  0.  0.  0. 22. 17.
  0.  9.  2.  3.  0.  0.  0.  0.  0.  0.  0.  0.  0.  0.  0.  8.  7. 16.
  0.  0.  0.  0.  0.  0.  0.  0.  0.  0.  0.  0.  0. 10. 21.  0.  0.  0.
  0.  0.  0.  0.  0.  0.  0.  0.  0.  0.  0. 20.  0.  0.  0.  0.  0.  0.
  0.  0.  0.  0.  0.  0.  0.  0.  0.  0.  0.  0.  0.  0.  0.  0.  0.  0.
  0.  0.  0.  0.  0.  0.  0.  0.  0.  0.  0.  0.  0.  0.  0.  0.  0.  0.
  0.  0.  0.  0.  0.  0.  0.  0.  0.]