[ 0.  0.  0.  0.  0.  0.  0.  0.  0.  0.  0.  0.  0.  0.  0.  0.  0.  0.
  0.  0.  0.  0.  0.  0.  0.  0.  0.  0.  0.  0.  0.  0.  0.  0.  0.  0.
  0.  0.  0.  0.  0.  0.  0.  0.  0.  0.  0.  0.  0.  0.  0.  0.  0.  0.
  0.  0.  0.  0.  0.  0.  0.  0.  0.  0.  0.  0.  0.  0.  0.  0.  0.  0.
  0.  0.  0.  0.  0.  0.  0.  0.  0.  0.  0.  0.  0.  0.  0.  0.  0.  0.
  0.  0.  0.  0.  0.  0.  0.  0.  0.  0.  0.  0.  0.  0.  0.  0.  0.  0.
  0.  0.  0.  0.  0.  0.  0.  0.  0.  0.  0.  0.  0.  0.  0.  0.  0.  0.
 17. 33.  0.  0.  0.  0.  0.  0.  0.  0.  0.  0.  5. 12.  7. 20.  0.  0.
  0. 32.  0.  0.  0.  0.  0. 11. 10.  4.  6.  8.  9. 28.  0. 31.  0.  0.
  0.  0.  0.  0.  0.  3.  2.  1. 30. 15. 13. 29.  0.  0.  0.  0.  0.  0.
  0.  0. 25. 24. 18. 22. 16. 23. 14.  0.  0.  0.  0.  0.  0.  0.  0.  0.
 26. 21. 19.  0.  0.  0.  0.  0.  0.  0.  0.  0.  0.  0.  0. 27.  0.  0.
  0.  0.  0.  0.  0.  0.  0.  0.  0.]