[ 0.  0.  0.  0.  0.  0.  0.  0.  0.  0.  0.  0.  0.  0.  0.  0.  0.  0.
  0.  0.  0.  0. 48. 47.  0. 43. 41.  0.  0.  0.  0.  0.  0.  0.  0.  0.
  0. 44. 49.  0. 40.  0.  0.  0.  0.  0.  0.  0.  0.  0. 54.  0. 53. 37.
 38. 42. 31.  0.  0.  0.  0.  0.  0.  0.  0.  0.  0. 52. 36. 25. 30. 26.
  0.  0.  0.  0.  0.  0.  0.  0.  0. 35. 32. 34. 28. 24. 29.  0.  0.  0.
  0.  0.  0.  0.  0. 23. 39.  0. 50. 33.  9. 16.  0.  0.  0.  0.  0.  0.
  0.  0. 20.  0.  1. 51.  8. 11. 27. 46.  0.  0.  0.  0.  0.  0. 15.  6.
 14.  2.  4.  7.  5.  0. 45.  0.  0.  0.  0.  0.  0.  0. 22. 17. 21. 13.
  3. 12.  0.  0.  0.  0.  0.  0.  0.  0.  0.  0. 19. 18. 10.  0.  0.  0.
  0.  0.  0.  0.  0.  0.  0.  0.  0.  0.  0.  0.  0.  0.  0.  0.  0.  0.
  0.  0.  0.  0.  0.  0.  0.  0.  0.  0.  0.  0.  0.  0.  0.  0.  0.  0.
  0.  0.  0.  0.  0.  0.  0.  0.  0.  0.  0.  0.  0.  0.  0.  0.  0.  0.
  0.  0.  0.  0.  0.  0.  0.  0.  0.]