[ 0.  0.  0.  0.  0.  0.  0.  0.  0.  0.  0.  0.  0.  0.  0.  0.  0.  0.
  0.  0.  0.  0.  0.  0.  0.  0.  0.  0.  0.  0.  0.  0.  0.  0.  0.  0.
  0.  0.  0.  0.  0.  0.  0.  0.  0.  0.  0.  0.  0.  0.  0.  0.  0.  0.
  0.  0.  0.  0.  0.  0.  0.  0.  0.  0.  0.  0.  0.  0.  0.  0.  0.  0.
  0.  0.  0.  0.  0.  0.  0.  0.  0.  0.  5.  0. 14.  0.  0.  0.  0.  0.
  0.  0.  0.  0.  0.  0.  0. 12.  6. 13. 20.  0.  0.  0.  0.  0.  0.  0.
  0.  0.  0.  4.  1.  7.  3.  9. 10.  0. 26.  0.  0.  0.  0.  0.  0.  0.
 28.  8.  2. 11. 19. 33. 21. 34.  0.  0.  0.  0.  0.  0.  0.  0.  0. 15.
  0. 17. 25. 22.  0.  0.  0.  0.  0.  0.  0.  0.  0. 16.  0. 18. 23. 31.
 29.  0.  0.  0.  0.  0.  0.  0.  0.  0.  0.  0.  0. 24. 35. 32. 30.  0.
  0.  0.  0.  0.  0.  0.  0.  0.  0.  0. 27.  0.  0.  0.  0.  0.  0.  0.
  0.  0.  0.  0.  0.  0.  0.  0.  0.  0.  0.  0.  0.  0.  0.  0.  0.  0.
  0.  0.  0.  0.  0.  0.  0.  0.  0.]