[ 0.  0.  0.  0.  0.  0.  0.  0.  0.  0.  0.  0.  0.  0.  0.  0.  0.  0.
  0.  0.  0.  0. 40.  0.  0.  0.  0.  0.  0.  0.  0.  0.  0.  0.  0.  0.
 38. 39.  0.  0.  0.  0.  0.  0.  0.  0.  0.  0.  0.  0.  0.  0. 37. 42.
 30.  0.  0.  0.  0.  0.  0.  0.  0.  0.  0.  0. 16. 21. 29. 19. 26.  0.
  0.  0.  0.  0.  0.  0.  0.  0.  0.  6.  5. 18.  3. 41. 31.  0. 45.  0.
  0.  0.  0.  0.  0.  0. 17. 10. 15. 14. 27. 33. 35. 43. 44.  0.  0.  0.
  0.  0.  0. 12.  1. 11.  7. 20. 28. 34.  0.  0.  0.  0.  0.  0.  0.  0.
  4.  9.  2.  8. 24. 22. 25.  0.  0.  0.  0.  0.  0.  0.  0. 13.  0. 32.
  0.  0.  0. 23.  0.  0.  0.  0.  0.  0.  0.  0.  0.  0. 36.  0.  0.  0.
  0.  0.  0.  0.  0.  0.  0.  0.  0.  0.  0.  0.  0.  0.  0.  0.  0.  0.
  0.  0.  0.  0.  0.  0.  0.  0.  0.  0.  0.  0.  0.  0.  0.  0.  0.  0.
  0.  0.  0.  0.  0.  0.  0.  0.  0.  0.  0.  0.  0.  0.  0.  0.  0.  0.
  0.  0.  0.  0.  0.  0.  0.  0.  0.]