[ 0.  0.  0.  0.  0.  0.  0.  0.  0.  0.  0.  0.  0.  0.  0.  0.  0.  0.
  0.  0.  0.  0.  0.  0.  0.  0.  0.  0.  0.  0.  0.  0.  0.  0.  0.  0.
  0.  0.  0. 49.  0.  0.  0.  0.  0.  0.  0.  0.  0. 31. 32. 27.  0.  0.
  0. 45.  0.  0.  0.  0.  0.  0.  0.  0.  0. 29. 24. 28.  0.  0. 33. 43.
 44.  0.  0.  0.  0.  0. 21. 30.  0.  0. 23. 26.  0. 25. 46.  0.  0.  0.
  0.  0. 22.  0.  0.  0.  8.  3.  5. 12. 34. 35.  0.  0.  0.  0.  0.  0.
 13.  0. 16.  9.  1. 14. 47. 36. 38. 39.  0.  0.  0.  0.  0.  0. 11. 10.
  6.  4.  2.  7. 48. 37.  0. 40.  0.  0.  0.  0.  0. 20. 17. 15. 19.  0.
  0.  0.  0.  0.  0.  0.  0.  0.  0.  0.  0.  0. 18.  0. 50. 41.  0.  0.
  0.  0.  0.  0.  0.  0.  0.  0.  0.  0.  0. 42.  0.  0.  0.  0.  0.  0.
  0.  0.  0.  0.  0.  0.  0.  0.  0.  0.  0.  0.  0.  0.  0.  0.  0.  0.
  0.  0.  0.  0.  0.  0.  0.  0.  0.  0.  0.  0.  0.  0.  0.  0.  0.  0.
  0.  0.  0.  0.  0.  0.  0.  0.  0.]