[ 0.  0.  0.  0.  0.  0.  0.  0.  0.  0.  0.  0.  0.  0.  0.  0.  0.  0.
  0.  0.  0.  0.  0.  0.  0.  0.  0.  0.  0.  0.  0.  0.  0.  0.  0.  0.
  0.  0.  0.  0.  0.  0.  0.  0.  0.  0.  0.  0.  0.  0.  0.  0. 16.  0.
  0.  0.  0.  0.  0.  0.  0.  0.  0.  0.  0.  0.  0.  0. 15.  0. 14.  0.
  0.  0.  0.  0.  0.  0.  0.  0.  0.  0.  9. 19. 13. 20.  0.  0.  0.  0.
  0.  0.  0.  0.  0.  7.  4.  2. 22. 10. 11.  0.  0.  0.  0.  0.  0.  0.
  0.  0.  6.  5.  1. 21. 12.  0. 18.  0.  0.  0.  0.  0.  0.  0.  0.  0.
  0.  8.  3.  0. 32. 31.  0.  0.  0.  0.  0.  0.  0.  0.  0.  0.  0. 26.
 17.  0. 30.  0.  0.  0.  0.  0.  0.  0.  0.  0.  0. 40. 25. 27. 23. 28.
 33.  0.  0.  0.  0.  0.  0.  0.  0. 38. 37. 35. 29.  0. 24.  0.  0.  0.
  0.  0.  0.  0.  0.  0.  0. 36. 39. 34.  0.  0.  0.  0.  0.  0.  0.  0.
  0.  0. 45.  0. 43. 41.  0.  0.  0.  0.  0.  0.  0.  0.  0.  0.  0.  0.
 44.  0. 42.  0.  0.  0.  0.  0.  0.]