[ 0.  0.  0.  0.  0.  0.  0.  0.  0.  0.  0.  0.  0.  0.  0.  0.  0.  0.
  0.  0.  0.  0.  0.  0.  0.  0.  0.  0.  0.  0.  0.  0.  0.  0. 34.  0.
 39. 41.  0.  0.  0.  0.  0.  0.  0.  0.  0.  0.  0.  0. 33. 22. 40. 42.
  0.  0.  0.  0.  0.  0.  0.  0.  0.  0.  0.  0. 21. 36. 35.  0.  0.  0.
  0.  0.  0.  0.  0.  0.  0. 15. 20. 11. 38. 37.  0.  0.  0.  0.  0.  0.
  0.  0.  0. 44. 16. 14. 17. 12.  0.  0.  0.  0.  0.  0.  0.  0.  0. 28.
 27. 13.  0. 18.  1.  9.  6.  0.  0.  0.  0.  0.  0.  0.  0. 43. 26. 19.
  0.  2.  4.  5.  0.  0.  0.  0.  0.  0.  0. 47. 25. 45.  0.  8.  7.  0.
  3. 10.  0.  0.  0.  0.  0.  0.  0.  0.  0. 29.  0. 32.  0. 23.  0.  0.
  0.  0.  0.  0.  0.  0.  0.  0. 30. 31.  0.  0. 24.  0.  0.  0.  0.  0.
  0.  0.  0.  0.  0.  0.  0. 46.  0.  0.  0.  0.  0.  0.  0.  0.  0.  0.
  0.  0.  0.  0.  0.  0.  0.  0.  0.  0.  0.  0.  0.  0.  0.  0.  0.  0.
  0.  0.  0.  0.  0.  0.  0.  0.  0.]