[ 0.  0.  0.  0.  0.  0.  0.  0.  0.  0.  0.  0.  0.  0.  0.  0.  0.  0.
  0.  0.  0.  0.  0.  0.  0.  0.  0.  0.  0.  0.  0.  0.  0. 53.  0.  0.
  0.  0.  0.  0.  0.  0.  0.  0.  0.  0.  0. 54. 36. 52. 55.  0.  0.  0.
 40.  0.  0.  0.  0.  0. 59.  0. 60.  0. 35. 32.  0.  0.  0.  0.  0.  0.
  0.  0.  0.  0. 58. 56. 49.  0. 31. 12.  3.  5. 22.  0.  0.  0.  0.  0.
  0.  0. 50. 39. 34. 23. 29.  0. 10. 18. 19.  0.  0.  0.  0.  0. 45. 57.
 48.  0. 27.  8.  1. 11. 17. 20. 21.  0.  0.  0.  0.  0. 46. 47. 30. 28.
  7.  2.  6. 15.  0. 14.  0.  0.  0.  0.  0. 44. 43. 33. 37. 38.  0.  4.
  0. 13.  0.  0.  0.  0.  0.  0. 51.  0. 41.  0.  0.  0.  0.  9.  0. 16.
  0.  0.  0.  0.  0.  0. 42.  0.  0.  0.  0. 25. 24.  0.  0.  0.  0.  0.
  0.  0.  0.  0.  0.  0.  0. 26.  0.  0.  0.  0.  0.  0.  0.  0.  0.  0.
  0.  0.  0.  0.  0.  0.  0.  0.  0.  0.  0.  0.  0.  0.  0.  0.  0.  0.
  0.  0.  0.  0.  0.  0.  0.  0.  0.]