[ 0.  0.  0.  0.  0.  0.  0.  0.  0.  0.  0.  0.  0.  0.  0.  0.  0.  0.
  0.  0.  0.  0.  0.  0.  0.  0.  0.  0.  0.  0.  0.  0.  0.  0.  0.  0.
  0.  0.  0.  0.  0.  0.  0.  0.  0.  0.  0.  0.  0.  0.  0.  0.  0.  0.
  0.  0.  0.  0.  0.  0.  0.  0.  0.  0.  0.  0. 14.  0.  0.  0.  0.  0.
  0.  0.  0.  0.  0.  0.  0.  0.  0.  0. 11.  0.  0.  0.  0.  0.  0.  0.
  0.  0.  0.  0.  0.  0.  0. 12. 13.  0.  0.  0.  0.  0.  0.  0.  0.  0.
  0.  0. 18. 10.  1.  0.  5.  8.  0.  0.  0.  0.  0.  0.  0.  0.  0.  0.
 15.  7.  2.  6.  0.  0.  0.  0.  0.  0.  0.  0.  0.  0. 16.  0. 17.  9.
 19. 28. 20.  0.  0.  0.  0.  0.  0.  0.  0.  0.  0.  4.  3.  0.  0.  0.
  0.  0.  0.  0.  0.  0.  0.  0.  0.  0. 21. 25. 23. 26.  0.  0.  0.  0.
  0.  0.  0.  0.  0.  0. 22.  0.  0.  0. 24.  0.  0.  0.  0.  0.  0.  0.
  0.  0.  0.  0. 27.  0.  0.  0.  0.  0.  0.  0.  0.  0.  0.  0.  0.  0.
  0.  0.  0.  0.  0.  0.  0.  0.  0.]