[ 0.  0.  0.  0.  0.  0.  0.  0.  0.  0.  0.  0.  0.  0.  0.  0.  0.  0.
  0.  0.  0.  0.  0.  0.  0.  0.  0.  0.  0.  0.  0.  0.  0.  0.  0.  0.
  0.  0.  0.  0.  0.  0.  0.  0.  0.  0.  0.  0.  0.  0.  0.  0.  0.  0.
  0.  0.  0.  0.  0.  0.  0.  0.  0.  0.  0.  0.  0.  0.  0.  0.  0.  0.
  0.  0.  0.  0.  0.  0.  0.  0.  0.  0.  0.  0.  0.  0.  0.  0.  0.  0.
  0.  0.  0.  0.  0.  0.  0.  0.  0. 16.  6.  0.  0.  0.  0.  0.  0.  0.
  0.  0.  0.  0.  1.  5.  4.  0.  0.  0.  0.  0.  0.  0.  0.  0.  0.  0.
  0.  9.  2.  8.  0.  0.  0.  0.  0.  0.  0.  0.  0.  0. 14. 13.  7. 11.
  3. 12.  0.  0.  0.  0.  0.  0.  0.  0.  0. 15.  0. 10.  0.  0.  0.  0.
  0.  0.  0.  0.  0.  0.  0. 17.  0.  0.  0.  0.  0.  0.  0.  0.  0.  0.
  0.  0.  0.  0.  0.  0.  0.  0.  0.  0.  0.  0.  0.  0.  0.  0.  0.  0.
  0.  0.  0.  0.  0.  0.  0.  0.  0.  0.  0.  0.  0.  0.  0.  0.  0.  0.
  0.  0.  0.  0.  0.  0.  0.  0.  0.]