[ 0.  0.  0.  0.  0.  0.  0.  0.  0.  0.  0.  0.  0.  0.  0.  0.  0.  0.
  0.  0.  0.  0.  0.  0.  0.  0.  0.  0.  0.  0.  0.  0.  0.  0.  0.  0.
  0.  0.  0.  0.  0.  0.  0.  0.  0.  0.  0.  0.  0.  0.  0.  0.  0.  0.
  0.  0.  0.  0.  0.  0.  0.  0.  0.  0.  0.  0.  0.  0.  0.  0.  0.  0.
  0.  0.  0.  0.  0.  0.  0.  0.  0.  0.  3.  5.  0.  0.  0.  0.  0.  0.
  0.  0.  0.  0.  0.  0.  0.  0. 10.  0. 12.  0.  0.  0.  0.  0.  0.  0.
  0.  0. 18.  8.  1. 11. 16.  0.  0.  0.  0.  0.  0.  0.  0.  0.  0.  0.
  7.  2.  6. 13. 24.  0.  0.  0.  0.  0.  0.  0.  0.  0. 30.  0. 17.  4.
 15. 14.  0.  0.  0.  0.  0.  0.  0.  0.  0.  0. 29. 26. 21.  9. 25.  0.
  0.  0.  0.  0.  0.  0.  0.  0.  0.  0. 23.  0. 19.  0.  0.  0.  0.  0.
  0.  0.  0.  0.  0.  0. 31.  0. 27. 20. 22.  0.  0.  0.  0.  0.  0.  0.
  0.  0.  0.  0. 28.  0.  0.  0.  0.  0.  0.  0.  0.  0.  0.  0.  0.  0.
  0.  0.  0.  0.  0.  0.  0.  0.  0.]