[ 0.  0.  0.  0.  0.  0.  0.  0.  0.  0.  0.  0.  0.  0.  0.  0.  0.  0.
  0.  0.  0.  0.  0.  0.  0.  0.  0.  0.  0.  0.  0.  0.  0.  0.  0.  0.
  0.  0.  0.  0.  0.  0.  0.  0.  0.  0.  0.  0.  0.  0.  0.  0.  0.  0.
  0.  0.  0.  0.  0.  0.  0.  0.  0.  0.  0.  0.  0.  0. 26.  0. 20. 16.
  0.  0.  0.  0.  0.  0.  0.  0.  0.  0.  0.  0.  0. 15. 18.  0.  0.  0.
  0.  0.  0.  0.  0.  0.  4.  0.  6.  9.  0. 19.  0.  0.  0.  0.  0.  0.
  0.  0. 24.  8.  1.  7.  5. 13. 14.  0.  0.  0.  0.  0.  0.  0.  0.  0.
 17. 11.  2. 10. 25.  0.  0.  0.  0.  0.  0.  0.  0.  0.  0. 12. 21.  0.
  3.  0.  0.  0.  0.  0.  0.  0.  0.  0.  0.  0.  0. 22. 23.  0.  0.  0.
  0.  0.  0.  0.  0.  0.  0.  0.  0.  0.  0.  0.  0.  0.  0.  0.  0.  0.
  0.  0.  0.  0.  0.  0.  0.  0.  0.  0.  0.  0.  0.  0.  0.  0.  0.  0.
  0.  0.  0.  0.  0.  0.  0.  0.  0.  0.  0.  0.  0.  0.  0.  0.  0.  0.
  0.  0.  0.  0.  0.  0.  0.  0.  0.]