[ 0.  0.  0.  0.  0.  0.  0.  0.  0.  0.  0.  0.  0.  0.  0.  0.  0.  0.
  0.  0.  0.  0.  0.  0.  0.  0.  0.  0.  0.  0.  0.  0.  0.  0.  0.  0.
  0.  0.  0.  0.  0.  0.  0.  0.  0.  0.  0.  0.  0.  0.  0.  0.  0.  0.
 23.  0.  0.  0.  0.  0.  0.  0.  0.  0.  0.  0.  0.  0.  0.  0. 18.  0.
  0.  0.  0.  0.  0.  0.  0.  0.  0.  0. 21. 22.  3. 19. 17. 20.  0.  0.
  0.  0.  0.  0.  0. 14. 13.  0.  0.  0. 16.  0.  0.  0.  0.  0.  0.  0.
  0.  0.  0. 10.  1.  9.  6.  0.  0.  0.  0.  0.  0.  0.  0.  0.  0. 11.
  4.  8.  2.  5.  0.  0.  0.  0.  0.  0.  0.  0.  0.  0.  0. 12.  7. 15.
  0.  0.  0.  0.  0.  0.  0.  0.  0.  0.  0.  0.  0.  0.  0.  0.  0.  0.
  0.  0.  0.  0.  0.  0.  0.  0.  0.  0.  0.  0.  0.  0.  0.  0.  0.  0.
  0.  0.  0.  0.  0.  0.  0.  0.  0.  0.  0.  0.  0.  0.  0.  0.  0.  0.
  0.  0.  0.  0.  0.  0.  0.  0.  0.  0.  0.  0.  0.  0.  0.  0.  0.  0.
  0.  0.  0.  0.  0.  0.  0.  0.  0.]