[ 0.  0.  0.  0.  0.  0.  0.  0.  0.  0.  0.  0.  0.  0.  0.  0.  0.  0.
  0.  0.  0.  0.  0.  0.  0.  0.  0.  0.  0.  0.  0.  0.  0.  0.  0.  0.
 46.  0.  0.  0.  0.  0.  0.  0.  0.  0.  0.  0.  0.  0. 50. 41. 47.  0.
 45.  0.  0.  0.  0.  0.  0.  0.  0. 33.  0. 48. 49. 40. 22. 42. 43.  0.
  0.  0.  0.  0.  0. 35. 34. 32. 18.  0. 21. 38. 44.  0.  0.  0.  0.  0.
  0.  0.  0. 31. 27. 28. 17. 39. 23. 24.  0.  0.  0.  0.  0.  0.  0.  0.
 29. 25. 19. 30.  1.  4.  0.  0.  0.  0.  0.  0.  0.  0.  0.  0. 13. 36.
 12.  2.  0.  3.  0.  0.  0.  0.  0.  0.  0.  0. 20. 26. 14.  7.  9.  5.
 10.  0.  0.  0.  0.  0.  0.  0.  0. 37. 15.  0.  8.  6. 11.  0.  0.  0.
  0.  0.  0.  0.  0.  0.  0.  0. 16.  0.  0.  0.  0.  0.  0.  0.  0.  0.
  0.  0.  0.  0.  0.  0.  0.  0.  0.  0.  0.  0.  0.  0.  0.  0.  0.  0.
  0.  0.  0.  0.  0.  0.  0.  0.  0.  0.  0.  0.  0.  0.  0.  0.  0.  0.
  0.  0.  0.  0.  0.  0.  0.  0.  0.]