[ 0.  0.  0.  0.  0.  0.  0.  0.  0.  0.  0.  0.  0.  0.  0.  0.  0.  0.
  0.  0.  0.  0.  0.  0.  0. 41.  0.  0.  0.  0.  0.  0.  0.  0.  0.  0.
  0.  0.  0.  0.  0.  0.  0.  0.  0.  0.  0.  0.  0.  0.  0.  0. 43. 38.
 42. 36. 45.  0.  0.  0.  0.  0.  0. 31.  0. 23. 24. 40.  0. 37. 34.  0.
  0.  0.  0.  0.  0. 53.  0. 32.  3. 10.  9. 39.  0. 44. 35.  0.  0.  0.
  0.  0.  0.  0.  0.  7.  6.  2.  4.  5.  0. 16.  0.  0.  0.  0.  0.  0.
  0.  0.  8. 11.  1.  0. 14. 13.  0.  0.  0.  0.  0.  0. 51. 52. 33.  0.
  0. 12.  0. 15.  0. 21.  0.  0.  0.  0.  0.  0.  0.  0. 30.  0. 29.  0.
  0. 18. 17. 22.  0.  0.  0.  0.  0.  0. 48. 47. 25.  0. 28.  0. 19.  0.
  0.  0.  0.  0.  0.  0. 49.  0. 46. 26. 27.  0. 20.  0.  0.  0.  0.  0.
  0.  0.  0.  0.  0.  0.  0.  0.  0.  0. 50.  0.  0.  0.  0.  0.  0.  0.
  0.  0.  0.  0.  0.  0.  0.  0.  0.  0.  0.  0.  0.  0.  0.  0.  0.  0.
  0.  0.  0.  0.  0.  0.  0.  0.  0.]