[ 0.  0.  0.  0.  0.  0.  0.  0.  0.  0.  0.  0.  0.  0.  0.  0.  0.  0.
  0.  0.  0.  0.  0.  0.  0.  0.  0.  0.  0.  0.  0.  0.  0.  0.  0.  0.
  0.  0.  0.  0.  0.  0.  0.  0.  0.  0.  0.  0.  0.  0.  0.  0.  0.  0.
  0.  0.  0.  0.  0.  0.  0.  0.  0.  0.  0.  0.  0.  0.  0.  0.  0.  0.
  0.  0.  0.  0.  0.  0.  0.  0.  0.  5.  6.  3.  0.  0.  0.  0.  0.  0.
  0.  0.  0.  0.  0. 21. 18. 14. 20. 23. 22.  0.  0.  0.  0.  0.  0.  0.
  0.  0.  8.  0.  1. 13. 25.  0.  0.  0.  0.  0.  0.  0.  0.  0. 19.  7.
  4.  0.  2. 11. 24.  0.  0.  0.  0.  0.  0.  0.  0.  0.  0. 15.  9.  0.
  0.  0.  0.  0.  0.  0.  0.  0.  0.  0. 17. 16. 12. 10.  0.  0.  0.  0.
  0.  0.  0.  0.  0.  0.  0.  0.  0.  0.  0.  0.  0.  0.  0.  0.  0.  0.
  0.  0.  0.  0.  0.  0.  0.  0.  0.  0.  0.  0.  0.  0.  0.  0.  0.  0.
  0.  0.  0.  0.  0.  0.  0.  0.  0.  0.  0.  0.  0.  0.  0.  0.  0.  0.
  0.  0.  0.  0.  0.  0.  0.  0.  0.]