[ 0.  0.  0.  0.  0.  0.  0.  0.  0.  0.  0.  0.  0.  0.  0.  0.  0.  0.
  0.  0.  0. 49.  0.  0. 51.  0.  0.  0.  0.  0.  0.  0.  0.  0.  0.  0.
 48.  0. 42. 40. 43.  0.  0.  0.  0.  0.  0.  0.  0.  0.  0.  0. 20.  0.
 45. 27.  0. 30.  0.  0.  0.  0.  0.  0.  0. 37. 50. 47. 46. 28. 44. 29.
  0.  0.  0.  0.  0.  0. 52. 36.  0. 12. 19.  0.  3. 21. 22.  0.  0.  0.
  0.  0.  0. 32. 31. 17.  0.  9. 18.  0. 23.  0.  0. 39.  0.  0.  0.  0.
  0. 35. 16. 13.  1. 11.  6. 24. 25.  0.  0.  0.  0.  0.  0.  0. 15. 14.
  4. 10.  2.  5.  0. 38. 26.  0.  0.  0.  0.  0.  0.  0.  0.  0.  7.  8.
  0. 34. 33.  0.  0.  0.  0.  0.  0.  0.  0.  0.  0.  0.  0. 41.  0.  0.
  0.  0.  0.  0.  0.  0.  0.  0.  0.  0.  0.  0.  0.  0.  0.  0.  0.  0.
  0.  0.  0.  0.  0.  0.  0.  0.  0.  0.  0.  0.  0.  0.  0.  0.  0.  0.
  0.  0.  0.  0.  0.  0.  0.  0.  0.  0.  0.  0.  0.  0.  0.  0.  0.  0.
  0.  0.  0.  0.  0.  0.  0.  0.  0.]