[ 0.  0.  0.  0.  0.  0.  0.  0.  0.  0.  0.  0.  0.  0.  0.  0.  0.  0.
  0.  0.  0.  0.  0.  0.  0.  0.  0.  0.  0.  0.  0.  0.  0.  0.  0.  0.
  0.  0.  0.  0.  0.  0.  0.  0.  0.  0.  0.  0. 24.  0.  0.  0.  0. 31.
  0.  0.  0.  0.  0.  0.  0.  0.  0.  0. 23. 18. 35. 30. 32. 34.  0.  0.
  0.  0.  0.  0.  0.  0.  0.  9. 19. 26.  0. 33.  0. 29.  0.  0.  0.  0.
  0.  0.  0.  0.  0.  8. 15. 27.  0. 28.  0.  0.  0.  0.  0.  0.  0. 40.
  0. 16. 10.  4.  1. 22.  3.  0.  0.  0.  0.  0.  0.  0.  0. 17. 12. 11.
  5.  2. 14.  0.  0.  0.  0.  0.  0.  0.  0. 38. 39. 20.  6. 36.  7. 25.
  0.  0.  0.  0.  0.  0.  0.  0.  0.  0. 21. 37. 13.  0.  0.  0.  0.  0.
  0.  0.  0.  0.  0.  0.  0.  0.  0.  0.  0.  0.  0.  0.  0.  0.  0.  0.
  0.  0.  0.  0.  0.  0.  0.  0.  0.  0.  0.  0.  0.  0.  0.  0.  0.  0.
  0.  0.  0.  0.  0.  0.  0.  0.  0.  0.  0.  0.  0.  0.  0.  0.  0.  0.
  0.  0.  0.  0.  0.  0.  0.  0.  0.]