[ 0.  0.  0.  0.  0.  0.  0.  0.  0.  0.  0.  0.  0.  0.  0.  0.  0.  0.
  0.  0.  0.  0.  0.  0.  0.  0.  0.  0.  0.  0.  0.  0.  0.  0.  0.  0.
  0.  0.  0.  0.  0.  0.  0.  0.  0.  0.  0.  0.  0.  0.  0.  0.  0.  0.
  0.  0. 32. 34.  0.  0.  0.  0.  0.  0.  0.  0.  0.  0.  0.  0. 28. 31.
  0. 26.  0.  0.  0.  0.  0.  0.  0.  0.  0.  0. 30. 27. 29. 25.  0.  0.
  0.  0.  0.  0.  0. 14.  0.  8.  0. 33. 23. 21. 24.  0.  0.  0.  0.  0.
  0.  0.  0. 13.  1.  5. 10. 19. 36.  0.  0.  0.  0.  0.  0.  0.  0.  9.
  6.  2.  4.  7. 17. 35.  0.  0.  0.  0.  0.  0.  0.  0.  0. 12. 11. 22.
  3. 20. 16. 37.  0.  0.  0.  0.  0.  0.  0.  0.  0.  0. 18.  0.  0.  0.
  0.  0.  0.  0.  0.  0.  0.  0.  0.  0.  0.  0. 15.  0.  0.  0.  0.  0.
  0.  0.  0.  0.  0.  0.  0.  0.  0.  0.  0.  0.  0.  0.  0.  0.  0.  0.
  0.  0.  0.  0.  0.  0.  0.  0.  0.  0.  0.  0.  0.  0.  0.  0.  0.  0.
  0.  0.  0.  0.  0.  0.  0.  0.  0.]