[ 0.  0.  0.  0.  0.  0.  0.  0.  0.  0.  0.  0.  0.  0.  0.  0.  0.  0.
  0.  0.  0.  0.  0.  0.  0.  0.  0.  0.  0.  0.  0.  0.  0.  0.  0.  0.
  0.  0.  0.  0.  0.  0.  0.  0.  0.  0.  0.  0.  0.  0.  0.  0.  0.  0.
  0.  0. 38.  0.  0.  0.  0.  0.  0.  0.  0.  0. 22.  0.  0.  0. 37.  0.
  0.  0.  0.  0.  0.  0.  0.  0.  8. 17.  3. 34. 31. 33. 39.  0.  0.  0.
  0.  0.  0. 18.  7.  0.  5. 10. 21. 32. 20.  0. 35.  0.  0.  0.  0.  0.
  0.  0.  6.  0.  1. 12. 19.  0. 36.  0.  0.  0.  0.  0.  0.  0.  0.  9.
  4.  2. 11. 25. 27.  0.  0.  0.  0.  0.  0.  0.  0.  0. 16. 13. 15.  0.
 23.  0. 28.  0.  0.  0.  0.  0.  0.  0.  0.  0.  0. 14. 29. 26. 24.  0.
  0.  0.  0.  0.  0.  0.  0.  0.  0.  0. 30.  0.  0.  0.  0.  0.  0.  0.
  0.  0.  0.  0.  0.  0.  0.  0.  0.  0.  0.  0.  0.  0.  0.  0.  0.  0.
  0.  0.  0.  0.  0.  0.  0.  0.  0.  0.  0.  0.  0.  0.  0.  0.  0.  0.
  0.  0.  0.  0.  0.  0.  0.  0.  0.]