[ 0.  0.  0.  0.  0.  0.  0.  0.  0.  0.  0.  0.  0.  0.  0.  0.  0.  0.
  0.  0.  0.  0.  0.  0.  0.  0.  0.  0.  0.  0.  0.  0.  0.  0.  0.  0.
  0.  0.  0.  0.  0.  0.  0.  0.  0.  0.  0.  0.  0.  0.  0.  0.  0.  0.
  0.  0.  0.  0.  0.  0.  0.  0.  0.  0.  0.  0.  0.  0.  0.  0.  0.  0.
  0.  0.  0.  0.  0.  0.  0.  0.  0.  0.  0.  0.  8. 15.  0.  0.  0.  0.
  0.  0.  0.  0.  0.  0.  9.  3.  5.  6. 13.  0.  0.  0.  0.  0.  0.  0.
  0.  0.  0.  0.  1. 14. 10.  0.  0.  0.  0.  0.  0.  0.  0.  0.  0.  0.
  7.  4.  2. 11.  0.  0.  0.  0.  0.  0.  0.  0.  0.  0. 18. 16. 12. 19.
  0.  0.  0.  0.  0.  0.  0.  0.  0.  0.  0. 17. 20.  0.  0.  0.  0.  0.
  0.  0.  0.  0.  0.  0.  0.  0. 21.  0. 22.  0.  0.  0.  0.  0.  0.  0.
  0.  0.  0.  0.  0.  0.  0.  0.  0.  0.  0.  0.  0.  0.  0.  0.  0.  0.
  0.  0.  0.  0.  0.  0.  0.  0.  0.  0.  0.  0.  0.  0.  0.  0.  0.  0.
  0.  0.  0.  0.  0.  0.  0.  0.  0.]