[ 0.  0.  0.  0.  0.  0.  0.  0.  0.  0.  0.  0.  0.  0.  0.  0.  0.  0.
  0.  0.  0.  0.  0.  0.  0.  0.  0.  0.  0.  0.  0.  0.  0.  0.  0.  0.
  0.  0.  0.  0.  0.  0.  0.  0.  0.  0.  0.  0.  0. 30.  0. 19.  0.  0.
  0. 37.  0.  0.  0.  0.  0.  0.  0. 27.  0.  0. 18.  5.  7. 15. 16. 35.
  0.  0.  0.  0.  0.  0.  0. 20. 11.  0.  6.  8.  4.  9.  0.  0.  0.  0.
  0.  0.  0. 17. 31. 10.  2. 14.  3.  0.  0. 33.  0.  0.  0.  0.  0.  0.
  0. 28.  0. 12.  1.  0.  0. 36.  0. 34.  0.  0.  0.  0.  0. 26.  0. 22.
 13. 21.  0.  0.  0.  0.  0.  0.  0.  0.  0. 29.  0. 23. 24.  0. 32.  0.
  0.  0.  0.  0.  0.  0.  0.  0.  0.  0.  0. 25.  0.  0.  0.  0.  0.  0.
  0.  0.  0.  0.  0.  0.  0.  0.  0.  0.  0.  0.  0.  0.  0.  0.  0.  0.
  0.  0.  0.  0.  0.  0.  0.  0.  0.  0.  0.  0.  0.  0.  0.  0.  0.  0.
  0.  0.  0.  0.  0.  0.  0.  0.  0.  0.  0.  0.  0.  0.  0.  0.  0.  0.
  0.  0.  0.  0.  0.  0.  0.  0.  0.]