[ 0.  0.  0.  0.  0.  0.  0.  0.  0.  0.  0.  0.  0.  0.  0.  0.  0.  0.
  0.  0.  0.  0.  0.  0.  0.  0.  0.  0.  0.  0.  0.  0.  0.  0.  0.  0.
  0.  0.  0.  0.  0.  0.  0.  0.  0.  0.  0.  0.  0.  0.  0.  0.  0.  0.
  0.  0.  0.  0.  0.  0.  0.  0.  0.  0.  0. 27.  0.  0.  0.  0.  0.  0.
  0.  0.  0.  0.  0.  0.  0.  0.  0.  0.  0. 25. 26.  0.  0.  0.  0.  0.
  0.  0.  0.  0.  0. 13.  3.  2.  0. 35.  0.  0.  0.  0.  0.  0.  0.  0.
  0.  0. 12.  4.  1.  7.  0. 24. 23.  0.  0.  0.  0.  0.  0.  0.  0. 10.
  9.  8.  6. 31. 29. 37. 32.  0.  0.  0.  0.  0.  0. 11. 16.  5. 15.  0.
 38. 22.  0. 28.  0.  0.  0.  0.  0.  0.  0. 17.  0.  0. 20. 21.  0.  0.
 33. 34.  0.  0.  0.  0.  0.  0. 14. 18. 19.  0.  0.  0.  0. 30.  0. 36.
  0.  0.  0.  0.  0.  0.  0.  0.  0.  0.  0.  0.  0.  0.  0.  0.  0.  0.
  0.  0.  0.  0.  0.  0.  0.  0.  0.  0.  0.  0.  0.  0.  0.  0.  0.  0.
  0.  0.  0.  0.  0.  0.  0.  0.  0.]