[ 0.  0.  0.  0.  0.  0.  0.  0.  0.  0.  0.  0.  0.  0.  0.  0.  0.  0.
  0.  0.  0.  0.  0.  0.  0.  0.  0.  0.  0.  0.  0.  0.  0.  0.  0.  0.
  0.  0.  0.  0.  0.  0.  0.  0.  0.  0.  0.  0.  0. 24.  0.  0.  0. 31.
  0.  0.  0.  0.  0.  0.  0.  0.  0.  0. 30. 21. 29. 25.  0.  0.  0.  0.
  0.  0.  0.  0.  0.  0.  0. 27.  0. 23. 28. 26. 10.  0.  0.  0.  0.  0.
  0.  0.  0.  0. 22.  0. 12.  3.  9. 11.  0.  0.  0.  0.  0.  0.  0.  0.
  0. 20. 15. 17.  1.  0.  8.  0.  0.  0.  0.  0.  0.  0.  0.  0.  0.  0.
  7.  4.  2.  6. 18. 19.  0.  0.  0.  0.  0.  0.  0.  0. 14.  0. 13.  5.
  0.  0.  0.  0.  0.  0.  0.  0.  0.  0.  0.  0.  0.  0. 16.  0.  0.  0.
  0.  0.  0.  0.  0.  0.  0.  0.  0.  0.  0.  0.  0.  0.  0.  0.  0.  0.
  0.  0.  0.  0.  0.  0.  0.  0.  0.  0.  0.  0.  0.  0.  0.  0.  0.  0.
  0.  0.  0.  0.  0.  0.  0.  0.  0.  0.  0.  0.  0.  0.  0.  0.  0.  0.
  0.  0.  0.  0.  0.  0.  0.  0.  0.]