[ 0.  0.  0.  0.  0.  0.  0.  0.  0.  0.  0.  0.  0.  0.  0.  0.  0.  0.
  0.  0.  0.  0.  0.  0.  0.  0.  0.  0.  0.  0.  0.  0.  0.  0.  0.  0.
  0.  0.  0.  0.  0.  0.  0.  0.  0.  0.  0.  0.  0.  0.  0. 18.  0. 24.
  0.  0.  0.  0.  0.  0.  0.  0.  0.  0.  0.  0.  0. 17.  0. 14.  0.  0.
 22.  0.  0.  0.  0.  0.  0.  0. 20. 19.  0. 13.  0.  0. 23.  0.  0.  0.
  0.  0.  0.  0.  0. 21. 25.  5. 26. 15. 16.  0.  0.  0.  0.  0.  0.  0.
  0.  0.  0.  0.  1.  8.  6.  0.  0.  0.  0.  0.  0.  0.  0.  0.  0.  0.
 27.  2.  4.  7.  0.  0.  0.  0.  0.  0.  0.  0.  0.  0. 12.  9. 11.  3.
  0.  0.  0.  0.  0.  0.  0.  0.  0.  0.  0.  0.  0. 10.  0.  0.  0.  0.
  0.  0.  0.  0.  0.  0.  0.  0.  0.  0.  0.  0.  0.  0.  0.  0.  0.  0.
  0.  0.  0.  0.  0.  0.  0.  0.  0.  0.  0.  0.  0.  0.  0.  0.  0.  0.
  0.  0.  0.  0.  0.  0.  0.  0.  0.  0.  0.  0.  0.  0.  0.  0.  0.  0.
  0.  0.  0.  0.  0.  0.  0.  0.  0.]