[ 0.  0.  0.  0.  0.  0.  0.  0.  0.  0.  0.  0.  0.  0.  0.  0.  0.  0.
  0.  0.  0.  0.  0.  0.  0.  0.  0.  0.  0.  0.  0.  0.  0.  0.  0.  0.
  0.  0.  0.  0.  0.  0.  0.  0.  0.  0.  0.  0.  0.  0.  0.  0.  0.  0.
  0.  0.  0.  0.  0.  0.  0.  0.  0.  0.  0.  0.  0.  0.  0.  0.  0.  0.
  0.  0.  0.  0.  0.  0.  0.  0. 37.  0. 19.  0.  0.  0.  0.  0.  0.  0.
  0.  0. 27.  0. 36.  0.  0.  0.  6.  0. 11.  0.  0.  0.  0.  0. 35. 33.
 26. 32. 18.  0.  1.  9. 10.  0.  0.  0.  0.  0.  0.  0. 34. 38. 24. 23.
  5.  2.  4. 15. 12. 14.  0.  0.  0.  0.  0.  0. 28. 25. 20.  8. 21.  7.
  3. 16. 13.  0.  0.  0.  0.  0. 29.  0. 30.  0. 31. 22.  0.  0.  0.  0.
  0.  0.  0.  0.  0.  0.  0.  0.  0.  0.  0. 17.  0.  0.  0.  0.  0.  0.
  0.  0.  0.  0.  0.  0.  0.  0.  0.  0.  0.  0.  0.  0.  0.  0.  0.  0.
  0.  0.  0.  0.  0.  0.  0.  0.  0.  0.  0.  0.  0.  0.  0.  0.  0.  0.
  0.  0.  0.  0.  0.  0.  0.  0.  0.]