[ 0.  0.  0.  0.  0.  0.  0.  0.  0.  0.  0.  0.  0.  0.  0.  0.  0.  0.
  0.  0.  0.  0.  0.  0.  0.  0.  0.  0.  0.  0.  0.  0.  0.  0.  0.  0.
  0.  0.  0.  0.  0.  0.  0.  0.  0.  0.  0.  0.  0.  0.  0.  0.  0.  0.
  0.  0.  0.  0.  0.  0.  0.  0.  0.  0.  0.  0.  0.  0.  0.  0.  0.  0.
  0.  0.  0.  0.  0.  0.  0.  0.  0.  0.  0. 19.  0.  0.  0.  0.  0.  0.
  0.  0.  0.  0.  0.  0.  0. 16. 10. 11.  0.  0.  0.  0.  0.  0.  0.  0.
  0.  0.  0.  0.  1.  4.  3. 20.  0.  0.  0.  0.  0.  0.  0.  0.  0.  0.
  7.  6.  2. 12.  0. 17.  0.  0.  0.  0.  0.  0.  0. 32.  0.  8. 24.  5.
 22. 13. 21.  0.  0.  0.  0.  0.  0.  0.  0.  9.  0. 14.  0. 18.  0.  0.
  0.  0.  0.  0.  0.  0.  0.  0. 30. 29. 25. 15. 23. 26.  0.  0.  0.  0.
  0.  0.  0.  0.  0.  0.  0. 31. 28.  0.  0.  0.  0.  0.  0.  0.  0.  0.
  0.  0.  0.  0.  0. 27.  0.  0.  0.  0.  0.  0.  0.  0.  0.  0.  0.  0.
  0.  0.  0. 33.  0.  0.  0.  0.  0.]