[ 0.  0.  0.  0.  0.  0.  0.  0.  0.  0.  0.  0.  0.  0.  0.  0.  0.  0.
  0.  0.  0.  0.  0.  0.  0.  0.  0.  0.  0.  0.  0.  0.  0.  0. 36. 41.
 30.  0.  0.  0.  0.  0.  0.  0.  0.  0.  0.  0. 26.  0. 29.  0. 34. 33.
  0. 44.  0.  0.  0.  0.  0.  0.  0.  0. 25.  0. 19. 32. 31. 45. 37.  0.
  0.  0.  0.  0.  0.  0. 27.  0. 23. 20. 35. 38. 39.  0.  0.  0.  0.  0.
  0.  0.  0.  0. 24. 42.  3.  8. 40. 46.  0.  0.  0.  0.  0.  0.  0.  0.
 17. 43. 10.  0.  1.  5.  6.  0.  0.  0.  0.  0.  0.  0.  0. 28. 18. 11.
  0.  4.  2.  7.  0.  0.  0.  0.  0.  0.  0.  0.  0.  0. 22. 12.  9.  0.
  0.  0.  0.  0.  0.  0.  0.  0.  0. 16. 15. 21.  0.  0.  0.  0.  0.  0.
  0.  0.  0.  0.  0.  0.  0.  0.  0. 13. 14.  0.  0.  0.  0.  0.  0.  0.
  0.  0.  0.  0.  0.  0.  0.  0.  0.  0.  0.  0.  0.  0.  0.  0.  0.  0.
  0.  0.  0.  0.  0.  0.  0.  0.  0.  0.  0.  0.  0.  0.  0.  0.  0.  0.
  0.  0.  0.  0.  0.  0.  0.  0.  0.]