[ 0.  0.  0.  0.  0.  0.  0.  0.  0.  0.  0.  0.  0.  0.  0.  0.  0.  0.
  0.  0.  0.  0.  0.  0.  0.  0.  0.  0.  0.  0.  0.  0.  0.  0.  0. 31.
  0.  0.  0.  0.  0.  0.  0.  0.  0.  0.  0.  0.  0.  0.  0. 30. 29.  0.
  0. 24.  0.  0.  0.  0.  0.  0.  0.  0.  0.  0.  0. 28. 17. 25.  0.  0.
  0.  0.  0.  0.  0.  0.  0.  0. 26. 27. 18. 16.  0. 13.  0.  0.  0.  0.
  0.  0.  0.  0.  0.  0. 15.  8. 14. 12. 21. 20.  0.  0.  0.  0.  0.  0.
  0.  0.  0.  0.  1.  4. 23. 19. 32.  0.  0.  0.  0.  0.  0. 41. 36.  9.
  0.  2.  0. 11. 22.  0.  0.  0.  0.  0.  0.  0.  0. 39.  5.  6.  0.  3.
  0.  0.  0.  0.  0.  0.  0.  0. 38. 37. 35.  7. 33. 34.  0.  0.  0.  0.
  0.  0.  0.  0.  0. 40.  0.  0. 10.  0.  0.  0.  0.  0.  0.  0.  0.  0.
  0.  0.  0.  0.  0.  0.  0.  0.  0.  0.  0.  0.  0.  0.  0.  0.  0.  0.
  0.  0.  0.  0.  0.  0.  0.  0.  0.  0.  0.  0.  0.  0.  0.  0.  0.  0.
  0.  0.  0.  0.  0.  0.  0.  0.  0.]