[ 0.  0.  0.  0.  0.  0.  0.  0.  0.  0.  0.  0.  0.  0.  0.  0.  0.  0.
  0.  0.  0.  0.  0.  0.  0.  0.  0.  0.  0.  0.  0.  0.  0.  0.  0.  0.
  0.  0.  0.  0.  0.  0.  0.  0.  0.  0.  0.  0.  0.  0.  0.  0.  0.  0.
  0.  0.  0.  0.  0.  0.  0.  0.  0.  0.  0.  0.  0.  0.  0.  0. 22.  0.
 21.  0.  0.  0.  0.  0.  0.  0.  0.  0.  0.  0.  3. 26. 18.  0.  0.  0.
  0.  0.  0.  0.  0.  0.  0. 12. 13.  0. 20.  0. 23.  0.  0.  0.  0.  0.
  0. 27. 28. 11.  1.  0.  6. 25. 19.  0.  0.  0.  0.  0.  0.  0. 38.  9.
  4.  8.  2.  5. 24.  0.  0.  0.  0.  0.  0. 36.  0. 29.  0. 32.  7. 10.
  0.  0.  0.  0.  0.  0.  0.  0.  0. 33. 37. 39. 40.  0. 15. 16.  0.  0.
  0.  0.  0.  0.  0. 34.  0. 35. 43.  0.  0. 14.  0. 17.  0.  0.  0.  0.
  0.  0.  0.  0.  0. 41.  0. 30.  0.  0.  0.  0.  0.  0.  0.  0.  0.  0.
  0.  0.  0. 31.  0.  0.  0.  0.  0.  0.  0.  0.  0.  0.  0.  0.  0.  0.
  0. 42.  0.  0.  0.  0.  0.  0.  0.]