[ 0.  0.  0.  0.  0.  0.  0.  0.  0.  0.  0. 34.  0.  0.  0.  0.  0.  0.
  0.  0.  0.  0.  0.  0.  0. 33.  0.  0.  0.  0.  0.  0.  0. 48. 44. 49.
 42.  0.  0. 29.  0. 37.  0.  0.  0.  0.  0. 54. 53. 51. 41.  0. 22. 25.
 24. 32. 35. 30.  0.  0.  0.  0.  0. 52. 39. 40. 27. 19. 13. 20.  0. 38.
 28.  0.  0.  0.  0. 47. 46.  0.  0. 26. 15. 12. 14.  0. 23. 31.  0.  0.
  0.  0. 45. 43. 50. 17. 16. 21.  6. 11.  0.  0.  0.  0.  0.  0. 79. 87.
 85.  0.  0.  4.  1. 10.  3.  0.  0.  0.  0.  0.  0.  0. 78.  0. 86. 56.
  5.  2.  7.  0.  0. 83.  0.  0.  0.  0. 84.  0. 70. 88. 36. 55. 18.  9.
  8.  0.  0.  0.  0.  0.  0.  0.  0. 67. 68. 57. 59. 60. 65. 64. 75.  0.
  0.  0.  0.  0.  0.  0. 69. 80. 76. 62. 58. 63. 72.  0.  0.  0.  0.  0.
  0.  0.  0. 71. 81. 82. 77. 61. 66. 73.  0.  0.  0.  0.  0.  0.  0.  0.
  0.  0.  0.  0. 74.  0.  0.  0.  0.  0.  0.  0.  0.  0.  0.  0.  0.  0.
  0.  0.  0.  0.  0.  0.  0.  0.  0.]