[  0.   0.   0.   0.   0.  63.   0.   0.   0.   0.   0.   0.   0.   0.
   0.   0.  60.  46.  44.  47.   0.  62.   0.   0.   0.   0.   0.   0.
   0.   0.   0.  64.  61.  45.   0.  72.   0.  56.  55.  73.   0. 108.
 107.   0.   0.   0.  65.  41.  34.  33.  25.  71.  54.  74.  70.  68.
  75.   0.   0.   0.  49.  48.  40.  36.  32.  17.  22.  57.  51.  58.
   0.   0.   0.   0.   0.   0.  50.   0.  29.  20.  26.  15.  52.  69.
  96.  59.  80.  79.   0.   0.  53.   0.   0.  19.  14.  67.  39.  18.
   0.  77.  83.  76.  82.   0.   0.   0.   0.   0.  27.  16.  13.  66.
   1.   9.  10.  78.  81.   0.  97.   0.   0.  94.  38.  35.  21.  37.
   7.   2.   4.   0.  23.  98.  95.   0.   0.   0.   0.  31.  30.  28.
   8.   6.  11.   5.   3.  12.   0.   0.   0.   0.   0.   0.   0.  89.
  42.  84.  86.  87.  24. 101.   0. 100.   0.   0.   0.   0.   0.   0.
   0.  85.  43.  90. 109.   0.   0.  99. 105. 102.   0.   0.   0.   0.
   0.   0.   0.   0.  93.  88.   0.   0.   0. 104.   0. 103.   0.   0.
   0.   0.   0.   0.   0.  92.   0.  91. 106.   0.   0.   0.   0.   0.
   0.   0.   0.   0.   0.   0.   0.   0.   0.   0.   0.   0.   0.   0.
   0.]