[ 0.  0.  0.  0.  0.  0.  0.  0.  0.  0.  0.  0.  0.  0.  0.  0.  0.  0.
  0.  0.  0.  0.  0.  0.  0.  0.  0.  0.  0.  0.  0.  0.  0.  0.  0.  0.
  0.  0.  0.  0.  0.  0.  0.  0.  0.  0.  0.  0.  0.  0.  0.  0.  0.  0.
  0.  0.  0.  0.  0.  0.  0.  0.  0.  0.  0.  0.  0.  0.  0.  0.  0.  0.
  0.  0.  0.  0.  0.  0.  0.  0.  3.  0.  0.  0.  0.  0. 11.  0.  0.  0.
  0.  0.  0.  0.  0.  0.  0. 13.  6. 12. 10. 14. 15.  0.  0.  0.  0.  0.
  0.  0.  0.  0.  1.  0.  8.  0.  0.  0.  0.  0.  0.  0.  0.  0.  0.  0.
  5.  4.  2. 18.  9.  0.  0.  0.  0.  0.  0.  0.  0.  0.  0.  0. 17.  7.
  0.  0.  0.  0.  0.  0.  0.  0.  0.  0.  0.  0. 16.  0.  0.  0.  0.  0.
  0.  0.  0.  0.  0.  0.  0.  0.  0.  0.  0.  0.  0.  0.  0.  0.  0.  0.
  0.  0.  0.  0.  0.  0.  0.  0.  0.  0.  0.  0.  0.  0.  0.  0.  0.  0.
  0.  0.  0.  0.  0.  0.  0.  0.  0.  0.  0.  0.  0.  0.  0.  0.  0.  0.
  0.  0.  0.  0.  0.  0.  0.  0.  0.]