[ 0.  0.  0.  0.  0.  0.  0.  0.  0.  0.  0.  0.  0.  0.  0.  0.  0.  0.
  0.  0.  0.  0.  0.  0.  0.  0.  0.  0.  0.  0.  0.  0.  0.  0.  0.  0.
  0.  0.  0.  0. 36.  0.  0.  0.  0.  0.  0.  0.  0.  0.  0.  0.  0.  0.
 29.  0.  0.  0.  0.  0.  0.  0.  0.  0.  0.  0.  0. 12. 35.  0. 31.  0.
  0.  0.  0.  0.  0.  0.  0.  0.  0. 14.  3.  5. 30.  0.  0.  0.  0.  0.
  0.  0.  0.  0.  0. 13.  0.  0. 10. 11. 32.  0.  0.  0.  0.  0.  0. 47.
 39.  0. 26.  8.  1.  0. 33.  0. 34.  0.  0.  0.  0. 49. 37.  0. 25. 42.
  7.  2.  6. 18. 19.  0.  0.  0.  0.  0. 44. 45. 46. 40. 38. 41. 16.  4.
 17. 24.  0.  0.  0.  0.  0.  0. 48. 43.  0.  0. 22. 21. 15.  9. 28. 27.
  0.  0.  0.  0.  0.  0.  0.  0. 23.  0. 20.  0.  0.  0.  0.  0.  0.  0.
  0.  0.  0.  0.  0.  0.  0.  0.  0.  0.  0.  0.  0.  0.  0.  0.  0.  0.
  0.  0.  0.  0.  0.  0.  0.  0.  0.  0.  0.  0.  0.  0.  0.  0.  0.  0.
  0.  0.  0.  0.  0.  0.  0.  0.  0.]