[ 0.  0.  0.  0.  0.  0.  0.  0.  0.  0.  0.  0.  0.  0.  0.  0.  0.  0.
  0.  0.  0.  0.  0.  0.  0.  0.  0.  0.  0.  0.  0.  0.  0.  0.  0.  0.
  0.  0.  0.  0.  0.  0.  0.  0.  0.  0.  0.  0.  0.  0.  0.  0.  0.  0.
  0.  0.  0.  0.  0.  0.  0.  0.  0.  0.  0.  0.  0.  0.  0.  8.  0.  0.
  0.  0.  0.  0.  0.  0.  0.  0.  0.  0.  0.  5. 20.  7.  0.  0.  0.  0.
  0.  0.  0.  0.  0.  0.  0.  0.  4.  6. 17. 16.  0.  0.  0.  0.  0.  0.
  0.  0.  0.  0.  1. 14.  3. 13.  0. 24. 19.  0.  0.  0.  0.  0.  0.  0.
  0. 12.  2. 15. 18.  0.  0.  0.  0.  0.  0.  0.  0.  0.  0.  0. 10.  9.
 26. 23. 21. 25.  0.  0.  0.  0.  0.  0.  0.  0.  0.  0.  0. 11.  0.  0.
  0. 27.  0.  0.  0.  0.  0.  0.  0.  0.  0.  0. 22.  0.  0.  0.  0.  0.
  0.  0.  0.  0.  0.  0.  0.  0.  0.  0.  0.  0.  0.  0.  0.  0.  0.  0.
  0.  0.  0.  0.  0.  0.  0.  0.  0.  0.  0.  0.  0.  0.  0.  0.  0.  0.
  0.  0.  0.  0.  0.  0.  0.  0.  0.]