[ 0.  0.  0.  0.  0.  0.  0.  0.  0.  0.  0.  0.  0.  0.  0.  0.  0.  0.
  0.  0.  0.  0.  0.  0.  0.  0.  0.  0.  0.  0.  0.  0. 66.  0. 62. 69.
  0.  0. 44. 43.  0.  0.  0.  0.  0.  0.  0.  0. 59.  0. 70. 58. 45.  0.
  0. 24.  0.  0.  0.  0.  0.  0. 61. 68. 55. 67. 65. 46. 36. 23. 35. 42.
  0. 41.  0.  0.  0.  0. 60.  0. 63. 12.  3.  5.  0.  0. 39.  0. 32.  0.
  0.  0.  0.  0. 54. 21. 64. 17. 10. 14.  0.  0. 29.  0.  0.  0.  0.  0.
 53.  0. 22.  8.  1. 11.  0. 28. 27.  0. 40.  0.  0.  0.  0. 52. 56.  0.
  7.  2.  6.  0. 25. 18.  0.  0.  0.  0.  0.  0.  0. 57. 37. 34.  0.  4.
  0. 13.  0. 30.  0.  0.  0.  0.  0. 51. 48. 49. 38. 19.  0.  9. 26.  0.
  0. 31.  0.  0.  0.  0.  0.  0. 47.  0.  0. 15. 20.  0. 71.  0.  0.  0.
  0.  0.  0.  0.  0. 50.  0. 16. 33.  0.  0.  0.  0.  0.  0.  0.  0.  0.
  0.  0.  0.  0.  0.  0.  0.  0.  0.  0.  0.  0.  0.  0.  0.  0.  0.  0.
  0.  0.  0.  0.  0.  0.  0.  0.  0.]