[ 0.  0.  0.  0.  0.  0.  0.  0.  0.  0.  0.  0.  0.  0.  0.  0.  0.  0.
  0.  0.  0.  0.  0.  0.  0.  0.  0.  0.  0.  0.  0.  0.  0.  0.  0.  0.
  0.  0.  0.  0.  0.  0.  0.  0.  0.  0.  0.  0.  0.  0.  0.  0.  0. 29.
 27.  0.  0.  0.  0.  0.  0.  0.  0.  0.  0.  0.  0.  0. 26. 31.  0.  0.
  0.  0.  0.  0.  0.  0.  0.  0. 15.  0. 14. 28.  3.  0.  0.  0.  0.  0.
  0.  0.  0. 19. 18. 12. 16. 23. 22. 32.  0.  0.  0.  0.  0.  0.  0.  0.
  0. 11.  6.  5.  1.  0. 24.  0.  0.  0.  0.  0.  0.  0.  0.  0. 17.  8.
  4.  9.  0.  0. 25. 30.  0.  0.  0.  0.  0.  0.  0.  0. 13.  2.  7.  0.
  0.  0.  0.  0.  0.  0.  0.  0.  0.  0.  0.  0. 20. 10.  0.  0.  0.  0.
  0.  0.  0.  0.  0.  0.  0.  0.  0. 21.  0.  0.  0.  0.  0.  0.  0.  0.
  0.  0.  0.  0.  0.  0.  0.  0.  0.  0.  0.  0.  0.  0.  0.  0.  0.  0.
  0.  0.  0.  0.  0.  0.  0.  0.  0.  0.  0.  0.  0.  0.  0.  0.  0.  0.
  0.  0.  0.  0.  0.  0.  0.  0.  0.]