[ 0.  0.  0.  0.  0.  0.  0.  0.  0.  0.  0.  0.  0.  0.  0.  0.  0.  0.
  0.  0.  0.  0.  0.  0.  0.  0.  0.  0.  0.  0.  0.  0.  0.  0. 45.  0.
  0.  0.  0.  0. 30.  0.  0.  0.  0.  0.  0.  0. 43.  0. 46.  0. 26.  0.
 29.  0.  0.  0.  0.  0.  0.  0. 47. 44. 38. 35. 37. 50. 23. 49. 52.  0.
  0.  0.  0.  0. 48.  0.  0. 41. 36. 34. 27. 28.  0. 21.  0. 51.  0.  0.
  0.  0.  0. 39.  0. 31. 40.  0. 24.  7. 13. 12.  0.  0.  0.  0.  0. 42.
  0.  0.  0.  0.  1.  4. 22.  5. 15. 20.  0.  0.  0.  0.  0.  0.  0.  0.
  0.  2.  3. 17. 14. 10. 16. 18. 19.  0.  0.  0.  0.  0.  0.  0.  0.  9.
  6. 11. 25. 32.  0.  0.  0.  0.  0.  0.  0.  0.  0.  0.  0.  8.  0.  0.
 33.  0.  0.  0.  0.  0.  0.  0.  0.  0.  0.  0.  0.  0.  0.  0.  0.  0.
  0.  0.  0.  0.  0.  0.  0.  0.  0.  0.  0.  0.  0.  0.  0.  0.  0.  0.
  0.  0.  0.  0.  0.  0.  0.  0.  0.  0.  0.  0.  0.  0.  0.  0.  0.  0.
  0.  0.  0.  0.  0.  0.  0.  0.  0.]