[ 0.  0.  0.  0.  0.  0.  0.  0.  0.  0.  0.  0.  0.  0.  0.  0.  0.  0.
  0.  0.  0.  0.  0.  0.  0.  0.  0.  0.  0.  0.  0.  0.  0.  0.  0.  0.
  0.  0.  0.  0.  0.  0.  0.  0.  0.  0.  0.  0.  0.  0.  0.  0.  0.  0.
  0.  0.  0.  0.  0.  0.  0.  0.  0.  0.  0.  0.  0.  0.  0.  0.  0.  0.
  0.  0.  0.  0.  0.  0.  0.  0.  0.  0.  0.  0.  0. 19.  0.  0.  0.  0.
  0.  0.  0.  0.  0.  0.  0. 21.  4. 20. 18.  0.  0.  0.  0.  0.  0.  0.
  0.  0.  0. 12.  1.  5.  3.  6. 17.  0.  0.  0.  0.  0.  0.  0.  0.  0.
  0.  2.  7.  0. 16. 23.  0.  0.  0.  0.  0.  0.  0.  0.  0. 11. 10. 13.
  8. 24.  0. 22.  0.  0.  0.  0.  0.  0.  0.  0.  9.  0. 14.  0.  0.  0.
  0.  0.  0.  0.  0.  0.  0.  0.  0.  0.  0.  0. 15.  0.  0.  0.  0.  0.
  0.  0.  0.  0.  0.  0.  0.  0.  0.  0.  0.  0.  0.  0.  0.  0.  0.  0.
  0.  0.  0.  0.  0.  0.  0.  0.  0.  0.  0.  0.  0.  0.  0.  0.  0.  0.
  0.  0.  0.  0.  0.  0.  0.  0.  0.]