[ 0.  0.  0.  0.  0.  0.  0.  0.  0.  0.  0.  0.  0.  0.  0.  0.  0.  0.
  0.  0.  0.  0.  0.  0.  0.  0.  0.  0.  0.  0.  0.  0.  0.  0.  0.  0.
  0.  0.  0.  0.  0.  0.  0.  0.  0.  0.  0.  0.  0. 49.  0.  0. 34. 46.
  0.  0.  0.  0.  0.  0.  0.  0.  0.  0. 48. 47. 33. 43. 13. 44.  0.  0.
  0.  0.  0.  0.  0.  0.  0. 31. 30. 45. 16. 10. 17.  0.  0.  0.  0.  0.
  0.  0.  0. 42. 32. 41.  0.  3.  8.  0. 15.  0.  0.  0.  0.  0.  0.  0.
 39.  0. 40.  0.  1.  0. 14.  0. 18. 19.  0.  0.  0.  0. 38.  0. 29.  0.
  7.  4.  2.  6.  9.  0.  0.  0.  0.  0.  0.  0. 35.  0. 28. 11. 12.  5.
 21.  0.  0.  0.  0.  0.  0.  0.  0.  0.  0.  0. 22. 24. 25. 20.  0.  0.
  0.  0.  0.  0.  0.  0.  0.  0. 23.  0. 26.  0.  0.  0.  0.  0.  0.  0.
  0.  0.  0.  0.  0.  0.  0. 27. 36.  0.  0.  0.  0.  0.  0.  0.  0.  0.
  0.  0.  0.  0.  0.  0. 37.  0.  0.  0.  0.  0.  0.  0.  0.  0.  0.  0.
  0.  0.  0.  0.  0.  0.  0.  0.  0.]