[ 0.  0.  0.  0.  0.  0.  0.  0.  0.  0.  0.  0.  0.  0.  0.  0.  0.  0.
  0.  0.  0.  0.  0.  0.  0.  0.  0.  0.  0.  0.  0.  0.  0.  0.  0.  0.
  0.  0.  0.  0.  0.  0.  0.  0.  0.  0.  0.  0.  0.  0. 35.  0.  0.  0.
  0.  0.  0.  0.  0.  0.  0.  0.  0.  0.  0.  0. 34.  0.  0.  0.  0.  0.
  0.  0.  0.  0.  0.  0.  0. 31.  0. 15. 32.  3.  0.  0.  0.  0.  0.  0.
  0.  0.  0.  0. 13. 14. 33.  0. 40.  0. 39.  0.  0.  0.  0.  0.  0. 21.
 18. 12. 20.  6.  1.  0. 38.  0.  0.  0.  0.  0.  0.  0.  0. 26. 10. 11.
  4. 28.  2.  5. 41.  0.  0.  0.  0.  0.  0.  0. 22.  0. 19.  7.  8.  0.
  0.  0.  0.  0.  0.  0.  0. 29. 25. 27. 30. 23. 16. 42.  9.  0.  0.  0.
  0.  0.  0.  0.  0.  0.  0.  0. 17.  0.  0. 37.  0.  0.  0.  0.  0.  0.
  0.  0.  0.  0.  0. 24.  0. 36.  0.  0.  0.  0.  0.  0.  0.  0.  0.  0.
  0.  0.  0.  0.  0.  0.  0.  0.  0.  0.  0.  0.  0.  0.  0.  0.  0.  0.
  0.  0.  0.  0.  0.  0.  0.  0.  0.]