[ 0.  0.  0.  0.  0.  0.  0.  0.  0.  0.  0.  0.  0.  0.  0.  0.  0.  0.
  0.  0.  0.  0.  0.  0.  0.  0.  0.  0.  0.  0.  0.  0.  0.  0.  0. 37.
  0.  0.  0.  0.  0.  0.  0.  0.  0.  0.  0.  0.  0.  0.  0.  0.  0.  0.
  0.  0.  0.  0.  0.  0.  0. 36.  0.  0.  0.  0.  0. 17.  0.  0.  0.  0.
  0.  0.  0.  0.  0. 35. 31.  0.  0.  0. 18.  0.  0.  0.  0.  0.  0.  0.
  0.  0. 32. 33. 28. 20.  0.  0.  7. 10.  0.  0.  0.  0.  0.  0.  0.  0.
 29. 19. 30.  5.  1.  4.  0.  0.  0.  0.  0.  0.  0.  0.  0. 34. 27. 23.
  8. 11.  2.  3. 16.  0.  0.  0.  0.  0.  0.  0.  0. 25.  0. 24. 12.  6.
 15.  0.  0.  0.  0.  0.  0.  0.  0. 26.  0. 14. 13.  0.  9. 21.  0.  0.
  0.  0.  0.  0.  0.  0.  0.  0.  0.  0.  0.  0. 22.  0.  0.  0.  0.  0.
  0.  0.  0.  0.  0.  0.  0.  0.  0.  0.  0.  0.  0.  0.  0.  0.  0.  0.
  0.  0.  0.  0.  0.  0.  0.  0.  0.  0.  0.  0.  0.  0.  0.  0.  0.  0.
  0.  0.  0.  0.  0.  0.  0.  0.  0.]