[ 0.  0.  0.  0.  0.  0.  0.  0.  0.  0.  0.  0.  0.  0.  0.  0.  0.  0.
  0.  0.  0.  0.  0.  0.  0.  0.  0.  0.  0.  0.  0.  0.  0.  0.  0.  0.
  0.  0.  0.  0.  0.  0.  0.  0.  0.  0.  0.  0.  0.  0.  0.  0.  0.  0.
  0.  0.  0.  0.  0.  0.  0.  0.  0.  0.  0.  0.  0.  0. 33.  0.  0.  0.
  0.  0.  0.  0.  0.  0.  0.  0. 55.  0.  0.  0.  0.  0.  0.  0.  0.  0.
  0.  0.  0. 58. 54. 56. 48. 57. 10.  0.  5.  0.  0.  0.  0.  0.  0. 41.
 50. 35. 49.  0.  1.  0.  4.  0.  0.  0.  0.  0.  0. 43. 42. 40. 32. 53.
 52.  0.  2. 15. 13. 31.  0.  0. 29.  0.  0.  0. 51. 34.  9.  6.  0. 17.
 14. 16.  0.  0. 26.  0.  0.  0.  0. 44. 45. 36.  7.  8.  3. 30. 18.  0.
 28.  0.  0.  0.  0. 47. 46. 38.  0.  0. 11. 22. 19. 21. 24.  0.  0.  0.
  0.  0.  0. 39.  0.  0.  0. 37. 12. 23. 20.  0. 25.  0.  0.  0.  0.  0.
  0.  0.  0.  0.  0.  0. 27.  0.  0.  0.  0.  0.  0.  0.  0.  0.  0.  0.
  0.  0.  0.  0.  0.  0.  0.  0.  0.]