[ 0.  0.  0.  0.  0.  0.  0.  0.  0.  0.  0.  0.  0.  0.  0.  0.  0.  0.
  0.  0.  0.  0.  0.  0.  0.  0.  0.  0.  0.  0.  0.  0.  0.  0.  0.  0.
  0. 50.  0.  0.  0.  0.  0.  0.  0.  0.  0.  0.  0.  0.  0.  0. 51. 49.
  0.  0.  0.  0.  0.  0.  0.  0.  0.  0. 36. 44. 43.  0. 39. 41. 42.  0.
  0.  0.  0.  0.  0.  0.  0.  0.  0.  0. 40.  0.  0.  0.  0.  0.  0.  0.
  0.  0.  0.  0.  0.  9.  7. 10.  0.  0.  0. 47.  0.  0.  0.  0.  0.  0.
 25. 32.  0.  4.  1.  5. 38.  0. 48.  0.  0.  0.  0.  0. 34. 29. 33. 11.
  6.  2.  0.  3. 37. 45. 46.  0.  0.  0.  0. 31. 28. 30. 20.  0. 13.  8.
 12. 22. 23.  0.  0.  0.  0.  0.  0. 26. 24. 27. 14.  0. 17. 15. 18.  0.
  0.  0.  0.  0.  0.  0.  0.  0. 35. 19. 16.  0.  0.  0.  0.  0.  0.  0.
  0.  0.  0.  0.  0.  0.  0.  0. 21.  0.  0.  0.  0.  0.  0.  0.  0.  0.
  0.  0.  0.  0.  0.  0.  0.  0.  0.  0.  0.  0.  0.  0.  0.  0.  0.  0.
  0.  0.  0.  0.  0.  0.  0.  0.  0.]