[ 0.  0.  0.  0.  0.  0.  0.  0.  0.  0.  0.  0.  0.  0.  0.  0.  0.  0.
  0.  0.  0.  0.  0.  0.  0.  0.  0.  0.  0.  0.  0.  0.  0.  0.  0.  0.
  0.  0.  0.  0.  0.  0.  0.  0.  0.  0.  0.  0.  0.  0.  0.  0.  0.  0.
  0.  0.  0.  0.  0.  0.  0.  0.  0.  0. 25.  0.  0.  0.  0.  0.  0.  0.
  0.  0.  0.  0.  0.  0.  0. 26. 27.  0.  0.  0.  0.  0.  0.  0.  0.  0.
  0.  0.  0. 18. 17. 15.  3.  0.  6.  0.  0.  0.  0.  0.  0.  0.  0.  0.
 19. 23.  9.  8.  1.  7.  0.  0.  0.  0.  0.  0.  0.  0.  0.  0. 11. 16.
  5. 14.  2.  0.  0.  0.  0.  0.  0.  0.  0.  0. 12. 24. 13.  0. 10.  4.
  0.  0.  0.  0.  0.  0.  0.  0.  0.  0. 21.  0. 20.  0.  0.  0.  0.  0.
  0.  0.  0.  0.  0.  0. 22.  0.  0.  0.  0.  0.  0.  0.  0.  0.  0.  0.
  0.  0.  0.  0.  0.  0.  0.  0.  0.  0.  0.  0.  0.  0.  0.  0.  0.  0.
  0.  0.  0.  0.  0.  0.  0.  0.  0.  0.  0.  0.  0.  0.  0.  0.  0.  0.
  0.  0.  0.  0.  0.  0.  0.  0.  0.]