[ 0.  0.  0.  0.  0.  0.  0.  0.  0.  0.  0.  0.  0.  0.  0.  0.  0.  0.
  0.  0.  0.  0.  0.  0.  0.  0.  0.  0.  0.  0.  0.  0.  0.  0.  0.  0.
  0.  0.  0.  0.  0.  0.  0.  0.  0.  0.  0.  0.  0.  0.  0.  0.  0.  0.
  0.  0.  0.  0.  0.  0.  0.  0.  0.  0.  0. 27.  0.  0.  0.  0.  0.  0.
  0.  0.  0.  0.  0.  0.  0.  0.  0. 26.  0.  0.  0. 21.  0.  0.  0.  0.
  0.  0.  0.  0.  0.  0.  6. 22. 23. 20.  0.  0.  0.  0.  0.  0.  0.  0.
  0.  0. 28.  0.  1. 14. 11. 13.  0. 18.  0.  0.  0.  0.  0.  0.  0.  0.
 24.  2.  3. 12. 16. 17.  0.  0.  0.  0.  0.  0.  0.  0.  0. 25. 29.  4.
  5. 15.  0. 19.  0.  0.  0.  0.  0.  0.  0.  0. 30.  0. 10.  9.  7.  0.
  0.  0.  0.  0.  0.  0.  0.  0.  0.  0.  0.  0.  0.  0.  8.  0.  0.  0.
  0.  0.  0.  0.  0.  0.  0.  0.  0. 31.  0.  0.  0.  0.  0.  0.  0.  0.
  0.  0.  0.  0.  0.  0.  0.  0.  0.  0.  0.  0.  0.  0.  0.  0.  0.  0.
  0.  0.  0.  0.  0.  0.  0.  0.  0.]