[ 0.  0.  0.  0.  0.  0.  0.  0.  0.  0.  0.  0.  0.  0.  0.  0.  0.  0.
  0.  0.  0.  0.  0.  0.  0.  0.  0.  0.  0.  0.  0.  0.  0.  0.  0.  0.
 35.  0.  0.  0.  0.  0.  0.  0.  0.  0.  0.  0.  0.  0.  0. 36. 34.  0.
 32.  0.  0.  0.  0.  0.  0.  0.  0.  0.  0.  0.  0. 31. 24.  0.  0.  0.
  0.  0.  0.  0.  0.  0.  0.  0.  0.  0. 22. 25. 20.  0. 23. 28.  0.  0.
  0.  0.  0.  0.  0.  0. 33.  0.  0.  0. 26. 27.  0.  0.  0.  0.  0.  0.
  0.  0.  0.  0.  1.  9.  8. 17. 29.  0.  0.  0.  0.  0.  0.  0.  0.  0.
  7.  2.  4. 21. 14. 30.  0.  0.  0.  0.  0.  0.  0. 13. 12.  6. 10.  5.
  3. 16. 15.  0.  0.  0.  0.  0.  0.  0.  0.  0. 11. 18.  0.  0.  0.  0.
  0.  0.  0.  0.  0.  0.  0.  0.  0.  0.  0. 19.  0.  0.  0.  0.  0.  0.
  0.  0.  0.  0.  0.  0.  0.  0.  0.  0.  0.  0.  0.  0.  0.  0.  0.  0.
  0.  0.  0.  0.  0.  0.  0.  0.  0.  0.  0.  0.  0.  0.  0.  0.  0.  0.
  0.  0.  0.  0.  0.  0.  0.  0.  0.]