[ 0.  0.  0.  0.  0.  0.  0.  0.  0.  0.  0.  0.  0.  0.  0.  0.  0.  0.
  0.  0.  0.  0.  0.  0.  0.  0.  0.  0.  0.  0.  0.  0.  0.  0.  0.  0.
  0.  0.  0.  0.  0.  0.  0.  0.  0.  0.  0.  0.  0.  0.  0.  0.  0.  0.
  0.  0.  0.  0.  0.  0.  0.  0.  0.  0.  0.  0.  0.  0.  0.  0.  0.  0.
  0.  0.  0.  0.  0.  0.  0.  0.  0.  0. 12.  0.  0.  0.  0.  0.  0.  0.
  0.  0.  0.  0.  0.  0.  0. 18.  8.  0.  0.  0.  0.  0.  0.  0.  0.  0.
  0.  0.  0.  0.  1. 11.  6. 20.  0.  0.  0.  0.  0.  0.  0.  0.  0.  0.
  5.  9. 10.  7. 13.  0. 21.  0.  0.  0.  0.  0.  0.  0.  0. 14. 15.  0.
  4. 17.  0.  0.  0.  0.  0.  0.  0.  0.  0.  0.  0. 16.  0.  2. 19.  0.
  0.  0.  0.  0.  0.  0.  0.  3.  0.  0.  0.  0. 25. 24.  0.  0.  0.  0.
  0.  0.  0.  0.  0.  0.  0.  0.  0. 22. 23.  0.  0.  0.  0.  0.  0.  0.
  0.  0.  0.  0.  0.  0.  0.  0.  0.  0.  0.  0.  0.  0.  0.  0.  0.  0.
  0.  0.  0.  0.  0.  0.  0.  0.  0.]