[ 0.  0.  0.  0.  0.  0.  0.  0.  0.  0.  0.  0.  0.  0.  0.  0.  0.  0.
  0.  0.  0. 32.  0.  0.  0.  0.  0.  0.  0.  0.  0.  0.  0.  0.  0. 31.
  0.  0.  0.  0.  0.  0.  0.  0.  0.  0.  0.  0. 38. 27. 26.  0. 24. 21.
  0.  0.  0.  0.  0.  0.  0.  0. 30. 29. 25.  0. 23. 12. 22. 11.  0.  0.
  0.  0.  0. 40. 39. 33. 35. 19. 36. 20.  3. 13. 10.  0.  0.  0.  0.  0.
  0. 34.  0. 37. 28.  0.  0.  0.  5.  8.  7.  0.  0.  0.  0.  0.  0. 41.
  0.  0.  0. 14.  1.  0.  6. 18.  0.  0.  0.  0.  0.  0.  0.  0.  0.  0.
  0.  4.  2.  9.  0.  0.  0.  0.  0.  0.  0.  0.  0.  0.  0. 15.  0. 16.
  0.  0.  0.  0.  0.  0.  0.  0.  0.  0.  0.  0.  0.  0.  0. 17.  0.  0.
  0.  0.  0.  0.  0.  0.  0.  0.  0.  0.  0.  0.  0.  0.  0.  0.  0.  0.
  0.  0.  0.  0.  0.  0.  0.  0.  0.  0.  0.  0.  0.  0.  0.  0.  0.  0.
  0.  0.  0.  0.  0.  0.  0.  0.  0.  0.  0.  0.  0.  0.  0.  0.  0.  0.
  0.  0.  0.  0.  0.  0.  0.  0.  0.]