[ 0.  0.  0.  0.  0.  0.  0.  0.  0.  0.  0.  0.  0.  0.  0.  0.  0.  0.
  0.  0.  0.  0.  0.  0.  0.  0.  0.  0.  0.  0.  0.  0.  0.  0.  0.  0.
 26.  0.  0.  0.  0.  0.  0.  0.  0.  0.  0.  0.  0.  0.  0.  0. 25.  0.
  0.  0.  0.  0.  0.  0.  0.  0.  0.  0.  0. 35. 37. 31. 23.  0.  0.  0.
  0.  0.  0.  0.  0.  0.  0.  0. 36. 34. 29.  0. 19. 20.  0.  0.  0.  0.
  0.  0.  0. 16.  0. 33. 30. 32. 24.  8. 13.  0.  0.  0.  0.  0.  0.  0.
  0. 15. 27. 28.  1.  9. 10.  0. 12.  0.  0.  0.  0.  0.  0.  0. 17.  5.
  0.  2.  4.  6.  7.  0.  0.  0.  0.  0.  0.  0.  0. 18. 14. 21. 22.  3.
 11.  0.  0.  0.  0.  0.  0.  0.  0.  0.  0.  0.  0.  0.  0.  0.  0.  0.
  0.  0.  0.  0.  0.  0.  0.  0.  0.  0.  0.  0.  0.  0.  0.  0.  0.  0.
  0.  0.  0.  0.  0.  0.  0.  0.  0.  0.  0.  0.  0.  0.  0.  0.  0.  0.
  0.  0.  0.  0.  0.  0.  0.  0.  0.  0.  0.  0.  0.  0.  0.  0.  0.  0.
  0.  0.  0.  0.  0.  0.  0.  0.  0.]