[ 0.  0.  0.  0.  0.  0.  0.  0.  0.  0.  0.  0.  0.  0.  0.  0.  0.  0.
  0.  0.  0.  0.  0.  0.  0.  0.  0.  0.  0.  0.  0.  0.  0.  0.  0.  0.
  0.  0.  0.  0.  0.  0.  0.  0.  0.  0.  0.  0.  0.  0.  0. 24.  0.  0.
  0.  0.  0.  0.  0.  0.  0.  0.  0.  0.  0. 20.  0.  0. 11. 13.  0.  0.
  0.  0.  0.  0.  0.  0.  0.  0.  0. 21.  0. 10.  0. 17.  0.  0.  0.  0.
  0.  0.  0.  0.  0.  9.  6. 12.  8. 14. 15.  0.  0.  0.  0.  0.  0.  0.
  0.  0.  0.  4.  1. 16.  3. 22.  0.  0.  0.  0.  0.  0.  0.  0.  0.  0.
  7.  2.  0. 18.  0. 23.  0.  0.  0.  0.  0.  0.  0.  0.  0.  0.  0.  0.
  5. 19.  0.  0.  0.  0.  0.  0.  0.  0.  0.  0.  0.  0.  0.  0.  0.  0.
  0.  0.  0.  0.  0.  0.  0.  0.  0.  0.  0.  0.  0.  0.  0.  0.  0.  0.
  0.  0.  0.  0.  0.  0.  0.  0.  0.  0.  0.  0.  0.  0.  0.  0.  0.  0.
  0.  0.  0.  0.  0.  0.  0.  0.  0.  0.  0.  0.  0.  0.  0.  0.  0.  0.
  0.  0.  0.  0.  0.  0.  0.  0.  0.]