[ 0.  0.  0.  0.  0.  0.  0.  0.  0.  0.  0.  0.  0.  0.  0.  0.  0.  0.
  0.  0.  0.  0.  0.  0.  0.  0.  0.  0.  0.  0.  0.  0.  0.  0.  0.  0.
  0.  0.  0.  0.  0.  0.  0.  0.  0.  0.  0.  0.  0.  0.  0.  0.  0.  0.
  0.  0.  0.  0.  0.  0.  0.  0.  0.  0.  0.  0.  0.  0. 24.  0.  0.  0.
  0.  0.  0.  0.  0.  0.  0.  0.  0. 28.  1. 23. 25.  0.  0. 27.  0.  0.
  0.  0.  0.  0.  0. 11.  0. 29. 15. 30. 35. 26.  0.  0.  0.  0.  0.  0.
  0.  0.  8.  3.  0. 19. 14. 18. 36.  0.  0.  0.  0.  0.  0.  0.  7.  2.
  6.  4. 13. 16. 34. 31.  0.  0.  0.  0.  0.  0.  0.  0. 10.  5.  9. 20.
 12. 32. 22. 33.  0.  0.  0.  0.  0.  0.  0.  0.  0. 21.  0. 17.  0.  0.
  0.  0.  0.  0.  0.  0.  0.  0.  0.  0.  0.  0.  0.  0.  0.  0.  0.  0.
  0.  0.  0.  0.  0.  0.  0.  0.  0.  0.  0.  0.  0.  0.  0.  0.  0.  0.
  0.  0.  0.  0.  0.  0.  0.  0.  0.  0.  0.  0.  0.  0.  0.  0.  0.  0.
  0.  0.  0.  0.  0.  0.  0.  0.  0.]