[ 0.  0.  0.  0.  0.  0.  0.  0.  0.  0.  0.  0.  0.  0.  0.  0.  0.  0.
  0.  0.  0.  0.  0.  0.  0.  0.  0.  0.  0.  0.  0.  0.  0.  0.  0. 44.
  0.  0.  0.  0.  0. 37.  0.  0.  0.  0.  0. 41. 39. 42. 33. 35. 38. 29.
  0. 30.  0.  0.  0.  0.  0.  0.  0.  0. 40. 43. 28. 19. 24. 36.  0.  0.
  0.  0.  0.  0.  0.  0.  0. 45. 27.  0. 20. 18.  0. 13.  0.  0.  0.  0.
  0.  0. 34.  0. 23. 31. 25. 32.  7. 10.  0.  0.  0.  0.  0.  0.  0.  0.
  0. 26. 22. 21.  1.  6.  5.  0.  0.  0.  0.  0.  0.  0.  0.  0.  0. 15.
  8.  2.  4.  9. 12.  0.  0.  0.  0.  0.  0.  0.  0.  0.  0. 11.  0. 14.
  3.  0.  0.  0.  0.  0.  0.  0.  0.  0.  0.  0.  0.  0.  0. 16.  0.  0.
  0.  0.  0.  0.  0.  0.  0.  0.  0.  0.  0.  0.  0. 17.  0.  0.  0.  0.
  0.  0.  0.  0.  0.  0.  0.  0.  0.  0.  0.  0.  0.  0.  0.  0.  0.  0.
  0.  0.  0.  0.  0.  0.  0.  0.  0.  0.  0.  0.  0.  0.  0.  0.  0.  0.
  0.  0.  0.  0.  0.  0.  0.  0.  0.]