[ 0.  0.  0.  0.  0.  0.  0.  0.  0.  0.  0.  0.  0.  0.  0.  0.  0.  0.
  0.  0.  0.  0.  0.  0.  0.  0.  0.  0.  0.  0.  0.  0.  0.  0.  0.  0.
  0.  0.  0.  0.  0.  0.  0.  0.  0.  0.  0.  0.  0.  0.  0.  0.  0. 41.
 40. 38.  0.  0.  0.  0.  0.  0.  0. 48.  0. 45.  0.  0. 44. 37. 43. 39.
  0.  0.  0.  0.  0.  0. 47. 46.  0. 28.  0. 15.  0. 42.  0.  0.  0.  0.
  0.  0.  0.  0.  0.  0.  0.  0.  6. 11.  0.  0.  0.  0.  0.  0.  0.  0.
  0. 27.  0.  0.  1. 10.  9. 16.  0.  0.  0.  0.  0.  0.  0. 36.  0. 26.
  5.  2.  4. 12.  0.  0.  0.  0.  0.  0.  0.  0.  0. 35.  0.  8. 22.  7.
  3. 13. 14.  0.  0.  0.  0.  0.  0. 29. 30. 19. 23. 24. 17.  0.  0.  0.
  0.  0.  0.  0.  0.  0.  0. 32. 33.  0. 18.  0. 21.  0.  0.  0.  0.  0.
  0.  0.  0.  0.  0. 31.  0. 25. 20.  0.  0.  0.  0.  0.  0.  0.  0.  0.
  0.  0. 34.  0.  0.  0.  0.  0.  0.  0.  0.  0.  0.  0.  0.  0.  0.  0.
  0.  0.  0.  0.  0.  0.  0.  0.  0.]