[ 0.  0.  0.  0.  0.  0.  0.  0.  0.  0.  0.  0.  0.  0.  0.  0.  0.  0.
  0.  0.  0.  0.  0.  0.  0.  0.  0.  0.  0.  0.  0.  0.  0.  0.  0.  0.
  0.  0.  0.  0.  0.  0.  0.  0.  0.  0.  0.  0.  0.  0. 34.  0.  0. 43.
 39.  0. 38.  0.  0.  0.  0.  0.  0.  0.  0.  0. 33. 24.  0. 28. 37. 40.
  0.  0.  0.  0.  0.  0.  0.  0. 32. 29. 23. 27. 35. 36. 44.  0.  0.  0.
  0.  0. 31. 14. 30. 18.  6.  3. 25. 41. 22. 42.  0.  0.  0.  0.  0.  0.
 16. 11. 15.  7.  1.  8. 21.  0.  0.  0.  0.  0.  0.  0.  0. 17.  0.  9.
  4.  2.  5.  0. 26.  0.  0.  0.  0.  0.  0.  0.  0. 10.  0. 13. 19.  0.
 20.  0.  0.  0.  0.  0.  0.  0.  0.  0.  0. 12.  0.  0.  0.  0.  0.  0.
  0.  0.  0.  0.  0.  0.  0.  0.  0.  0.  0.  0.  0.  0.  0.  0.  0.  0.
  0.  0.  0.  0.  0.  0.  0.  0.  0.  0.  0.  0.  0.  0.  0.  0.  0.  0.
  0.  0.  0.  0.  0.  0.  0.  0.  0.  0.  0.  0.  0.  0.  0.  0.  0.  0.
  0.  0.  0.  0.  0.  0.  0.  0.  0.]