[ 0.  0.  0.  0.  0.  0.  0.  0.  0.  0.  0.  0.  0.  0.  0.  0.  0.  0.
  0.  0.  0.  0.  0.  0.  0.  0.  0.  0.  0.  0.  0.  0.  0.  0.  0. 39.
  0.  0.  0.  0.  0.  0.  0.  0.  0.  0.  0.  0.  0.  0. 36. 40.  0. 44.
 45.  0.  0.  0.  0.  0.  0.  0.  0.  0.  0. 34. 32. 35.  0.  0.  0.  0.
  0.  0.  0.  0.  0.  0.  0. 41. 30. 31.  0. 37.  0.  0.  0.  0.  0.  0.
  0.  0.  0. 22. 21.  0.  3.  0.  6. 13. 46.  0.  0.  0.  0.  0.  0.  0.
 19. 20.  9.  0.  1. 12. 11. 38.  0.  0.  0.  0.  0.  0.  0.  0. 18. 23.
  5.  4.  2.  0. 26. 33.  0.  0.  0.  0.  0.  0. 17. 14. 16.  8. 10.  7.
  0. 42.  0.  0.  0.  0.  0.  0.  0.  0. 27. 15. 25. 28.  0.  0. 43.  0.
  0.  0.  0.  0.  0.  0.  0.  0.  0.  0. 24.  0.  0.  0.  0.  0.  0.  0.
  0.  0.  0.  0.  0.  0.  0. 29.  0.  0.  0.  0.  0.  0.  0.  0.  0.  0.
  0.  0.  0.  0.  0.  0.  0.  0.  0.  0.  0.  0.  0.  0.  0.  0.  0.  0.
  0.  0.  0.  0.  0.  0.  0.  0.  0.]