[ 0.  0.  0.  0.  0.  0.  0.  0.  0.  0.  0.  0.  0.  0.  0.  0.  0.  0.
  0.  0.  0.  0.  0.  0.  0.  0.  0.  0.  0.  0.  0.  0.  0.  0.  0.  0.
  0. 13.  0.  0.  0.  0.  0.  0.  0.  0.  0.  0.  0.  0.  0.  0.  0.  0.
  0.  0.  0.  0.  0.  0.  0.  0.  0.  0.  0.  0.  0.  0.  0. 15.  0.  0.
  0.  0.  0.  0.  0.  0.  0.  0.  0.  0.  9.  3. 10.  5.  0.  0.  0.  0.
  0.  0.  0.  0.  0.  0.  0.  7.  6.  4.  0.  0.  0.  0.  0.  0.  0.  0.
  0.  0.  0.  8.  1.  0. 14.  0.  0.  0.  0.  0.  0.  0.  0.  0.  0.  0.
  0.  2.  0. 12.  0.  0.  0.  0.  0.  0.  0.  0.  0.  0.  0.  0.  0. 11.
  0.  0.  0.  0.  0.  0.  0.  0.  0.  0.  0.  0.  0.  0.  0.  0.  0.  0.
  0.  0.  0.  0.  0.  0.  0.  0.  0.  0.  0.  0.  0.  0.  0.  0.  0.  0.
  0.  0.  0.  0.  0.  0.  0.  0.  0.  0.  0.  0.  0.  0.  0.  0.  0.  0.
  0.  0.  0.  0.  0.  0.  0.  0.  0.  0.  0.  0.  0.  0.  0.  0.  0.  0.
  0.  0.  0.  0.  0.  0.  0.  0.  0.]