[ 0.  0.  0.  0.  0.  0.  0.  0.  0.  0.  0.  0.  0.  0.  0.  0.  0.  0.
  0.  0.  0.  0.  0.  0.  0.  0.  0.  0.  0.  0.  0.  0.  0.  0.  0.  0.
  0.  0. 54.  0.  0.  0.  0.  0.  0.  0.  0.  0.  0.  0.  0.  0. 31.  0.
  0.  0.  0.  0.  0.  0.  0. 49. 48.  0. 36. 46. 53. 10. 11. 32.  0. 20.
  0.  0.  0.  0.  0. 47. 34. 33.  0.  3. 52. 51.  5. 19. 60.  0.  0.  0.
  0. 44. 39. 43. 35.  9.  4.  2.  6.  7. 14. 25.  0.  0.  0.  0.  0. 45.
 42. 50. 30.  0.  1.  0.  8. 24. 18. 23.  0.  0.  0.  0.  0. 38. 37. 29.
  0.  0. 15. 22. 13. 21. 59. 28.  0.  0.  0.  0.  0. 40. 41. 16.  0. 12.
 17.  0.  0.  0.  0.  0.  0.  0.  0.  0.  0.  0.  0. 26.  0.  0. 61.  0.
  0.  0.  0.  0.  0.  0. 56.  0. 55. 27. 57. 58.  0.  0.  0.  0.  0.  0.
  0.  0.  0.  0.  0.  0.  0.  0.  0.  0.  0.  0.  0.  0.  0.  0.  0.  0.
  0.  0.  0.  0.  0.  0.  0.  0.  0.  0.  0.  0.  0.  0.  0.  0.  0.  0.
  0.  0.  0.  0.  0.  0.  0.  0.  0.]