[ 0.  0.  0.  0.  0.  0.  0.  0.  0.  0.  0.  0.  0.  0.  0.  0.  0.  0.
  0.  0.  0.  0.  0.  0.  0.  0.  0.  0.  0.  0.  0.  0.  0.  0.  0.  0.
  0.  0.  0.  0.  0.  0.  0.  0.  0.  0.  0.  0.  0.  0.  0.  0.  0.  0.
  0.  0.  0.  0.  0.  0.  0.  0.  0.  0.  0.  0.  0.  0.  0.  0.  0.  0.
  0.  0.  0.  0.  0.  0.  0.  0.  0.  0.  0.  0.  0.  0.  0.  0.  0.  0.
  0.  0.  0.  0.  0.  0.  0.  0.  0.  0.  0.  0.  0.  0.  0.  0.  0.  0.
  0.  0.  0.  0.  1.  0.  6.  0.  0.  0.  0.  0.  0.  0.  0.  0.  0.  0.
 10.  0.  2.  5. 20.  0. 24.  0.  0.  0.  0.  0.  0.  0.  0.  0.  7.  8.
  3. 26. 23.  0.  0.  0.  0.  0.  0.  0.  0.  0.  0.  4.  9. 19. 21. 15.
 22.  0.  0.  0.  0.  0.  0.  0. 32. 27. 31. 13. 11. 14.  0.  0.  0.  0.
  0.  0.  0.  0.  0.  0. 33. 25. 28. 12. 17. 16.  0.  0.  0.  0.  0.  0.
  0.  0.  0. 29.  0.  0.  0.  0. 18.  0.  0.  0.  0.  0.  0.  0.  0. 30.
  0.  0.  0.  0.  0.  0.  0.  0.  0.]