[ 0.  0.  0.  0.  0.  0.  0.  0.  0.  0.  0.  0.  0.  0.  0.  0.  0.  0.
  0.  0.  0.  0.  0.  0.  0.  0.  0.  0.  0.  0.  0.  0.  0.  0.  0.  0.
  0.  0.  0.  0.  0.  0.  0.  0.  0.  0.  0.  0.  0.  0.  0.  0.  0.  0.
  0.  0.  0.  0.  0.  0.  0.  0.  0.  0.  0.  0.  0.  0.  0.  0.  0. 12.
  0.  0.  0.  0.  0.  0.  0.  0.  0.  0.  0.  0.  3. 13.  0.  0.  0.  0.
  0.  0.  0.  0.  0.  0.  0.  0.  0.  8.  0.  0.  0.  0.  0.  0.  0.  0.
  0.  0.  0.  9.  1. 10.  5.  0.  0.  0.  0.  0.  0.  0.  0.  0. 14.  0.
  4.  6.  2.  7.  0.  0.  0.  0.  0.  0.  0.  0.  0.  0.  0. 11.  0.  0.
  0.  0.  0.  0.  0.  0.  0.  0.  0.  0.  0.  0.  0.  0.  0.  0.  0.  0.
  0.  0.  0.  0.  0.  0.  0.  0.  0.  0.  0.  0.  0.  0.  0.  0.  0.  0.
  0.  0.  0.  0.  0.  0.  0.  0.  0.  0.  0.  0.  0.  0.  0.  0.  0.  0.
  0.  0.  0.  0.  0.  0.  0.  0.  0.  0.  0.  0.  0.  0.  0.  0.  0.  0.
  0.  0.  0.  0.  0.  0.  0.  0.  0.]