[ 0.  0.  0.  0.  0.  0.  0.  0.  0.  0.  0.  0.  0.  0.  0.  0.  0.  0.
  0.  0.  0.  0.  0.  0. 28. 25.  0.  0.  0.  0.  0.  0.  0.  0.  0. 22.
  0.  0. 30. 27. 20.  0.  0.  0.  0.  0.  0.  0.  0.  0.  0. 21. 14.  0.
 19. 16.  0.  0.  0.  0.  0.  0.  0.  0.  0.  0. 18. 17. 13. 15. 24.  0.
  0.  0.  0.  0.  0.  0.  0.  0.  0. 10.  9.  3.  0. 12.  0. 26.  0.  0.
  0.  0.  0.  0.  0.  0.  0.  0.  6.  0. 11. 23.  0.  0.  0.  0.  0.  0.
  0.  0.  0.  0.  1.  7.  8.  0.  0.  0.  0.  0.  0.  0.  0.  0.  0.  0.
  0.  4.  2.  5.  0.  0.  0.  0.  0.  0.  0.  0.  0.  0.  0.  0.  0.  0.
  0. 29.  0.  0.  0.  0.  0.  0.  0.  0.  0.  0.  0.  0.  0.  0.  0.  0.
  0.  0.  0.  0.  0.  0.  0.  0.  0.  0.  0.  0.  0.  0.  0.  0.  0.  0.
  0.  0.  0.  0.  0.  0.  0.  0.  0.  0.  0.  0.  0.  0.  0.  0.  0.  0.
  0.  0.  0.  0.  0.  0.  0.  0.  0.  0.  0.  0.  0.  0.  0.  0.  0.  0.
  0.  0.  0.  0.  0.  0.  0.  0.  0.]