[ 0.  0.  0.  0.  0.  0.  0.  0.  0.  0.  0.  0.  0.  0.  0.  0.  0.  0.
  0.  0.  0. 30.  0.  0.  0.  0.  0.  0.  0.  0.  0.  0.  0.  0.  0. 24.
 29.  0.  0.  0.  0.  0.  0.  0.  0.  0.  0.  0.  0.  0. 31. 23. 28.  0.
  0.  0.  0.  0.  0.  0.  0.  0.  0.  0.  0.  0. 25. 15. 14.  0.  8. 10.
  0.  0.  0.  0.  0.  0.  0. 22. 21. 17. 19. 13. 20.  7.  0.  0.  0.  0.
  0.  0.  0.  0. 27. 18. 26.  6.  0.  9.  5.  0.  0.  0.  0.  0.  0.  0.
  0.  0.  0. 11.  1.  3.  4. 16.  0.  0.  0.  0.  0.  0.  0.  0.  0.  0.
  0.  0.  2.  0.  0.  0.  0.  0.  0.  0.  0.  0.  0.  0.  0. 12.  0.  0.
  0.  0.  0.  0.  0.  0.  0.  0.  0.  0.  0.  0.  0.  0.  0.  0.  0.  0.
  0.  0.  0.  0.  0.  0.  0.  0.  0.  0.  0.  0.  0.  0.  0.  0.  0.  0.
  0.  0.  0.  0.  0.  0.  0.  0.  0.  0.  0.  0.  0.  0.  0.  0.  0.  0.
  0.  0.  0.  0.  0.  0.  0.  0.  0.  0.  0.  0.  0.  0.  0.  0.  0.  0.
  0.  0.  0.  0.  0.  0.  0.  0.  0.]