[ 0.  0.  0.  0.  0.  0.  0.  0.  0.  0.  0.  0.  0.  0.  0.  0.  0.  0.
  0.  0.  0.  0.  0.  0.  0.  0.  0.  0.  0.  0.  0.  0.  0.  0.  0.  0.
  0.  0.  0.  0.  0.  0.  0.  0.  0.  0.  0.  0.  0.  0.  0.  0.  0.  0.
  0.  0.  0.  0.  0.  0.  0.  0.  0.  0.  0.  0.  0.  0.  0. 12.  0.  0.
  0.  0.  0.  0.  0.  0.  0.  0.  0. 14.  0.  9.  3.  0.  0.  0.  0.  0.
  0.  0.  0.  0.  0. 15. 13. 11.  6. 17.  0.  0.  0.  0.  0.  0.  0.  0.
  0.  0.  0.  7.  1.  8.  0.  0.  0.  0.  0.  0.  0.  0.  0.  0.  0.  0.
  5.  4.  2. 10.  0.  0.  0.  0.  0.  0.  0.  0.  0.  0. 26. 16. 20. 18.
 21.  0.  0.  0.  0.  0.  0.  0.  0.  0.  0. 24. 23.  0. 19.  0.  0.  0.
  0.  0.  0.  0.  0.  0.  0. 25. 22.  0.  0.  0.  0.  0.  0.  0.  0.  0.
  0.  0.  0.  0.  0.  0.  0.  0.  0.  0.  0.  0.  0.  0.  0.  0.  0.  0.
  0.  0.  0.  0.  0.  0.  0.  0.  0.  0.  0.  0.  0.  0.  0.  0.  0.  0.
  0.  0.  0.  0.  0.  0.  0.  0.  0.]