[ 0.  0.  0.  0.  0.  0.  0.  0.  0.  0.  0.  0.  0.  0.  0.  0.  0.  0.
  0.  0.  0.  0.  0.  0.  0.  0.  0.  0.  0.  0.  0.  0.  0.  0.  0.  0.
  0.  0.  0.  0.  0.  0.  0.  0.  0.  0.  0.  0.  0.  0.  0.  0.  0.  0.
  0.  0.  0.  0.  0.  0.  0.  0.  0.  0.  0.  0.  0.  0.  0. 22.  0.  0.
  0.  0.  0.  0.  0.  0.  0.  0.  0.  0.  6.  5.  0. 19.  0.  0.  0.  0.
  0.  0.  0.  0.  0.  0.  0.  0.  0.  4. 20. 17.  0.  0.  0.  0.  0.  0.
  0.  0.  0.  8.  1.  0.  3. 13. 14. 21.  0.  0.  0.  0.  0.  0.  0.  0.
  9.  0.  2. 18. 15. 23.  0.  0.  0.  0.  0.  0.  0.  0.  0.  0. 10.  7.
  0. 11. 12.  0.  0.  0.  0.  0.  0.  0.  0.  0.  0.  0.  0.  0. 16.  0.
  0.  0.  0.  0.  0.  0.  0.  0.  0.  0.  0.  0.  0.  0.  0.  0.  0.  0.
  0.  0.  0.  0.  0.  0.  0.  0.  0.  0.  0.  0.  0.  0.  0.  0.  0.  0.
  0.  0.  0.  0.  0.  0.  0.  0.  0.  0.  0.  0.  0.  0.  0.  0.  0.  0.
  0.  0.  0.  0.  0.  0.  0.  0.  0.]