[ 0.  0.  0.  0.  0.  0.  0.  0.  0.  0.  0.  0.  0.  0.  0.  0.  0.  0.
  0.  0.  0.  0.  0.  0.  0.  0.  0.  0.  0.  0.  0.  0.  0.  0.  0.  0.
  0.  0.  0.  0.  0. 12.  0.  0.  0.  0.  0.  0.  0.  0.  0.  0.  0.  0.
  0. 11. 19. 20.  0.  0.  0.  0.  0.  0.  0.  0.  0.  8.  0.  9. 16.  0.
  0. 24.  0.  0.  0.  0.  0.  0.  0.  0.  0.  7.  6. 15.  0. 21.  0.  0.
  0.  0.  0.  0.  0.  0.  0.  3. 14.  5. 13. 17. 22.  0.  0.  0.  0.  0.
  0.  0.  0. 10.  1.  4.  0. 23.  0. 18.  0.  0.  0.  0.  0.  0.  0.  0.
  0.  2. 33. 29. 27. 25. 31. 32.  0.  0.  0.  0.  0.  0.  0.  0.  0. 30.
  0. 28.  0. 26.  0.  0.  0.  0.  0.  0.  0.  0.  0.  0.  0.  0.  0.  0.
  0.  0.  0.  0.  0.  0.  0.  0.  0.  0.  0.  0.  0.  0.  0.  0.  0.  0.
  0.  0.  0.  0.  0.  0.  0.  0.  0.  0.  0.  0.  0.  0.  0.  0.  0.  0.
  0.  0.  0.  0.  0.  0.  0.  0.  0.  0.  0.  0.  0.  0.  0.  0.  0.  0.
  0.  0.  0.  0.  0.  0.  0.  0.  0.]