[ 0.  0.  0.  0.  0.  0.  0.  0.  0.  0.  0.  0.  0.  0.  0.  0.  0.  0.
  0.  0.  0.  0.  0.  0.  0.  0.  0.  0.  0.  0.  0.  0.  0.  0.  0.  0.
  0.  0.  0.  0.  0.  0.  0.  0.  0.  0.  0.  0.  0.  0.  0.  0.  0.  0.
  0.  0.  0.  0.  0.  0.  0.  0.  0.  0.  0. 26.  0.  0.  0.  0.  0.  0.
  0.  0.  0.  0.  0.  0.  0.  0.  0. 23. 24.  0.  0.  0. 17.  0.  0.  0.
  0.  0.  0.  0.  0.  0. 22. 25.  0.  0. 16.  0.  0.  0.  0.  0.  0.  0.
  0.  0. 20.  0.  1.  5.  8. 13.  0.  0.  0.  0.  0.  0.  0.  0. 27.  9.
  6.  2.  4.  7.  0.  0.  0.  0.  0.  0.  0.  0.  0.  0.  0.  0.  0. 14.
  3. 10.  0.  0.  0.  0.  0.  0.  0.  0.  0.  0. 11.  0.  0. 12.  0.  0.
  0.  0.  0.  0.  0.  0.  0.  0.  0.  0.  0. 18.  0. 15.  0.  0.  0.  0.
  0.  0.  0.  0.  0.  0.  0. 19. 21.  0.  0.  0.  0.  0.  0.  0.  0.  0.
  0.  0.  0.  0.  0.  0.  0.  0.  0.  0.  0.  0.  0.  0.  0.  0.  0.  0.
  0.  0.  0.  0.  0.  0.  0.  0.  0.]