[ 0.  0.  0.  0.  0.  0.  0.  0.  0.  0.  0.  0.  0.  0.  0.  0.  0.  0.
  0.  0.  0.  0.  0.  0.  0.  0.  0.  0.  0.  0.  0.  0.  0.  0.  0.  0.
 46. 44.  0. 50. 48.  0.  0.  0.  0.  0.  0.  0.  0.  0. 42.  0. 45. 43.
 16.  0.  0.  0.  0.  0.  0.  0.  0.  0.  0. 41. 47. 12. 49. 13.  0.  0.
  0.  0.  0.  0.  0.  0.  0.  0.  0.  5.  4. 11.  0.  0.  0.  0.  0.  0.
  0.  0.  0.  0. 39.  0.  8.  3. 10.  7. 27. 17. 35. 36.  0.  0.  0.  0.
  0.  0.  9. 14.  1.  6. 19.  0. 24. 22.  0.  0.  0.  0.  0.  0.  0.  0.
 29.  2. 28. 20. 18. 21.  0.  0.  0.  0.  0.  0.  0.  0.  0. 38. 40. 15.
 25. 26.  0. 34.  0.  0.  0.  0.  0.  0.  0.  0.  0.  0.  0.  0. 31. 32.
  0.  0.  0.  0.  0.  0.  0.  0.  0.  0.  0. 23.  0. 30.  0. 33.  0.  0.
  0.  0.  0.  0.  0.  0.  0.  0.  0. 37.  0.  0.  0.  0.  0.  0.  0.  0.
  0.  0.  0.  0.  0.  0.  0.  0.  0.  0.  0.  0.  0.  0.  0.  0.  0.  0.
  0.  0.  0.  0.  0.  0.  0.  0.  0.]