[ 0.  0.  0.  0.  0.  0.  0.  0.  0.  0.  0.  0.  0.  0.  0.  0.  0.  0.
  0.  0.  0.  0.  0.  0.  0.  0.  0.  0.  0.  0.  0.  0.  0.  0.  0.  0.
  0.  0.  0.  0. 27.  0. 35.  0.  0.  0.  0.  0.  0. 45.  0.  0.  0.  0.
 28.  0. 30.  0.  0.  0.  0.  0.  0.  0.  0. 42.  0.  0. 21. 25. 26.  0.
 23.  0.  0.  0.  0.  0.  0.  0.  0. 40. 41. 20. 34. 38. 39.  0. 29.  0.
  0.  0.  0.  0.  0. 46.  0. 24.  6.  9. 22. 44. 31.  0.  0.  0.  0.  0.
  0.  0. 16.  0.  1.  0. 10. 19. 32. 33.  0.  0.  0.  0.  0.  0.  0.  0.
  5.  2.  4. 43. 13.  0. 36.  0.  0.  0.  0.  0.  0.  0.  0.  8. 11.  7.
  3. 14.  0.  0. 37.  0.  0.  0.  0.  0.  0. 15.  0. 17. 12.  0.  0.  0.
  0.  0.  0.  0.  0.  0.  0.  0.  0. 18.  0.  0.  0.  0.  0.  0.  0.  0.
  0.  0.  0.  0.  0.  0.  0.  0.  0.  0.  0.  0.  0.  0.  0.  0.  0.  0.
  0.  0.  0.  0.  0.  0.  0.  0.  0.  0.  0.  0.  0.  0.  0.  0.  0.  0.
  0.  0.  0.  0.  0.  0.  0.  0.  0.]