[ 0.  0.  0.  0.  0.  0.  0.  0.  0.  0.  0.  0.  0.  0.  0.  0.  0.  0.
  0.  0.  0.  0.  0.  0.  0.  0.  0.  0.  0.  0.  0.  0.  0.  0.  0.  0.
 22.  0.  0.  0.  0.  0.  0.  0.  0.  0.  0.  0.  0.  0.  0.  0. 19.  0.
 17. 20.  0.  0.  0.  0.  0.  0.  0.  0.  0.  0.  0.  0. 21.  8.  9.  0.
  0.  0.  0.  0.  0.  0.  0.  0.  0.  0. 12.  3.  7. 11. 15. 16.  0.  0.
  0.  0.  0.  0.  0.  0.  0.  6. 10.  5. 13.  0. 18.  0.  0.  0.  0.  0.
  0.  0.  0.  0.  1.  4.  0. 14. 23.  0.  0.  0.  0.  0.  0.  0.  0.  0.
  0.  2.  0.  0.  0.  0.  0.  0.  0.  0.  0.  0.  0.  0.  0.  0.  0.  0.
  0.  0.  0.  0.  0.  0.  0.  0.  0.  0.  0.  0.  0.  0.  0.  0.  0.  0.
  0.  0.  0.  0.  0.  0.  0.  0.  0.  0.  0.  0.  0.  0.  0.  0.  0.  0.
  0.  0.  0.  0.  0.  0.  0.  0.  0.  0.  0.  0.  0.  0.  0.  0.  0.  0.
  0.  0.  0.  0.  0.  0.  0.  0.  0.  0.  0.  0.  0.  0.  0.  0.  0.  0.
  0.  0.  0.  0.  0.  0.  0.  0.  0.]