[ 0.  0.  0.  0.  0.  0.  0.  0.  0.  0.  0.  0.  0.  0.  0.  0.  0.  0.
  0.  0.  0.  0.  0.  0.  0.  0.  0.  0.  0.  0.  0.  0.  0.  0.  0.  0.
  0.  0.  0.  0.  0.  0.  0.  0.  0.  0.  0.  0.  0.  0.  0.  0.  0.  0.
  0.  0.  0.  0.  0.  0.  0.  0.  0.  0.  0.  0.  0.  0. 43.  0.  0.  0.
  0.  0.  0.  0.  0.  0.  0.  0.  0.  0. 15. 42. 52.  0.  0.  0.  0.  0.
  0.  0.  0.  0.  0.  0.  0.  0. 10. 11. 51.  0.  0.  0.  0.  0.  0.  0.
  0.  0.  0.  0.  1. 36.  4. 12. 13.  0.  0.  0.  0.  0.  0. 38. 37.  9.
  0.  6.  2.  3. 14.  0. 35.  0.  0.  0. 45. 48. 41. 39.  0.  8.  5.  7.
 74. 19. 20. 50. 56.  0.  0. 47. 46. 44. 40. 16. 25.  0. 60. 59. 57. 49.
 21. 58. 55.  0.  0.  0.  0. 17. 30. 18.  0.  0. 32. 53. 73. 69.  0.  0.
  0.  0.  0.  0. 29. 28. 24. 22. 26. 27. 62. 66. 71. 70.  0.  0.  0.  0.
  0.  0. 31. 34. 33. 23. 64. 61. 63. 65. 67. 68.  0.  0.  0.  0.  0.  0.
  0. 54.  0.  0.  0.  0. 72.  0. 75.]