[ 0.  0.  0.  0.  0.  0.  0.  0.  0.  0.  0.  0.  0.  0.  0.  0.  0.  0.
  0.  0.  0.  0.  0.  0.  0.  0.  0.  0.  0.  0.  0.  0.  0.  0.  0.  0.
  0.  0.  0.  0.  0.  0.  0.  0.  0.  0.  0.  0.  0.  0.  0.  0. 54.  0.
  0.  0.  0.  0.  0.  0.  0.  0.  0.  0.  0. 31.  0. 26.  0. 48. 49. 34.
  0.  0.  0.  0.  0.  0.  0. 25. 30. 29.  3.  5.  0. 51. 35.  0.  0.  0.
  0.  0.  0. 38. 36. 24. 39.  0. 10. 19. 52. 32. 53.  0.  0.  0.  0.  0.
 28. 43. 40.  8.  1. 11. 13. 17. 18. 50.  0.  0.  0.  0. 37. 41. 27. 42.
  7.  2.  6. 16. 21. 20.  0.  0.  0.  0.  0.  0.  0.  0. 15. 14. 12.  4.
 23. 22. 33.  0.  0.  0.  0.  0.  0.  0. 44.  0. 46. 45.  0.  9.  0.  0.
  0.  0.  0.  0.  0.  0.  0.  0. 47.  0.  0.  0.  0.  0.  0.  0.  0.  0.
  0.  0.  0.  0.  0.  0.  0.  0.  0.  0.  0.  0.  0.  0.  0.  0.  0.  0.
  0.  0.  0.  0.  0.  0.  0.  0.  0.  0.  0.  0.  0.  0.  0.  0.  0.  0.
  0.  0.  0.  0.  0.  0.  0.  0.  0.]