[ 0.  0.  0.  0.  0.  0.  0.  0.  0.  0.  0.  0.  0.  0.  0.  0.  0.  0.
  0.  0.  0.  0.  0.  0.  0.  0.  0.  0.  0.  0.  0.  0.  0.  0.  0.  0.
  0.  0.  0.  0.  0.  0.  0.  0.  0.  0.  0.  0.  0.  0.  0.  0.  0.  0.
  0.  0.  0.  0.  0.  0.  0.  0.  0.  0.  0.  0.  0.  0.  0.  0.  0.  0.
  0.  0.  0.  0.  0.  0.  0.  0.  0.  3.  0.  0.  0.  0.  0.  0.  0.  0.
  0.  0.  0.  0.  0.  6.  0.  0.  0.  0.  0.  0.  0.  0.  0.  0.  0.  0.
  0.  5.  0.  0.  1.  8. 22. 15.  0.  0.  0.  0.  0.  0.  0.  0.  0.  7.
  4.  0.  2. 12. 13.  0.  0.  0.  0.  0.  0.  0.  0.  0.  0.  9.  0. 14.
 18. 16. 19.  0.  0.  0.  0.  0.  0.  0.  0.  0.  0. 10. 11. 20.  0. 17.
  0.  0.  0.  0.  0.  0.  0.  0.  0.  0.  0.  0. 21.  0.  0.  0.  0.  0.
  0.  0.  0.  0.  0.  0.  0.  0.  0.  0.  0.  0.  0.  0.  0.  0.  0.  0.
  0.  0.  0.  0.  0.  0.  0.  0.  0.  0.  0.  0.  0.  0.  0.  0.  0.  0.
  0.  0.  0.  0.  0.  0.  0.  0.  0.]