[ 0.  0.  0.  0.  0.  0.  0.  0.  0. 49.  0.  0.  0.  0.  0.  0.  0.  0.
  0.  0.  0.  0.  0. 41. 48.  0.  0. 46.  0.  0.  0.  0.  0.  0.  0.  0.
  0.  0.  0. 40. 43.  0. 42.  0.  0.  0.  0.  0.  0.  0.  0.  0.  0. 45.
 44. 38. 39.  0.  0.  0.  0.  0.  0.  0.  0.  0. 19. 10.  0. 18. 37. 36.
 47.  0.  0.  0.  0.  0.  0.  0. 20. 12. 11.  9. 17. 33. 34. 51. 52.  0.
  0.  0. 16. 15. 13.  5. 56. 55.  8.  3. 22. 24.  0. 50.  0.  0.  0.  0.
  0.  0. 14.  4.  1. 28. 27. 25. 21. 32.  0.  0.  0.  0.  0. 65. 60.  0.
  7.  2.  6. 54.  0. 23. 35. 53.  0.  0.  0.  0.  0. 62. 59. 61.  0. 29.
 30. 68. 69. 26.  0.  0.  0.  0.  0.  0. 66. 58. 57. 31.  0.  0. 63. 70.
  0.  0.  0.  0.  0.  0.  0. 67.  0. 64.  0.  0. 72.  0.  0. 71.  0.  0.
  0.  0.  0.  0.  0.  0.  0.  0.  0.  0.  0.  0.  0.  0.  0.  0.  0.  0.
  0.  0.  0.  0.  0.  0.  0.  0.  0.  0.  0.  0.  0.  0.  0.  0.  0.  0.
  0.  0.  0.  0.  0.  0.  0.  0.  0.]