[ 0.  0.  0.  0.  0.  0.  0.  0.  0.  0.  0.  0.  0.  0.  0.  0.  0.  0.
  0.  0.  0.  0.  0.  0.  0.  0.  0.  0.  0.  0.  0.  0.  0.  0.  0.  0.
  0.  0.  0.  0.  0.  0.  0.  0.  0.  0.  0.  0.  0.  0.  0.  0.  0.  0.
  0.  0.  0.  0.  0.  0.  0.  0.  0.  0.  0.  0.  0.  0.  0.  0.  0.  0.
  0.  0.  0.  0.  0.  0.  0.  0.  0.  0. 39.  0.  0.  0.  0.  0.  0.  0.
  0.  0.  0.  0.  0.  0. 15.  0. 32.  0.  0.  0.  0.  0.  0.  0.  0.  0.
  0.  0.  0. 14.  1. 13.  8. 17. 48.  0.  0.  0.  0.  0.  0.  0.  0. 11.
 10.  2.  4.  7.  6. 49.  0. 50.  0.  0.  0.  0.  0. 41.  0. 12.  9. 18.
  3. 16. 44.  0.  0.  0.  0.  0.  0.  0. 40. 26. 23. 24.  5. 19. 21. 46.
 45.  0.  0.  0.  0.  0.  0.  0. 25. 22. 29.  0. 20. 28. 42. 43.  0.  0.
  0.  0. 38. 37. 35. 27. 33. 30.  0.  0.  0. 47.  0.  0.  0.  0.  0.  0.
 36.  0. 34.  0.  0. 31.  0.  0.  0.  0.  0.  0.  0.  0.  0.  0.  0.  0.
  0.  0.  0.  0.  0.  0.  0.  0.  0.]