[ 0.  0.  0.  0.  0.  0.  0.  0.  0.  0.  0.  0.  0.  0.  0.  0.  0.  0.
  0.  0.  0.  0.  0.  0.  0.  0.  0.  0.  0.  0.  0.  0.  0.  0.  0.  0.
 43.  0.  0. 47.  0.  0.  0.  0.  0.  0.  0.  0.  0.  0.  0.  0. 41. 38.
 34. 40. 45.  0.  0.  0.  0.  0.  0.  0.  0.  0.  0. 42. 33. 39.  0.  0.
  0.  0.  0.  0.  0.  0.  0.  0.  0. 22.  3.  5. 44. 35.  0. 46.  0.  0.
  0.  0.  0. 32.  0. 21.  0. 37. 10. 20. 36. 49. 48.  0.  0.  0.  0.  0.
  0. 31.  0.  8.  1. 11. 13. 17. 18.  0.  0.  0.  0.  0.  0.  0. 24.  0.
  7.  2.  6. 16.  0. 19. 50.  0.  0.  0.  0.  0. 29. 30. 23.  0. 12.  4.
 15. 14.  0.  0.  0.  0.  0.  0.  0.  0.  0.  0. 27.  0. 28.  9.  0.  0.
  0.  0.  0.  0.  0.  0.  0.  0. 26.  0. 25.  0.  0.  0.  0.  0.  0.  0.
  0.  0.  0.  0.  0.  0.  0.  0.  0.  0.  0.  0.  0.  0.  0.  0.  0.  0.
  0.  0.  0.  0.  0.  0.  0.  0.  0.  0.  0.  0.  0.  0.  0.  0.  0.  0.
  0.  0.  0.  0.  0.  0.  0.  0.  0.]