[ 0.  0.  0.  0.  0.  0.  0.  0.  0.  0.  0.  0.  0.  0.  0.  0.  0.  0.
  0.  0.  0.  0.  0.  0.  0.  0.  0.  0.  0.  0.  0.  0.  0.  0.  0.  0.
  0.  0.  0.  0.  0.  0.  0.  0.  0.  0.  0.  0.  0.  0.  0.  0.  0.  0.
  0.  0.  0.  0.  0.  0.  0.  0.  0.  0.  0.  0.  0.  0.  0.  0.  0.  0.
  0.  0.  0.  0.  0.  0.  0.  0.  0. 15.  0.  0.  0.  0.  0.  0.  0.  0.
  0.  0.  0.  0. 21. 20.  6. 14.  0.  0.  0.  0.  0.  0.  0.  0.  0.  0.
  0.  0. 13.  8.  1.  0.  5.  0.  0.  0.  0.  0.  0.  0.  0.  0.  0. 16.
  4.  2.  7.  0.  0.  0.  0.  0.  0.  0.  0.  0.  0. 17.  0.  9. 12. 11.
  3.  0.  0.  0.  0.  0.  0.  0.  0.  0. 29. 22. 28. 18. 10. 23.  0.  0.
  0.  0.  0.  0.  0.  0.  0.  0. 26.  0. 19.  0. 24.  0.  0.  0.  0.  0.
  0.  0.  0.  0.  0.  0.  0.  0.  0.  0. 25.  0.  0.  0.  0.  0.  0.  0.
 30.  0.  0.  0.  0.  0. 27.  0.  0.  0.  0.  0.  0.  0.  0.  0.  0.  0.
  0.  0.  0.  0.  0.  0.  0.  0.  0.]