[ 0.  0.  0.  0.  0.  0.  0.  0.  0.  0.  0.  0.  0.  0.  0.  0.  0.  0.
  0.  0.  0.  0.  0.  0.  0.  0.  0.  0.  0.  0.  0.  0.  0.  0.  0.  0.
  0.  0.  0.  0.  0.  0.  0.  0.  0.  0.  0.  0.  0.  0.  0.  0.  0.  0.
  0.  0.  0.  0.  0.  0.  0.  0.  0. 21.  0.  0.  0. 15. 14.  0.  0.  0.
  0.  0.  0.  0.  0.  0.  0. 20. 10.  9.  3.  7.  0.  0.  0.  0.  0.  0.
  0.  0.  0.  0. 19. 18. 11.  8.  6. 16.  0.  0.  0.  0.  0.  0.  0.  0.
  0. 17. 13. 12.  1.  0.  0.  0.  0.  0.  0.  0.  0.  0.  0.  0.  0.  0.
  5.  2.  4.  0.  0.  0.  0.  0.  0.  0.  0.  0.  0.  0.  0.  0.  0. 22.
  0.  0.  0.  0.  0.  0.  0.  0.  0.  0.  0.  0.  0.  0.  0.  0.  0.  0.
  0.  0.  0.  0.  0.  0.  0.  0.  0.  0.  0.  0.  0.  0.  0.  0.  0.  0.
  0.  0.  0.  0.  0.  0.  0.  0.  0.  0.  0.  0.  0.  0.  0.  0.  0.  0.
  0.  0.  0.  0.  0.  0.  0.  0.  0.  0.  0.  0.  0.  0.  0.  0.  0.  0.
  0.  0.  0.  0.  0.  0.  0.  0.  0.]