[ 0.  0.  0.  0.  0.  0.  0.  0.  0.  0.  0.  0.  0.  0.  0.  0.  0.  0.
  0.  0.  0.  0.  0.  0.  0.  0.  0.  0.  0.  0.  0.  0.  0.  0.  0. 52.
  0.  0.  0.  0.  0.  0.  0.  0.  0.  0.  0.  0.  0.  0.  0. 35.  0.  0.
  0.  0.  0.  0.  0.  0.  0.  0.  0.  0. 42. 38.  0. 49.  0.  0.  0.  0.
  0.  0.  0.  0.  0.  0. 34. 17.  0. 14.  3.  5.  0.  0.  0.  0.  0.  0.
  0.  0.  0. 37. 33. 16. 32. 50. 10. 51. 15.  0.  0.  0.  0.  0.  0.  0.
 40. 22. 21.  8.  1. 11. 20. 12.  0.  0.  0.  0.  0.  0.  0. 23.  0. 18.
  7.  2.  6. 13.  0.  0.  0.  0.  0.  0.  0.  0. 39. 24. 47. 26. 29.  4.
 19.  0.  0.  0.  0.  0.  0. 46. 45. 25. 41. 43. 44. 31. 30.  9.  0.  0.
  0.  0.  0.  0.  0.  0. 48. 36.  0.  0.  0.  0. 27.  0.  0.  0.  0.  0.
  0.  0.  0.  0.  0.  0.  0.  0.  0. 28.  0.  0.  0.  0.  0.  0.  0.  0.
  0.  0.  0.  0.  0.  0.  0.  0.  0.  0.  0.  0.  0.  0.  0.  0.  0.  0.
  0.  0.  0.  0.  0.  0.  0.  0.  0.]