[ 0.  0.  0.  0.  0.  0.  0.  0.  0.  0.  0.  0.  0.  0.  0.  0.  0.  0.
  0.  0.  0.  0.  0.  0.  0.  0.  0.  0.  0.  0.  0.  0.  0.  0.  0.  0.
  0. 22.  0.  0.  0.  0.  0.  0.  0.  0.  0.  0.  0.  0. 23. 21.  0.  0.
  0.  0.  0.  0.  0.  0.  0.  0.  0.  0. 17. 15. 18.  0.  0.  0.  0.  0.
  0.  0.  0.  0.  0.  0.  0. 19.  0. 16. 11.  0.  8.  0.  0.  0.  0.  0.
  0.  0.  0.  0. 20.  0.  3.  0. 10.  0.  7.  0.  0.  0.  0.  0.  0.  0.
  0.  0. 12.  0.  1. 13.  6.  0.  0.  0.  0.  0.  0.  0.  0.  0.  0.  0.
  0.  4.  2.  5.  0.  0.  0.  0.  0.  0.  0.  0.  0.  0.  0.  9.  0.  0.
  0. 14.  0.  0.  0.  0.  0.  0.  0.  0.  0.  0.  0.  0.  0.  0.  0.  0.
  0.  0.  0.  0.  0.  0.  0.  0.  0.  0.  0.  0.  0.  0.  0.  0.  0.  0.
  0.  0.  0.  0.  0.  0.  0.  0.  0.  0.  0.  0.  0.  0.  0.  0.  0.  0.
  0.  0.  0.  0.  0.  0.  0.  0.  0.  0.  0.  0.  0.  0.  0.  0.  0.  0.
  0.  0.  0.  0.  0.  0.  0.  0.  0.]