[ 0.  0.  0.  0.  0.  0.  0.  0.  0.  0.  0.  0.  0.  0.  0.  0.  0.  0.
  0.  0.  0.  0.  0.  0.  0.  0.  0.  0.  0.  0.  0.  0.  0.  0.  0.  0.
  0.  0.  0.  0.  0.  0.  0.  0.  0.  0.  0.  0.  0.  0.  0.  0.  0.  0.
  0.  0.  0.  0.  0.  0.  0.  0.  0.  0. 37.  0. 23.  0. 14.  0.  0.  0.
  0.  0.  0.  0. 43.  0. 35. 34. 12. 24. 13.  0.  0. 26.  0.  0.  0.  0.
  0.  0. 42.  0. 36. 33. 11.  2.  0. 25.  0.  0.  0.  0.  0.  0.  0. 52.
 40.  8.  7.  3.  1.  5.  6.  0.  0.  0.  0.  0. 45. 44. 38. 32. 30. 39.
  4.  9.  0.  0.  0.  0.  0.  0.  0.  0. 41. 50. 29. 31. 18. 16. 19. 10.
 27.  0.  0.  0.  0.  0.  0.  0.  0. 51. 22. 17. 21. 15.  0.  0.  0.  0.
  0.  0.  0.  0.  0. 53. 46. 48. 28. 49. 20.  0.  0.  0.  0.  0.  0.  0.
  0.  0. 47.  0.  0.  0.  0.  0.  0.  0.  0.  0.  0.  0.  0.  0.  0.  0.
  0.  0.  0.  0.  0.  0.  0.  0.  0.  0.  0.  0.  0.  0.  0.  0.  0.  0.
  0.  0.  0.  0.  0.  0.  0.  0.  0.]