[ 0.  0.  0.  0.  0.  0.  0.  0.  0.  0.  0.  0.  0.  0.  0.  0.  0.  0.
  0.  0.  0.  0.  0.  0.  0.  0.  0.  0.  0.  0.  0.  0.  0.  0.  0.  0.
  0.  0.  0.  0.  0.  0.  0.  0.  0.  0.  0.  0.  0.  0.  0.  0.  0. 18.
  0.  0.  0.  0.  0.  0.  0.  0.  0.  0.  0.  0.  0.  0. 15.  0.  0.  0.
  0.  0.  0.  0.  0.  0.  0.  0.  0. 11. 14. 13.  3.  0.  0.  0.  0.  0.
  0.  0.  0.  0.  0.  0.  0. 12. 17.  8. 16.  0.  0.  0.  0.  0.  0.  0.
  0.  0.  0. 10.  1.  9.  5. 32. 31.  0.  0.  0.  0.  0.  0.  0. 29. 28.
  4.  6.  2.  7. 34.  0.  0.  0.  0.  0.  0.  0.  0.  0.  0. 21. 24. 19.
 33.  0.  0.  0.  0.  0.  0.  0.  0.  0.  0. 30. 22. 20. 23.  0.  0.  0.
  0.  0.  0.  0.  0.  0.  0.  0. 26.  0. 25.  0.  0.  0.  0.  0.  0.  0.
  0.  0.  0.  0. 27.  0. 35.  0.  0.  0.  0.  0.  0.  0.  0.  0.  0.  0.
  0.  0. 36.  0.  0.  0.  0.  0.  0.  0.  0.  0.  0.  0.  0.  0.  0.  0.
  0.  0.  0.  0.  0.  0.  0.  0.  0.]