[ 0.  0.  0.  0.  0.  0.  0.  0.  0.  0.  0.  0.  0.  0.  0.  0.  0.  0.
  0.  0.  0.  0.  0.  0.  0.  0.  0.  0.  0.  0.  0.  0.  0.  0.  0.  0.
  0.  0.  0.  0.  0.  0.  0.  0.  0.  0.  0.  0.  0.  0.  0.  0.  0.  0.
  0.  0.  0.  0.  0.  0.  0. 24.  0.  0.  0.  0.  0.  0.  0.  0.  0.  0.
  0.  0.  0.  0.  0. 23.  0. 29.  0. 18.  0.  0.  0.  0.  0.  0.  0.  0.
  0. 27. 19. 15. 20. 11.  0.  4.  8.  7.  0.  0.  0.  0.  0.  0.  0. 25.
  0. 13. 12.  6.  1.  3.  0.  0.  0.  0.  0.  0.  0.  0. 26. 17. 14.  9.
  5. 10.  2.  0.  0.  0.  0.  0.  0.  0.  0. 21.  0. 28.  0. 16.  0.  0.
  0.  0.  0.  0.  0.  0.  0. 22.  0.  0.  0.  0.  0.  0.  0.  0.  0.  0.
  0.  0.  0.  0.  0.  0.  0.  0.  0.  0.  0.  0.  0.  0.  0.  0.  0.  0.
  0.  0.  0.  0.  0.  0.  0.  0.  0.  0.  0.  0.  0.  0.  0.  0.  0.  0.
  0.  0.  0.  0.  0.  0.  0.  0.  0.  0.  0.  0.  0.  0.  0.  0.  0.  0.
  0.  0.  0.  0.  0.  0.  0.  0.  0.]