[ 0.  0.  0.  0.  0.  0.  0.  0.  0.  0.  0.  0.  0.  0.  0.  0.  0.  0.
  0. 64.  0. 57.  0.  0.  0.  0.  0.  0.  0.  0.  0.  0. 59.  0.  0.  0.
  0. 53.  0.  0.  0.  0.  0.  0.  0.  0.  0.  0. 58. 60. 63. 62. 28.  0.
  0.  0.  0.  0.  0.  0.  0.  0.  0.  0. 52. 49. 51. 56. 27. 55. 26.  0.
  0.  0.  0.  0.  0.  0.  0. 54. 50.  0. 23. 14.  3.  0. 25.  0.  0.  0.
  0.  0.  0.  0. 61. 29. 24.  0. 15. 13. 17. 20.  0.  0.  0.  0.  0.  0.
  0. 30.  0. 11.  1. 12.  6. 16. 18. 19.  0.  0.  0.  0.  0.  0. 37.  9.
  4.  8.  2.  5.  0.  0.  0.  0.  0.  0.  0.  0. 39. 22. 38. 10.  7.  0.
  0. 31.  0.  0.  0.  0.  0.  0.  0.  0. 36. 21. 35. 43.  0. 32.  0.  0.
  0.  0.  0.  0. 48.  0. 41. 45.  0. 34.  0. 33.  0.  0.  0.  0.  0.  0.
  0.  0. 47. 46. 44. 42.  0.  0.  0.  0.  0.  0.  0.  0.  0.  0.  0.  0.
  0. 40.  0.  0.  0.  0.  0.  0.  0.  0.  0.  0.  0.  0.  0.  0.  0.  0.
  0.  0.  0.  0.  0.  0.  0.  0.  0.]