[ 0.  0.  0.  0.  0.  0.  0.  0.  0.  0.  0.  0.  0.  0.  0.  0.  0.  0.
  0.  0.  0.  0.  0.  0.  0.  0.  0.  0.  0.  0.  0.  0.  0.  0.  0.  0.
  0.  0.  0.  0.  0.  0.  0.  0.  0.  0.  0.  0.  0.  0.  0.  0.  0.  0.
  0.  0.  0.  0.  0.  0.  0.  0.  0.  0.  0.  0.  0.  0.  0.  0.  0.  0.
  0.  0.  0.  0.  0.  0.  0.  0.  0.  0.  0.  0.  0.  0.  0.  0.  0.  0.
  0.  0.  0.  0.  0.  0.  3. 10.  0.  0.  0.  0.  0.  0.  0.  0.  0.  0.
  0.  0.  0.  8.  1.  7. 12.  0.  0.  0.  0.  0.  0.  0.  0.  0.  0. 11.
 25.  4.  2.  5.  0.  0.  0.  0.  0.  0.  0.  0.  0. 28. 14.  0. 15.  6.
  0.  0.  0.  0.  0.  0.  0.  0.  0.  0. 22.  0. 13. 26.  0.  9. 23.  0.
  0.  0.  0.  0.  0.  0. 24.  0. 21. 20.  0. 16. 18. 27.  0.  0.  0.  0.
  0.  0. 31.  0.  0.  0. 19.  0. 17. 29.  0.  0.  0.  0.  0.  0. 30.  0.
  0. 32.  0.  0.  0.  0.  0.  0.  0.  0.  0.  0.  0.  0.  0.  0.  0.  0.
  0.  0.  0.  0.  0.  0.  0.  0.  0.]