[ 0.  0.  0.  0.  0.  0.  0.  0.  0.  0.  0.  0.  0.  0.  0.  0.  0.  0.
  0.  0.  0.  0.  0.  0.  0.  0.  0.  0.  0.  0.  0.  0.  0.  0.  0.  0.
  0.  0.  0.  0.  0.  0.  0.  0.  0.  0.  0.  0.  0.  0.  0.  0.  0.  0.
  0.  0.  0.  0.  0.  0.  0.  0.  0.  0.  0.  0.  0.  0.  0.  0.  0.  0.
  0.  0.  0.  0.  0.  0.  0.  0.  0.  0. 23.  0.  0.  0.  0.  0.  0.  0.
  0.  0.  0.  0.  0.  0. 14.  0.  0.  0.  0.  0.  0.  0.  0.  0.  0.  0.
  0.  0. 10.  9.  1.  5.  4.  0.  0.  0.  0.  0.  0.  0.  0.  0.  0. 27.
 13.  2.  6.  3. 21.  0.  0.  0.  0.  0.  0.  0.  0.  0. 24. 34.  7.  8.
 11. 12.  0.  0.  0.  0.  0.  0.  0.  0.  0. 30. 25.  0. 15. 19. 16.  0.
  0.  0.  0.  0.  0.  0.  0. 32. 33. 26. 22.  0. 17.  0.  0.  0.  0.  0.
  0.  0.  0.  0.  0.  0.  0. 28. 29. 20. 18.  0.  0.  0.  0.  0.  0.  0.
  0.  0.  0.  0.  0. 31.  0.  0.  0.  0.  0.  0.  0.  0.  0.  0.  0.  0.
  0.  0.  0.  0.  0.  0.  0.  0.  0.]