[ 0.  0.  0.  0.  0.  0. 83.  0.  0.  0.  0.  0.  0.  0.  0.  0.  0.  0.
  0.  0. 82.  0.  0.  0.  0.  0. 77.  0.  0.  0.  0.  0.  0.  0. 30.  0.
 84.  0.  0.  0. 75. 78.  0.  0.  0.  0.  0.  0. 28. 27. 25. 23.  0. 67.
 55. 49. 57. 58.  0.  0.  0.  0.  0.  0.  0. 26. 29. 24. 76. 50. 56. 59.
  0. 81.  0.  0.  0.  0.  0.  0.  0. 12.  3.  5. 32. 60.  0. 68.  0.  0.
  0.  0. 48. 45. 43. 21.  0.  0. 10.  0. 17.  0.  0. 79.  0.  0.  0. 47.
 44. 46. 22.  8.  1. 11. 14. 18. 31. 16. 80.  0.  0.  0.  0.  0.  0.  0.
  7.  2.  6. 19. 64. 15. 35. 63.  0.  0.  0.  0. 41. 42. 39.  0. 70.  4.
 34. 13. 36.  0. 61.  0.  0.  0.  0.  0. 51.  0. 40.  0. 33.  9.  0. 20.
 65. 73. 62.  0.  0.  0. 52.  0. 53.  0.  0. 38. 37.  0. 66.  0. 74.  0.
  0.  0.  0.  0.  0.  0. 54.  0.  0.  0. 69.  0.  0.  0.  0.  0.  0.  0.
  0.  0.  0.  0.  0.  0.  0.  0. 71.  0.  0.  0.  0.  0.  0.  0.  0.  0.
  0.  0.  0.  0.  0.  0. 72.  0.  0.]