[ 0.  0.  0.  0.  0.  0.  0.  0.  0.  0.  0.  0.  0.  0.  0.  0.  0.  0.
  0. 46.  0. 48.  0.  0.  0.  0.  0.  0.  0.  0.  0.  0.  0.  0.  0. 43.
 47.  0.  0.  0.  0.  0.  0.  0.  0.  0.  0.  0.  0.  0. 40. 45. 44.  0.
  0.  0.  0.  0.  0.  0.  0.  0.  0. 39. 26. 37. 41. 29. 42.  0.  0.  0.
  0.  0.  0.  0.  0.  0. 32. 38. 25. 24. 30.  0. 21.  0.  0. 18.  0.  0.
  0. 36. 33. 35. 31. 28. 23.  0.  4. 22. 16. 17. 61.  0.  0.  0.  0. 56.
 34.  0. 27.  6.  1.  5.  3.  7.  8. 60.  0.  0.  0.  0. 51. 57. 49. 52.
 70.  2. 67.  9. 15. 19. 20.  0.  0.  0.  0. 55. 54. 50.  0. 65. 69. 11.
 10. 13.  0.  0.  0.  0. 76. 75. 59. 53. 73. 74. 71. 12. 63.  0. 62. 14.
  0.  0.  0.  0.  0.  0.  0. 58. 72.  0.  0. 64. 68.  0. 66.  0.  0.  0.
  0.  0.  0.  0.  0.  0.  0.  0.  0.  0.  0.  0.  0.  0.  0.  0.  0.  0.
  0.  0.  0.  0.  0.  0.  0.  0.  0.  0.  0.  0.  0.  0.  0.  0.  0.  0.
  0.  0.  0.  0.  0.  0.  0.  0.  0.]