[ 0.  0.  0.  0.  0.  0.  0.  0.  0.  0.  0.  0.  0.  0.  0.  0.  0.  0.
  0.  0.  0.  0.  0.  0.  0.  0.  0.  0.  0.  0.  0.  0.  0.  0.  0.  0.
  0.  0.  0.  0.  0.  0.  0.  0.  0.  0.  0.  0.  0.  0.  0.  0.  0.  0.
  0.  0.  0.  0.  0.  0.  0.  0.  0.  0.  0.  0.  0.  0.  0.  0.  0.  0.
  0.  0.  0.  0.  0.  0.  0.  0.  0.  0.  0.  0.  0.  0.  0.  0.  0.  0.
  0.  0.  0.  0.  0.  0.  0.  0.  6.  0.  0.  0.  0.  0.  0.  0.  0.  0.
  0.  0.  0.  4.  1.  0.  0.  0.  0.  0.  0.  0.  0.  0.  0.  0.  0.  0.
  3.  2. 10.  0.  0.  0.  0.  0.  0.  0.  0.  0.  0.  0.  0.  0.  8.  5.
  0.  0.  0.  0.  0.  0.  0.  0.  0.  0.  0. 14. 11. 13.  7. 16.  0.  0.
  0.  0.  0.  0.  0.  0.  0.  0.  0. 12.  0.  9.  0.  0.  0.  0.  0.  0.
  0.  0.  0.  0.  0.  0. 21. 15. 19. 17.  0.  0.  0.  0.  0.  0.  0.  0.
  0.  0.  0.  0.  0. 20.  0. 18.  0.  0.  0.  0.  0.  0.  0.  0.  0.  0.
  0.  0.  0.  0.  0.  0.  0.  0.  0.]