[ 0.  0.  0.  0.  0.  0.  0.  0.  0.  0.  0.  0.  0.  0.  0.  0.  0.  0.
  0.  0.  0.  0.  0.  0.  0.  0.  0.  0.  0.  0.  0.  0.  0.  0.  0.  0.
  0.  0. 49.  0. 48. 44.  0. 42.  0.  0.  0.  0.  0.  0.  0.  0.  0.  0.
 45. 43. 46. 41.  0.  0.  0.  0.  0.  0.  0.  0.  0. 16.  0.  0. 47. 37.
  0.  0.  0.  0.  0.  0.  0.  0.  0.  0. 15. 11. 22. 21. 19.  0.  0.  0.
  0.  0.  0.  0.  0. 17.  0.  3. 10.  7. 18. 40.  0.  0.  0.  0.  0.  0.
  0.  0. 36. 12.  1.  6. 14. 20. 23.  0.  0.  0.  0.  0.  0.  0.  0.  5.
 33.  4.  2.  9.  8.  0.  0.  0.  0.  0.  0.  0.  0.  0. 35. 32. 31. 13.
  0. 25. 26.  0.  0.  0.  0.  0.  0.  0.  0.  0. 30.  0.  0.  0. 29.  0.
 27.  0.  0.  0.  0.  0.  0.  0.  0.  0. 34.  0. 28.  0.  0.  0.  0.  0.
  0.  0.  0.  0.  0.  0.  0.  0. 24.  0.  0.  0.  0.  0.  0.  0.  0.  0.
  0.  0.  0.  0.  0.  0. 38.  0.  0.  0.  0.  0.  0.  0.  0.  0.  0.  0.
  0.  0.  0.  0. 39.  0.  0.  0.  0.]