[ 0.  0.  0.  0.  0.  0.  0.  0.  0.  0.  0.  0.  0.  0.  0.  0.  0.  0.
  0.  0.  0.  0.  0.  0.  0.  0.  0.  0.  0.  0.  0.  0.  0.  0.  0.  0.
  0.  0.  0.  0.  0.  0.  0.  0.  0.  0.  0.  0.  0.  0.  0.  0.  0.  0.
  0.  0.  0.  0.  0.  0.  0.  0.  0.  0.  0.  0.  0.  0.  0.  0.  0.  0.
  0.  0.  0.  0.  0.  0.  0.  0.  0.  0.  0.  0.  8.  0.  0.  0.  0.  0.
  0.  0.  0.  0.  0.  0.  0.  0.  0.  7.  0.  0.  0.  0.  0.  0.  0.  0.
  0.  0.  0.  0.  1.  4. 14.  0.  0.  0.  0.  0.  0.  0.  0.  0.  0.  0.
  0.  2. 12.  3.  0.  0.  0.  0.  0.  0.  0.  0.  0.  0.  0.  0.  0.  5.
  9. 10.  0. 20.  0.  0.  0.  0.  0.  0.  0.  0.  0.  6.  0. 13. 11. 15.
 16.  0.  0.  0.  0.  0.  0.  0.  0.  0.  0.  0. 18. 19.  0.  0.  0.  0.
  0.  0.  0.  0.  0.  0.  0.  0.  0. 17.  0. 21. 23.  0.  0.  0.  0.  0.
  0.  0.  0.  0.  0.  0.  0.  0.  0. 22.  0.  0.  0.  0.  0.  0.  0.  0.
  0.  0.  0.  0.  0.  0.  0.  0.  0.]