[ 0.  0.  0.  0.  0.  0. 49. 68.  0.  0.  0.  0.  0.  0.  0.  0.  0.  0.
  0.  0.  0. 46.  0. 67. 64.  0.  0.  0.  0.  0.  0.  0.  0.  0.  0.  0.
 38.  0.  0. 63.  0. 62.  0.  0.  0.  0.  0.  0.  0. 47. 21. 48. 45. 69.
 59. 61. 70.  0.  0.  0.  0.  0.  0. 28. 37. 36. 20.  0. 71. 57.  0. 65.
  0.  0.  0.  0.  0. 44. 23. 41. 18. 39. 14. 15. 60. 58.  0. 66.  0.  0.
  0.  0.  0. 27. 26. 40.  3.  0.  6. 11.  0.  0.  0.  0.  0.  0. 32. 31.
 19. 29.  9. 30.  1. 10.  0.  0.  0.  0.  0.  0.  0. 35.  0. 33. 22.  0.
  5.  4.  2. 16. 17. 50.  0.  0.  0. 42.  0.  0. 34. 43.  0.  8. 12.  7.
  0. 51. 52.  0.  0.  0.  0.  0.  0.  0.  0. 24. 13.  0.  0.  0. 54.  0.
  0.  0.  0.  0.  0.  0.  0. 25.  0.  0. 53.  0. 55.  0.  0.  0.  0.  0.
  0.  0.  0.  0.  0.  0.  0.  0. 56.  0.  0.  0.  0.  0.  0.  0.  0.  0.
  0.  0.  0.  0.  0.  0.  0.  0.  0.  0.  0.  0.  0.  0.  0.  0.  0.  0.
  0.  0.  0.  0.  0.  0.  0.  0.  0.]