[ 0.  0.  0.  0.  0.  0.  0.  0.  0.  0.  0.  0.  0.  0.  0.  0.  0.  0.
  0.  0.  0.  0.  0.  0.  0.  0.  0.  0.  0.  0.  0.  0.  0.  0.  0.  0.
  0.  0.  0.  0.  0.  0.  0.  0.  0.  0.  0.  0. 34. 42.  0.  0.  0.  0.
  0.  0.  0.  0.  0.  0.  0.  0.  0. 33.  0. 30. 18. 19. 20.  0. 10.  0.
  0.  0.  0.  0.  0.  0. 31.  0. 41. 17. 12.  3.  7. 11.  0.  0.  0.  0.
  0.  0. 32. 29. 40. 27. 15. 16.  9.  0. 13. 14.  0.  0.  0.  0.  0.  0.
 36. 28. 25. 26.  1.  6.  8. 44.  0.  0.  0.  0.  0.  0.  0.  0. 23. 22.
  0.  4.  2.  5.  0.  0.  0.  0.  0.  0.  0.  0. 45.  0. 24. 21. 39. 43.
  0.  0.  0.  0.  0.  0.  0.  0. 46. 35.  0.  0. 38.  0.  0.  0.  0.  0.
  0.  0.  0.  0.  0.  0. 47. 49.  0. 37.  0.  0.  0.  0.  0.  0.  0.  0.
  0.  0.  0. 48.  0.  0.  0.  0.  0.  0.  0.  0.  0.  0.  0.  0.  0.  0.
  0.  0.  0.  0.  0.  0.  0.  0.  0.  0.  0.  0.  0.  0.  0.  0.  0.  0.
  0.  0.  0.  0.  0.  0.  0.  0.  0.]