[ 0.  0.  0.  0.  0.  0.  0.  0.  0.  0.  0.  0.  0.  0.  0.  0.  0.  0.
  0.  0.  0.  0.  0.  0.  0.  0.  0.  0.  0.  0.  0.  0.  0.  0.  0.  0.
  0.  0.  0.  0. 30.  0.  0.  0.  0.  0.  0.  0.  0.  0.  0. 33.  0. 34.
 29. 31.  0.  0.  0.  0.  0.  0.  0.  0.  0.  0. 36. 26. 25.  0. 32.  0.
  0.  0.  0.  0.  0.  0.  0.  0.  0. 35. 23. 24.  0. 19.  0.  0.  0.  0.
  0.  0.  0.  0.  0.  0. 27. 37.  8.  0.  7.  0.  0.  0.  0.  0.  0.  0.
  0.  0. 28.  0.  1. 13.  6. 21. 10. 20.  0.  0.  0.  0.  0.  0.  0.  0.
  0.  2.  4.  5. 22.  0.  0.  0.  0.  0.  0.  0.  0.  0.  0.  0.  0. 12.
  3.  9. 11.  0.  0.  0.  0.  0.  0.  0.  0.  0.  0.  0.  0. 15. 16. 14.
  0.  0.  0.  0.  0.  0.  0.  0.  0.  0.  0. 17.  0.  0.  0.  0.  0.  0.
  0.  0.  0.  0.  0.  0.  0. 18.  0.  0.  0.  0.  0.  0.  0.  0.  0.  0.
  0.  0.  0.  0.  0.  0.  0.  0.  0.  0.  0.  0.  0.  0.  0.  0.  0.  0.
  0.  0.  0.  0.  0.  0.  0.  0.  0.]