[ 0.  0.  0.  0.  0.  0.  0.  0.  0.  0.  0.  0.  0.  0.  0.  0.  0.  0.
  0.  0.  0.  0.  0.  0.  0.  0.  0.  0.  0.  0.  0.  0.  0.  0.  0.  0.
  0.  0. 22.  0.  0.  0.  0.  0.  0.  0.  0.  0.  0.  0.  0. 15. 13. 11.
 16.  0. 24.  0.  0.  0.  0.  0.  0.  0.  0. 17. 26. 10.  9.  0. 23.  0.
  0.  0.  0.  0.  0.  0.  0. 18. 19.  4.  6. 12.  7.  0. 56.  0.  0.  0.
  0.  0. 35. 34. 21. 20.  2. 65.  5.  0. 14. 63.  0.  0.  0.  0. 41. 42.
 25. 29. 30. 27.  1. 60. 57. 59.  0.  0.  0.  0.  0. 50.  0. 28. 31. 33.
  8. 39. 48. 58. 71.  0.  0.  0.  0. 51.  0. 53.  0. 32. 36.  3. 40. 47.
  0. 64. 72.  0.  0.  0.  0.  0.  0. 52.  0. 43. 49. 37. 44. 61.  0. 66.
  0.  0.  0.  0.  0.  0.  0. 46. 55. 54.  0. 38. 45. 62.  0. 67.  0.  0.
  0.  0.  0.  0.  0.  0.  0.  0.  0. 68. 70.  0.  0.  0.  0.  0.  0.  0.
  0.  0.  0.  0.  0. 69.  0.  0.  0.  0.  0.  0.  0.  0.  0.  0.  0.  0.
  0.  0.  0.  0.  0.  0.  0.  0.  0.]