[ 0.  0.  0.  0.  0.  0.  0.  0.  0.  0.  0.  0.  0.  0.  0.  0.  0.  0.
  0.  0.  0.  0.  0.  0.  0.  0.  0.  0.  0.  0.  0.  0.  0.  0.  0.  0.
  0.  0.  0.  0.  0.  0.  0.  0.  0.  0.  0.  0.  0.  0. 33.  0.  0. 34.
 21. 24.  0.  0.  0.  0.  0.  0.  0.  0. 31. 32.  0. 19. 27. 28. 25. 15.
  0.  0.  0.  0.  0.  0. 35.  0.  0.  0. 20. 23. 22. 14. 26.  0.  0.  0.
  0.  0.  0.  0. 17.  0.  8.  3.  5. 12.  0. 29.  0.  0.  0.  0.  0.  0.
 18.  0.  0.  9.  1. 16.  0. 30.  0.  0.  0.  0.  0.  0.  0.  0. 11. 10.
  6.  4.  2.  7.  0.  0.  0.  0.  0.  0.  0.  0.  0.  0.  0. 13.  0.  0.
  0.  0.  0.  0.  0.  0.  0.  0.  0.  0.  0.  0.  0.  0.  0.  0.  0.  0.
  0.  0.  0.  0.  0.  0.  0.  0.  0.  0.  0.  0.  0.  0.  0.  0.  0.  0.
  0.  0.  0.  0.  0.  0.  0.  0.  0.  0.  0.  0.  0.  0.  0.  0.  0.  0.
  0.  0.  0.  0.  0.  0.  0.  0.  0.  0.  0.  0.  0.  0.  0.  0.  0.  0.
  0.  0.  0.  0.  0.  0.  0.  0.  0.]