[ 0.  0.  0.  0.  0.  0.  0.  0.  0.  0.  0.  0.  0.  0.  0.  0.  0.  0.
  0.  0.  0.  0.  0.  0.  0.  0.  0.  0.  0.  0.  0.  0.  0.  0.  0.  0.
  0.  0.  0.  0.  0.  0.  0.  0.  0.  0.  0.  0.  0.  0.  0.  0.  0. 33.
  0.  0.  0.  0.  0.  0.  0.  0.  0.  0.  0.  0.  0.  0.  0. 34.  0.  0.
  0.  0.  0.  0.  0.  0.  0. 35.  0.  0.  5.  3. 16. 15.  0.  0.  0.  0.
  0.  0.  0.  0.  0.  0.  0.  0. 10.  0. 12. 19.  0.  0.  0.  0.  0.  0.
 36.  0. 29.  4.  1. 11. 13. 18. 17.  0.  0.  0.  0.  0. 41. 40. 32. 28.
  7.  6.  2. 14. 21. 20.  0.  0.  0.  0.  0. 38. 39. 30. 24.  0. 25.  8.
 22.  0.  0.  0.  0.  0.  0.  0.  0. 31.  0. 42. 37. 23. 26.  9.  0.  0.
  0.  0.  0.  0.  0.  0.  0.  0.  0.  0.  0. 27.  0.  0.  0.  0.  0.  0.
  0.  0.  0.  0.  0.  0.  0.  0.  0.  0.  0.  0.  0.  0.  0.  0.  0.  0.
  0.  0.  0.  0.  0.  0.  0.  0.  0.  0.  0.  0.  0.  0.  0.  0.  0.  0.
  0.  0.  0.  0.  0.  0.  0.  0.  0.]