[ 0.  0.  0.  0.  0.  0.  0.  0.  0.  0.  0.  0.  0.  0.  0.  0.  0.  0.
  0.  0.  0.  0.  0.  0.  0.  0.  0.  0.  0.  0.  0.  0.  0.  0.  0.  0.
  0.  0.  0.  0.  0.  0.  0.  0.  0.  0.  0.  0.  0.  0.  0.  0. 23. 20.
  0.  0.  0.  0.  0.  0.  0.  0.  0.  0.  0. 18.  0. 19. 21. 22.  0.  0.
  0.  0.  0.  0.  0.  0.  0.  0.  0. 17. 12.  0. 16. 25. 24.  0.  0.  0.
  0.  0.  0.  0.  0.  0. 14. 11. 13.  0.  0.  0.  0.  0.  0.  0.  0.  0.
  0.  0. 15. 10.  1.  8.  5. 28. 27. 38.  0.  0.  0.  0.  0.  0.  0.  0.
  0.  7.  2.  6. 31. 26.  0.  0.  0.  0.  0.  0.  0.  0.  0.  0.  4.  9.
  3. 30. 39. 29. 33.  0.  0.  0.  0.  0.  0.  0.  0.  0. 32. 36.  0. 34.
 37.  0.  0.  0.  0.  0.  0.  0.  0.  0.  0.  0.  0.  0.  0. 35.  0.  0.
  0.  0.  0.  0.  0.  0.  0.  0.  0.  0.  0.  0.  0.  0.  0.  0.  0.  0.
  0.  0.  0.  0.  0.  0.  0.  0.  0.  0.  0.  0.  0.  0.  0.  0.  0.  0.
  0.  0.  0.  0.  0.  0.  0.  0.  0.]