[ 0.  0.  0.  0.  0.  0.  0.  0.  0.  0.  0.  0.  0.  0.  0.  0.  0.  0.
  0.  0.  0.  0.  0.  0.  0.  0.  0.  0.  0.  0.  0.  0.  0.  0.  0.  0.
  0. 34.  0.  0.  0.  0.  0.  0.  0.  0.  0.  0. 41.  0. 36. 31. 32.  0.
  0.  0.  0.  0.  0.  0.  0. 40.  0.  0.  0. 29.  0.  0. 28.  0.  0.  0.
  0.  0.  0.  0.  0. 39.  0. 33. 35. 16.  3.  5.  0.  0.  0.  0.  0.  0.
  0.  0.  0. 37. 30. 15.  0.  0. 10. 14. 19.  0.  0.  0.  0.  0.  0. 38.
  0.  0.  0.  8.  1. 11. 13.  0. 18.  0.  0.  0.  0.  0.  0.  0.  0.  0.
  7.  2.  6. 17.  0.  0.  0.  0.  0.  0.  0.  0.  0. 27. 26.  0. 12.  4.
 21.  0.  0.  0.  0.  0.  0.  0.  0.  0.  0.  0.  0.  0. 24.  9.  0.  0.
  0.  0.  0.  0.  0.  0.  0.  0.  0.  0. 23. 20. 22.  0.  0.  0.  0.  0.
  0.  0.  0.  0.  0.  0.  0.  0. 25.  0.  0.  0.  0.  0.  0.  0.  0.  0.
  0.  0.  0.  0.  0.  0.  0.  0.  0.  0.  0.  0.  0.  0.  0.  0.  0.  0.
  0.  0.  0.  0.  0.  0.  0.  0.  0.]