[ 0.  0.  0.  0.  0.  0.  0.  0.  0.  0.  0.  0.  0.  0.  0.  0.  0.  0.
  0.  0.  0.  0.  0.  0.  0.  0.  0.  0.  0.  0.  0.  0.  0.  0.  0.  0.
  0.  0.  0.  0.  0.  0.  0.  0.  0.  0.  0.  0.  0.  0.  0.  0.  0.  0.
  0.  0.  0.  0.  0.  0.  0.  0.  0.  0.  0. 11.  0.  0.  0.  0.  0.  0.
  0.  0.  0.  0.  0.  0.  0.  0.  0. 10. 18.  0.  0.  0.  0.  0.  0.  0.
  0.  0.  0.  0.  0.  0.  0.  8. 17.  0.  0.  0.  0.  0.  0.  0.  0.  0.
  0.  0.  0. 14.  1.  4.  3.  0.  0.  0.  0.  0.  0.  0.  0.  0.  0.  0.
  0.  7.  2.  6. 15.  0.  0.  0.  0.  0.  0.  0.  0.  0.  0.  0.  0.  5.
 12.  9. 20.  0.  0.  0.  0.  0.  0.  0.  0.  0.  0.  0.  0. 13. 16.  0.
  0.  0.  0.  0.  0.  0.  0.  0.  0.  0.  0. 21.  0.  0. 19.  0.  0.  0.
  0.  0.  0.  0.  0.  0.  0.  0.  0.  0.  0.  0.  0.  0.  0.  0.  0.  0.
  0.  0.  0.  0.  0.  0.  0.  0.  0.  0.  0.  0.  0.  0.  0.  0.  0.  0.
  0.  0.  0.  0.  0.  0.  0.  0.  0.]