[ 0. 75.  0.  0.  0.  0.  0.  0.  0.  0.  0.  0.  0.  0.  0.  0. 74.  0.
  0.  0.  0.  0. 73. 44.  0.  0.  0.  0.  0.  0.  0.  0.  0.  0. 33. 59.
 60. 37.  0. 42. 41.  0.  0.  0.  0.  0. 68. 69.  0. 26. 28. 31.  0. 35.
 40.  0.  0.  0.  0.  0.  0. 70.  0. 54. 72. 25. 32. 38.  0. 36. 39.  0.
 48.  0.  0.  0. 76.  0. 63. 34. 66. 17. 24. 13. 43.  0.  0. 45.  0.  0.
  0. 71.  0. 62. 61. 57.  0. 21.  6. 14. 18. 19.  0.  0.  0.  0.  0.  0.
  0. 58. 27. 20.  1.  0.  5.  0. 10.  0.  0.  0.  0.  0.  0.  0.  0. 65.
 22. 23.  2.  8.  9.  0. 29.  0.  0.  0.  0.  0.  0.  0.  0. 47.  4.  7.
  3. 11. 30.  0.  0.  0.  0.  0. 67. 64.  0. 50. 46. 53.  0. 12. 15.  0.
  0.  0.  0.  0.  0.  0.  0.  0. 49. 52. 51.  0.  0. 16.  0.  0.  0.  0.
  0.  0.  0.  0.  0.  0. 56. 55.  0.  0.  0.  0.  0.  0.  0.  0.  0.  0.
  0.  0.  0.  0.  0.  0.  0.  0.  0.  0.  0.  0.  0.  0.  0.  0.  0.  0.
  0.  0.  0.  0.  0.  0.  0.  0.  0.]