[ 0.  0.  0.  0.  0.  0.  0.  0.  0.  0.  0.  0.  0.  0.  0.  0.  0.  0.
  0.  0.  0.  0.  0.  0.  0.  0.  0.  0.  0.  0.  0.  0.  0.  0.  0.  0.
  0.  0.  0.  0.  0.  0.  0.  0.  0.  0.  0.  0.  0.  0. 34.  0.  0.  0.
  0.  0.  0.  0.  0.  0.  0.  0.  0. 27.  0.  0. 32. 23.  0.  0.  0.  0.
  0.  0.  0.  0.  0.  0. 29. 26. 28. 18. 30. 31.  0.  0.  0.  0.  0.  0.
  0.  0.  0.  0.  0. 22.  0. 17.  8. 10.  0.  0.  0.  0.  0.  0.  0.  0.
  0.  0. 33. 24.  1. 11.  7. 12.  0.  0.  0.  0.  0.  0.  0.  0.  0.  0.
 21.  2.  4.  9.  5. 13.  0.  0.  0.  0.  0.  0.  0.  0.  0.  0.  0. 25.
  3.  0. 16.  0.  0.  0.  0.  0.  0.  0.  0.  0.  0.  0.  6. 14. 15. 20.
  0.  0.  0.  0.  0.  0.  0.  0.  0.  0.  0.  0.  0. 19.  0.  0.  0.  0.
  0.  0.  0.  0.  0.  0.  0.  0.  0.  0.  0.  0.  0.  0.  0.  0.  0.  0.
  0.  0.  0.  0.  0.  0.  0.  0.  0.  0.  0.  0.  0.  0.  0.  0.  0.  0.
  0.  0.  0.  0.  0.  0.  0.  0.  0.]