[ 0.  0.  0.  0.  0.  0.  0.  0.  0.  0.  0.  0.  0.  0.  0.  0.  0.  0.
  0.  0.  0.  0.  0.  0.  0.  0.  0.  0.  0.  0.  0.  0.  0.  0.  0.  0.
  0.  0.  0.  0.  0.  0.  0.  0.  0.  0.  0.  0.  0.  0.  0.  0.  0.  0.
  0.  0.  0.  0.  0.  0.  0.  0.  0.  0.  0.  0.  0.  0.  0.  0.  0.  0.
  0.  0.  0.  0.  0.  0.  0.  0.  0.  0.  0.  0.  0.  0.  0.  0.  0.  0.
  0.  0.  0.  0.  0.  0.  3.  0.  0.  0. 19.  0.  0.  0.  0.  0.  0.  0.
  0.  0.  0.  0.  1.  5.  6. 18.  0.  0.  0.  0.  0.  0.  0.  0.  0. 17.
 13.  4.  2.  7.  0.  0.  0.  0.  0.  0.  0.  0.  0.  0.  0. 16.  8. 11.
  0. 10.  0.  0.  0.  0.  0.  0.  0.  0.  0.  0.  9. 12.  0.  0. 21.  0.
  0.  0.  0.  0.  0.  0.  0.  0.  0.  0.  0. 14. 24. 20.  0.  0.  0.  0.
  0.  0.  0.  0.  0.  0.  0. 15.  0. 22.  0.  0.  0.  0.  0.  0.  0.  0.
  0.  0.  0.  0.  0.  0.  0. 23.  0.  0.  0.  0.  0.  0.  0.  0.  0.  0.
  0.  0.  0.  0.  0.  0.  0.  0.  0.]