[ 0.  0.  0.  0.  0.  0.  0.  0.  0.  0.  0.  0.  0.  0.  0.  0.  0.  0.
  0.  0.  0.  0.  0.  0.  0.  0.  0.  0.  0.  0.  0.  0.  0.  0.  0.  0.
 20.  0.  0.  0.  0.  0.  0.  0.  0.  0.  0.  0.  0.  0.  0.  0. 19.  0.
 23.  0.  0.  0.  0.  0.  0.  0.  0.  0.  0.  0. 14.  3. 11.  0.  0.  0.
  0.  0.  0.  0.  0.  0.  0.  0.  0.  0. 21. 16. 17.  0.  0.  0.  0.  0.
  0.  0.  0.  0.  0.  0.  0. 22. 15.  4.  0. 13.  0.  0.  0.  0.  0.  0.
  0.  0. 10.  9.  1.  5.  0. 12.  0.  0.  0.  0.  0.  0.  0.  0.  0.  0.
 18.  2.  7.  6.  0.  0.  0.  0.  0.  0.  0.  0.  0.  0.  0.  0.  0.  8.
  0.  0.  0.  0.  0.  0.  0.  0.  0.  0.  0.  0.  0.  0.  0.  0.  0.  0.
  0.  0.  0.  0.  0.  0.  0.  0.  0.  0.  0.  0.  0.  0.  0.  0.  0.  0.
  0.  0.  0.  0.  0.  0.  0.  0.  0.  0.  0.  0.  0.  0.  0.  0.  0.  0.
  0.  0.  0.  0.  0.  0.  0.  0.  0.  0.  0.  0.  0.  0.  0.  0.  0.  0.
  0.  0.  0.  0.  0.  0.  0.  0.  0.]