[ 0.  0.  0.  0.  0.  0.  0.  0.  0.  0.  0.  0.  0.  0.  0.  0.  0.  0.
  0.  0.  0.  0.  0.  0.  0.  0.  0.  0.  0.  0.  0.  0.  0.  0.  0.  0.
  0.  0.  0.  0.  0.  0.  0.  0.  0.  0.  0.  0.  0.  0.  0.  0. 23.  0.
  0.  0.  0.  0.  0.  0.  0.  0.  0.  0. 22. 15. 17. 21.  0.  0.  0.  0.
  0.  0.  0.  0.  0.  0.  0. 19. 13. 20.  0.  0.  0.  0.  0.  0.  0.  0.
  0.  0.  0.  0. 18. 16.  0. 14.  9.  0.  0.  0.  0.  0.  0.  0.  0.  0.
  0. 12.  0.  7.  1.  8.  4.  0.  0.  0.  0.  0.  0.  0.  0.  0.  0. 11.
 10.  2.  0.  3.  0.  0.  0.  0.  0.  0.  0.  0.  0.  0.  0.  0.  5.  6.
  0.  0.  0.  0.  0.  0.  0.  0.  0.  0.  0.  0.  0.  0.  0.  0.  0.  0.
  0.  0.  0.  0.  0.  0.  0.  0.  0.  0.  0.  0.  0.  0.  0.  0.  0.  0.
  0.  0.  0.  0.  0.  0.  0.  0.  0.  0.  0.  0.  0.  0.  0.  0.  0.  0.
  0.  0.  0.  0.  0.  0.  0.  0.  0.  0.  0.  0.  0.  0.  0.  0.  0.  0.
  0.  0.  0.  0.  0.  0.  0.  0.  0.]