[ 0.  0.  0.  0.  0.  0.  0.  0.  0.  0.  0.  0.  0.  0.  0.  0.  0.  0.
  0.  0.  0.  0.  0.  0.  0.  0.  0.  0.  0.  0.  0.  0.  0.  0.  0.  0.
  0.  0.  0. 24.  0.  0.  0.  0.  0.  0.  0.  0.  0.  0.  0.  0.  0. 23.
 16.  0. 18.  0.  0.  0.  0.  0.  0.  0.  0.  0. 22. 21. 19. 13. 17. 20.
  0.  0.  0.  0.  0.  0.  0.  0.  0. 15. 10.  0.  3.  0.  0.  0.  0.  0.
  0.  0.  0.  0.  0.  0. 12. 11.  7.  0. 25. 27.  0.  0.  0.  0.  0.  0.
  0.  0.  0. 14.  1.  6.  5.  0. 26.  0.  0.  0.  0.  0.  0.  0.  0.  0.
  4.  9.  2.  8.  0.  0.  0.  0.  0.  0.  0.  0.  0.  0.  0.  0.  0.  0.
  0.  0.  0.  0.  0.  0.  0.  0.  0.  0.  0.  0.  0.  0.  0.  0.  0.  0.
  0.  0.  0.  0.  0.  0.  0.  0.  0.  0.  0.  0.  0.  0.  0.  0.  0.  0.
  0.  0.  0.  0.  0.  0.  0.  0.  0.  0.  0.  0.  0.  0.  0.  0.  0.  0.
  0.  0.  0.  0.  0.  0.  0.  0.  0.  0.  0.  0.  0.  0.  0.  0.  0.  0.
  0.  0.  0.  0.  0.  0.  0.  0.  0.]