[ 0.  0.  0.  0.  0.  0.  0.  0.  0.  0.  0.  0.  0.  0.  0.  0.  0.  0.
  0.  0.  0.  0.  0.  0.  0.  0.  0.  0.  0.  0.  0.  0.  0.  0.  0.  0.
  0.  0.  0.  0.  0.  0.  0.  0.  0.  0.  0.  0.  0.  0. 27.  0. 14.  0.
 16.  0.  0.  0.  0.  0.  0.  0.  0.  0.  0. 21.  0. 22. 13.  0.  0.  0.
  0.  0.  0.  0.  0.  0.  0.  0. 19. 20. 15. 17. 11. 18.  0.  0.  0.  0.
  0.  0.  0.  0.  0. 25.  3.  0. 12.  0.  9.  0.  0.  0.  0.  0.  0.  0.
  0.  0. 23. 10.  1.  4.  8.  0.  0.  0.  0.  0.  0.  0.  0.  0. 24. 26.
  0.  5.  2.  0.  0.  0.  0.  0.  0.  0.  0.  0.  0.  0.  0.  0.  6.  7.
  0.  0.  0.  0.  0.  0.  0.  0.  0.  0.  0.  0.  0.  0.  0.  0.  0.  0.
  0.  0.  0.  0.  0.  0.  0.  0.  0.  0.  0.  0.  0.  0.  0.  0.  0.  0.
  0.  0.  0.  0.  0.  0.  0.  0.  0.  0.  0.  0.  0.  0.  0.  0.  0.  0.
  0.  0.  0.  0.  0.  0.  0.  0.  0.  0.  0.  0.  0.  0.  0.  0.  0.  0.
  0.  0.  0.  0.  0.  0.  0.  0.  0.]