[ 0.  0.  0.  0.  0.  0.  0.  0.  0.  0.  0.  0.  0.  0.  0.  0.  0.  0.
  0.  0.  0.  0.  0.  0.  0.  0.  0.  0.  0.  0.  0.  0.  0.  0.  0.  0.
  0.  0.  0.  0.  0.  0.  0.  0.  0.  0.  0.  0.  0.  0.  0.  0. 20.  0.
  0.  0.  0.  0.  0.  0.  0.  0.  0.  0.  0.  0.  0. 19.  0.  0.  0.  0.
  0.  0.  0.  0. 28.  0.  0.  0. 26. 22.  3. 18.  0.  0.  0.  0.  0.  0.
  0. 32. 27. 31. 21. 29. 30. 15.  5. 16.  0.  0.  0.  0.  0.  0.  0.  0.
 25. 24.  8.  7.  1.  0. 14.  0.  0.  0.  0.  0.  0.  0.  0. 33. 23.  0.
  6.  2.  9. 17.  0.  0.  0.  0.  0.  0.  0.  0.  0.  0.  0. 13. 10.  4.
 12.  0.  0.  0.  0.  0.  0.  0.  0.  0.  0.  0.  0.  0. 11.  0.  0.  0.
  0.  0.  0.  0.  0.  0.  0.  0.  0.  0.  0.  0.  0.  0.  0.  0.  0.  0.
  0.  0.  0.  0.  0.  0.  0.  0.  0.  0.  0.  0.  0.  0.  0.  0.  0.  0.
  0.  0.  0.  0.  0.  0.  0.  0.  0.  0.  0.  0.  0.  0.  0.  0.  0.  0.
  0.  0.  0.  0.  0.  0.  0.  0.  0.]