[ 0.  0.  0.  0.  0.  0.  0.  0.  0.  0.  0.  0.  0.  0.  0.  0.  0.  0.
  0.  0.  0.  0.  0.  0.  0.  0.  0.  0.  0.  0.  0.  0.  0.  0.  0.  0.
  0.  0.  0.  0.  0.  0.  0.  0.  0.  0.  0.  0.  0.  0.  0.  0.  0.  0.
  0. 17.  0.  0.  0.  0.  0.  0.  0.  0.  0.  0.  0.  0. 12. 19. 18.  0.
  0.  0.  0.  0.  0.  0.  0.  0.  0. 14.  9. 13.  3. 15. 16.  0.  0.  0.
  0.  0.  0.  0.  0.  0.  0. 20.  4.  0.  7. 21.  0.  0.  0.  0.  0.  0.
  0.  0.  0.  0.  1.  5.  6.  0.  0.  0.  0.  0.  0.  0.  0.  0.  0.  0.
  0. 10.  2. 11.  8.  0.  0.  0.  0.  0.  0.  0.  0.  0.  0.  0.  0.  0.
  0.  0.  0.  0.  0.  0.  0.  0.  0.  0.  0.  0.  0.  0.  0.  0.  0.  0.
  0.  0.  0.  0.  0.  0.  0.  0.  0.  0.  0.  0.  0.  0.  0.  0.  0.  0.
  0.  0.  0.  0.  0.  0.  0.  0.  0.  0.  0.  0.  0.  0.  0.  0.  0.  0.
  0.  0.  0.  0.  0.  0.  0.  0.  0.  0.  0.  0.  0.  0.  0.  0.  0.  0.
  0.  0.  0.  0.  0.  0.  0.  0.  0.]