[ 0.  0.  0.  0.  0.  0.  0.  0.  0.  0.  0.  0.  0.  0.  0.  0.  0.  0.
  0.  0.  0.  0.  0.  0.  0.  0.  0.  0.  0.  0.  0.  0.  0.  0.  0.  0.
  0.  0.  0.  0.  0.  0.  0.  0.  0.  0.  0.  0.  0.  0.  0.  0.  0.  0.
  0.  0.  0.  0.  0.  0.  0.  0.  0.  0.  0.  0.  0.  0.  0.  0.  0.  0.
  0.  0.  0.  0.  0.  0.  0.  0.  0.  0.  0.  0.  0. 11.  0.  0.  0.  0.
  0.  0.  0.  0.  0.  0.  0.  8.  3.  0.  0.  0.  0.  0.  0.  0.  0.  0.
  0.  0.  5.  6.  1.  0.  0.  0.  0.  0.  0.  0.  0.  0.  0. 18.  0.  0.
  4.  7.  2.  0.  0.  0.  0.  0.  0.  0.  0.  0.  0.  0. 14.  9.  0.  0.
  0.  0.  0.  0.  0.  0.  0.  0. 17. 16. 12. 10.  0. 13.  0.  0.  0.  0.
  0.  0.  0.  0.  0.  0.  0.  0. 15.  0.  0.  0.  0.  0.  0.  0.  0.  0.
  0.  0.  0.  0.  0.  0.  0.  0.  0.  0.  0.  0.  0.  0.  0.  0.  0.  0.
  0.  0.  0.  0.  0.  0.  0.  0.  0.  0.  0.  0.  0.  0.  0.  0.  0.  0.
  0.  0.  0.  0.  0.  0.  0.  0.  0.]