[ 0.  0.  0.  0.  0.  0.  0.  0.  0.  0.  0.  0.  0. 54.  0.  0.  0.  0.
  0.  0.  0.  0.  0. 38.  0.  0.  0. 53.  0.  0.  0.  0.  0.  0.  0.  0.
 58.  0. 45. 48. 39. 41. 42.  0.  0.  0.  0.  0.  0. 26.  0. 29. 59.  0.
 37. 51. 43. 44.  0.  0.  0.  0.  0.  0.  0. 25. 57. 20. 40. 33. 36.  0.
 46.  0.  0.  0.  0. 55. 60. 21. 24. 23. 19. 52. 28. 27.  0. 47.  0.  0.
  0.  0.  0. 32. 56.  0.  0.  7.  6. 35.  0. 34. 16.  0.  0.  0.  0. 31.
 30. 22.  4.  8.  1.  3. 49. 50. 15.  0.  0.  0.  0.  0.  0.  0.  0.  0.
  5.  2. 12. 10. 13.  0.  0.  0.  0.  0.  0.  0.  0.  0. 17.  0.  0.  9.
 11. 14.  0.  0.  0.  0.  0.  0.  0.  0.  0.  0.  0.  0.  0.  0.  0.  0.
  0.  0.  0.  0.  0.  0.  0.  0.  0.  0. 18.  0.  0.  0.  0.  0.  0.  0.
  0.  0.  0.  0.  0.  0.  0.  0.  0.  0.  0.  0.  0.  0.  0.  0.  0.  0.
  0.  0.  0.  0.  0.  0.  0.  0.  0.  0.  0.  0.  0.  0.  0.  0.  0.  0.
  0.  0.  0.  0.  0.  0.  0.  0.  0.]