[ 0.  0.  0.  0.  0.  0.  0.  0.  0.  0.  0.  0.  0.  0.  0.  0.  0.  0.
  0.  0.  0.  0.  0.  0.  0.  0.  0.  0.  0.  0.  0.  0.  0.  0.  0.  0.
  0.  0.  0.  0.  0.  0.  0.  0.  0.  0.  0.  0. 32.  0.  0.  0.  0.  0.
  0.  0.  0.  0.  0.  0.  0.  0.  0.  0. 31.  0. 30.  0.  0.  0.  0.  0.
  0.  0.  0.  0.  0. 35.  0. 33. 29.  0.  0.  0.  0.  0.  0.  0.  0.  0.
  0.  0.  0. 28. 15. 13.  9. 16.  0. 22.  0.  0.  0.  0.  0.  0.  0.  0.
 27. 34. 14.  8.  1.  0. 21.  0.  0.  0.  0.  0.  0.  0.  0.  0.  0. 11.
  6.  2. 10.  3. 26.  0.  0.  0.  0.  0.  0.  0.  0.  4.  5. 23. 12.  0.
  7.  0.  0.  0.  0.  0.  0.  0.  0.  0.  0.  0. 20. 24. 19. 17.  0.  0.
  0.  0.  0.  0.  0.  0.  0.  0.  0.  0. 25.  0. 18.  0.  0.  0.  0.  0.
  0.  0.  0.  0.  0.  0.  0.  0.  0.  0.  0.  0.  0.  0.  0.  0.  0.  0.
  0.  0.  0.  0.  0.  0.  0.  0.  0.  0.  0.  0.  0.  0.  0.  0.  0.  0.
  0.  0.  0.  0.  0.  0.  0.  0.  0.]