[ 0.  0.  0.  0.  0.  0.  0.  0.  0.  0.  0.  0.  0.  0.  0.  0.  0.  0.
  0.  0.  0.  0.  0.  0.  0.  0.  0.  0.  0.  0.  0.  0. 69.  0.  0. 63.
 71.  0.  0. 72.  0. 73.  0.  0.  0.  0.  0.  0. 64. 65. 58. 48.  0. 33.
 45.  0. 50.  0.  0.  0.  0.  0. 74.  0. 66. 62. 59. 35.  0.  0.  0.  0.
  0.  0.  0.  0.  0.  0. 70. 25. 14.  9.  4. 47. 46. 32. 40. 49.  0.  0.
  0.  0. 60. 24. 61. 36.  0.  3.  6. 41.  0. 34. 44.  0.  0.  0. 67. 68.
 27. 23.  5.  8.  1. 10. 15. 37. 43. 38.  0.  0.  0.  0.  0. 28. 26. 29.
  0.  2.  7. 22.  0. 42.  0. 39.  0.  0.  0.  0.  0.  0.  0. 13. 16.  0.
 11.  0.  0.  0.  0.  0.  0.  0.  0.  0. 57. 30. 54. 19. 17. 21. 12.  0.
  0.  0.  0.  0.  0.  0.  0.  0.  0. 31. 18. 20.  0.  0.  0.  0.  0.  0.
  0.  0.  0.  0. 56. 51. 53.  0. 55.  0.  0.  0.  0.  0.  0.  0.  0.  0.
  0. 52.  0.  0.  0.  0.  0.  0.  0.  0.  0.  0.  0.  0.  0.  0.  0.  0.
  0.  0.  0.  0.  0.  0.  0.  0.  0.]