[ 0.  0.  0.  0.  0.  0.  0.  0.  0.  0.  0.  0.  0.  0.  0.  0.  0.  0.
  0.  0.  0.  0.  0.  0.  0.  0.  0.  0.  0.  0.  0.  0.  0.  0.  0.  0.
  0.  0.  0.  0.  0.  0.  0.  0.  0.  0.  0.  0.  0.  0.  0. 31. 27. 28.
  0.  0.  0.  0.  0.  0.  0.  0.  0.  0.  0.  0.  0. 29.  0. 20. 15.  0.
  0.  0.  0.  0.  0.  0.  0. 19.  0. 12. 30.  3.  0. 11. 14.  0.  0.  0.
  0.  0.  0. 26.  0.  8. 23. 17. 24.  0. 13.  0.  0.  0.  0.  0.  0.  0.
  0. 21.  0. 18.  1.  4.  9. 16.  0.  0.  0.  0.  0.  0.  0.  0. 22. 25.
  6.  2.  7.  0.  0.  0.  0.  0.  0.  0.  0.  0.  0.  0.  0.  5.  0.  0.
 10.  0.  0.  0.  0.  0.  0.  0.  0.  0.  0.  0.  0.  0.  0.  0.  0.  0.
  0.  0.  0.  0.  0.  0.  0.  0.  0.  0.  0.  0.  0.  0.  0.  0.  0.  0.
  0.  0.  0.  0.  0.  0.  0.  0.  0.  0.  0.  0.  0.  0.  0.  0.  0.  0.
  0.  0.  0.  0.  0.  0.  0.  0.  0.  0.  0.  0.  0.  0.  0.  0.  0.  0.
  0.  0.  0.  0.  0.  0.  0.  0.  0.]