[ 0.  0. 55.  0. 54.  0. 57.  0.  0.  0.  0.  0.  0.  0.  0.  0.  0.  0.
 56. 52. 53. 58. 50.  0.  0.  0.  0.  0.  0.  0.  0.  0.  0.  0. 51. 32.
 49.  0.  0.  0.  0.  0.  0.  0.  0.  0.  0. 44. 46. 45. 39. 31. 37. 40.
  0. 30.  0.  0.  0.  0.  0. 62.  0. 43. 47. 20. 11. 19. 35. 29. 36.  0.
  0.  0.  0.  0.  0.  0.  0. 41.  8. 12.  4. 13. 38.  0.  0.  0.  0.  0.
  0.  0.  0. 42. 48. 15.  5.  3.  6. 21. 33. 28.  0.  0.  0.  0.  0.  0.
  0. 60.  0.  9.  1.  0. 10. 22. 25. 23.  0.  0.  0.  0.  0.  0.  0. 14.
  0.  2.  7. 59. 16.  0. 34.  0.  0.  0.  0.  0.  0.  0.  0. 61.  0.  0.
 18.  0. 17.  0.  0.  0.  0.  0.  0.  0.  0.  0.  0.  0. 24.  0.  0.  0.
  0.  0.  0.  0.  0.  0.  0.  0.  0.  0. 26.  0.  0.  0.  0.  0.  0.  0.
  0.  0.  0.  0.  0.  0. 27.  0.  0.  0.  0.  0.  0.  0.  0.  0.  0.  0.
  0.  0.  0.  0.  0.  0.  0.  0.  0.  0.  0.  0.  0.  0.  0.  0.  0.  0.
  0.  0.  0.  0.  0.  0.  0.  0.  0.]