[ 0.  0.  0.  0.  0.  0.  0.  0.  0.  0.  0.  0.  0.  0.  0.  0.  0.  0.
  0.  0.  0.  0.  0.  0.  0.  0.  0.  0.  0.  0.  0.  0.  0.  0.  0.  0.
  0.  0.  0.  0. 33.  0.  0. 34.  0.  0.  0.  0.  0.  0.  0.  0. 19.  0.
  0.  0.  0.  0.  0.  0.  0.  0.  0.  0.  0.  0. 17.  0. 20. 29. 14. 28.
 26. 30. 31.  0.  0.  0.  0.  0. 22. 11. 21. 15. 13. 16. 27.  0. 32.  0.
  0.  0.  0.  0.  0.  0. 18.  4.  9.  0. 24.  0.  0.  0.  0.  0.  0.  0.
  0.  0.  6.  5.  1.  3.  8. 25.  0.  0.  0.  0.  0.  0.  0.  0.  0.  0.
  7.  0.  2.  0.  0.  0.  0.  0.  0.  0.  0.  0.  0.  0. 10. 12. 23.  0.
  0.  0.  0.  0.  0.  0.  0.  0.  0.  0.  0.  0.  0.  0.  0.  0.  0.  0.
  0.  0.  0.  0.  0.  0.  0.  0.  0.  0.  0.  0.  0.  0.  0.  0.  0.  0.
  0.  0.  0.  0.  0.  0.  0.  0.  0.  0.  0.  0.  0.  0.  0.  0.  0.  0.
  0.  0.  0.  0.  0.  0.  0.  0.  0.  0.  0.  0.  0.  0.  0.  0.  0.  0.
  0.  0.  0.  0.  0.  0.  0.  0.  0.]