[ 0.  0.  0.  0.  0.  0.  0.  0.  0.  0.  0.  0.  0.  0.  0.  0.  0.  0.
  0.  0.  0.  0.  0.  0.  0.  0.  0.  0.  0.  0.  0.  0.  0.  0.  0.  0.
  0. 19.  0.  0.  0.  0.  0.  0.  0.  0.  0.  0.  0.  0.  0.  0. 18. 20.
  0.  0.  0.  0.  0.  0.  0.  0.  0.  0.  0.  0.  0. 10. 13. 16.  0.  0.
  0.  0.  0.  0.  0.  0.  0.  0.  0.  0. 12.  9. 11. 23. 24. 21.  0.  0.
  0.  0.  0.  0.  0.  5.  6.  0. 14.  3.  0. 22.  0.  0.  0.  0.  0.  0.
  0.  0.  0.  4.  1.  0. 15. 17. 25.  0.  0.  0.  0.  0.  0.  0.  0.  0.
  7.  2.  0.  0.  0.  0.  0.  0.  0.  0.  0.  0.  0.  0.  8.  0.  0.  0.
  0.  0.  0.  0.  0.  0.  0.  0.  0.  0.  0.  0.  0.  0.  0.  0.  0.  0.
  0.  0.  0.  0.  0.  0.  0.  0.  0.  0.  0.  0.  0.  0.  0.  0.  0.  0.
  0.  0.  0.  0.  0.  0.  0.  0.  0.  0.  0.  0.  0.  0.  0.  0.  0.  0.
  0.  0.  0.  0.  0.  0.  0.  0.  0.  0.  0.  0.  0.  0.  0.  0.  0.  0.
  0.  0.  0.  0.  0.  0.  0.  0.  0.]