[ 0.  0.  0. 73.  0.  0.  0.  0.  0.  0.  0.  0.  0.  0.  0.  0.  0.  0.
 72.  0.  0.  0.  0.  0.  0.  0.  0.  0.  0.  0.  0.  0.  0. 48.  0.  0.
 69.  0.  0.  0.  0.  0.  0.  0.  0.  0.  0.  0. 68. 47. 40.  0. 62. 67.
  0.  0.  0.  0.  0.  0.  0.  0. 43. 42. 35. 41. 31.  0. 16. 15.  0.  0.
  0.  0.  0.  0.  0. 44. 39. 36. 34.  0. 13.  0. 30. 18.  0. 19.  0.  0.
  0.  0. 37. 38. 33. 45.  0. 14. 32.  0. 17. 20. 82.  0.  0.  0. 74.  0.
  0.  0. 12.  0.  1.  9.  6.  0. 81. 70. 86.  0.  0.  0.  0. 46. 27. 11.
 29.  2.  4.  5. 79. 84. 83. 71.  0.  0.  0.  0. 65. 24. 25.  8.  7.  0.
  3. 10. 75.  0. 85.  0.  0.  0.  0.  0. 26. 23. 28. 78. 77. 21. 61. 63.
 64.  0. 87.  0. 66. 57. 53. 59. 50.  0. 80.  0. 22.  0. 76.  0.  0.  0.
  0.  0. 56. 55. 49. 60. 51. 52.  0.  0.  0.  0.  0.  0.  0.  0.  0.  0.
  0. 58. 54.  0.  0.  0.  0.  0.  0.  0.  0.  0.  0.  0.  0.  0.  0.  0.
  0.  0.  0.  0.  0.  0.  0.  0.  0.]