[ 0.  0. 20.  0. 40.  0.  0.  0.  0.  0.  0.  0.  0.  0.  0.  0.  0. 23.
 19. 25. 26.  0. 35.  0.  0.  0.  0.  0.  0.  0.  0.  0.  1. 22. 17.  0.
 12. 30. 28. 31. 33.  0.  0.  0.  0.  0. 21. 10.  2.  6. 11.  0. 27. 38.
 32.  0.  0.  0.  0.  0. 39. 24.  5.  7.  3.  8. 13.  0. 18. 36. 34. 37.
  0.  0.  0.  0.  0.  0.  0.  0. 15.  4. 14. 29.  0.  0.  0.  0.  0.  0.
  0.  0.  0.  0. 16.  0.  0.  9.  0.  0.  0.  0.  0.  0.  0.  0.  0.  0.
  0.  0.  0.  0.  0.  0.  0.  0.  0.  0.  0.  0.  0.  0.  0.  0.  0.  0.
  0.  0.  0.  0.  0.  0.  0.  0.  0.  0.  0.  0.  0.  0.  0.  0.  0.  0.
  0.  0.  0.  0.  0.  0.  0.  0.  0.  0.  0.  0.  0.  0.  0.  0.  0.  0.
  0.  0.  0.  0.  0.  0.  0.  0.  0.  0.  0.  0.  0.  0.  0.  0.  0.  0.
  0.  0.  0.  0.  0.  0.  0.  0.  0.  0.  0.  0.  0.  0.  0.  0.  0.  0.
  0.  0.  0.  0.  0.  0.  0.  0.  0.  0.  0.  0.  0.  0.  0.  0.  0.  0.
  0.  0.  0.  0.  0.  0.  0.  0.  0.]