[ 0.  0.  0.  0.  0.  0.  0.  0.  0.  0.  0.  0.  0.  0.  0.  0.  0.  0.
  0.  0.  0.  0.  0.  0.  0.  0.  0.  0.  0.  0.  0.  0. 57.  0. 59.  0.
  0.  0.  0.  0.  0.  0.  0.  0.  0.  0.  0.  0. 56.  0.  0. 18.  0. 32.
 33.  0.  0.  0.  0.  0.  0.  0. 58.  0. 16. 19. 13. 31.  0.  0. 34.  0.
  0.  0.  0.  0.  0. 60. 23. 12. 20.  7. 22.  0. 29. 35.  0.  0.  0.  0.
  0. 62. 61. 14. 17.  3.  0.  2.  5. 30. 24.  0.  0.  0.  0.  0.  0. 54.
  0. 10.  0. 11.  1.  4. 21.  0. 36.  0.  0.  0.  0.  0.  0. 55.  0. 15.
  6.  9. 38. 40. 27. 39.  0.  0.  0.  0.  0.  0.  0. 52.  0.  8.  0.  0.
 25. 42. 28. 44. 45.  0.  0.  0.  0. 51. 53. 48. 49.  0.  0. 26. 37. 43.
  0.  0.  0.  0.  0.  0.  0. 50.  0. 47.  0. 46.  0. 41.  0.  0.  0.  0.
  0.  0.  0.  0.  0.  0.  0.  0.  0.  0.  0.  0.  0.  0.  0.  0.  0.  0.
  0.  0.  0.  0.  0.  0.  0.  0.  0.  0.  0.  0.  0.  0.  0.  0.  0.  0.
  0.  0.  0.  0.  0.  0.  0.  0.  0.]