[ 0.  0.  0.  0.  0.  0.  0.  0.  0.  0.  0.  0.  0.  0.  0.  0.  0.  0.
  0.  0.  0.  0.  0.  0.  0. 36.  0.  0.  0.  0.  0.  0.  0.  0.  0.  0.
  0. 38. 23. 37. 33.  0.  0.  0.  0.  0.  0.  0. 53.  0. 55. 39. 35. 34.
 32.  0. 16. 31.  0.  0.  0.  0.  0.  0. 43.  0. 40. 24.  0. 19. 15. 21.
 22.  0.  0.  0.  0.  0. 45.  0. 49.  0.  0. 18. 13. 17. 27. 30.  0.  0.
  0. 52.  0.  0. 44. 48. 54.  0. 11. 14. 26. 20. 28. 29.  0.  0.  0.  0.
  0. 41. 42.  5.  1.  8.  0. 25.  0.  0.  0.  0.  0.  0.  0.  0. 47. 46.
  4.  2.  6.  7.  0.  0.  0.  0.  0.  0.  0.  0.  0. 12. 51.  9.  3. 10.
  0.  0.  0.  0.  0.  0.  0.  0.  0.  0.  0. 50.  0.  0.  0.  0.  0.  0.
  0.  0.  0.  0.  0.  0.  0.  0.  0.  0.  0.  0.  0.  0.  0.  0.  0.  0.
  0.  0.  0.  0.  0.  0.  0.  0.  0.  0.  0.  0.  0.  0.  0.  0.  0.  0.
  0.  0.  0.  0.  0.  0.  0.  0.  0.  0.  0.  0.  0.  0.  0.  0.  0.  0.
  0.  0.  0.  0.  0.  0.  0.  0.  0.]