[ 0.  0.  0.  0.  0.  0.  0.  0.  0.  0.  0.  0.  0.  0.  0.  0.  0.  0.
  0.  0.  0.  0. 24.  0.  0.  0.  0.  0.  0.  0.  0.  0.  0.  0.  0.  0.
  0.  0. 23.  0.  0.  0.  0.  0.  0.  0.  0.  0.  0.  0.  0.  0.  0.  0.
 17. 22.  0.  0.  0.  0.  0.  0.  0.  0. 27.  0.  0.  0. 18.  0. 21.  0.
  0.  0.  0.  0.  0.  0.  0.  0. 14.  0.  3.  0. 16.  0.  0. 19.  0.  0.
  0.  0.  0.  0.  0. 13.  0. 10.  0.  0. 15. 20.  0.  0.  0.  0.  0.  0.
 25.  0. 12.  0.  1.  9.  6.  0.  0.  0.  0.  0.  0.  0.  0. 26. 32. 11.
  0.  4.  2.  5.  0.  0.  0.  0.  0.  0.  0.  0. 30. 34.  0.  8.  7.  0.
  0.  0.  0.  0.  0.  0.  0.  0. 33. 31.  0. 28.  0.  0.  0.  0.  0.  0.
  0.  0.  0.  0.  0.  0.  0.  0.  0. 29.  0.  0.  0.  0.  0.  0.  0.  0.
  0.  0.  0.  0.  0.  0.  0.  0.  0.  0.  0.  0.  0.  0.  0.  0.  0.  0.
  0.  0.  0.  0.  0.  0.  0.  0.  0.  0.  0.  0.  0.  0.  0.  0.  0.  0.
  0.  0.  0.  0.  0.  0.  0.  0.  0.]