[ 0.  0.  0.  0.  0.  0.  0.  0.  0.  0.  0.  0.  0.  0.  0.  0.  0.  0.
  0.  0.  0.  0.  0.  0.  0.  0.  0.  0.  0.  0.  0.  0.  0.  0.  0.  0.
  0.  0.  0.  0. 23.  0.  0.  0.  0.  0.  0.  0.  0.  0.  0.  0. 20.  0.
 21.  0.  0.  0.  0.  0.  0.  0.  0.  0.  0.  0.  0.  0. 19.  0. 13. 12.
  0.  0.  0.  0.  0.  0.  0.  0.  0.  0.  0. 18. 15. 11. 17.  0.  0.  0.
  0.  0.  0.  0.  0.  0.  0.  8. 16.  9.  7. 10. 22.  0.  0.  0.  0.  0.
  0.  0.  0.  0.  1.  3.  4. 14.  0.  0.  0.  0.  0.  0.  0.  0.  0.  0.
  0.  0.  2.  5.  0.  0.  0.  0.  0.  0.  0.  0.  0.  0.  0.  0.  6.  0.
  0.  0.  0.  0.  0.  0.  0.  0.  0.  0.  0.  0.  0.  0.  0.  0.  0.  0.
  0.  0.  0.  0.  0.  0.  0.  0.  0.  0.  0.  0.  0.  0.  0.  0.  0.  0.
  0.  0.  0.  0.  0.  0.  0.  0.  0.  0.  0.  0.  0.  0.  0.  0.  0.  0.
  0.  0.  0.  0.  0.  0.  0.  0.  0.  0.  0.  0.  0.  0.  0.  0.  0.  0.
  0.  0.  0.  0.  0.  0.  0.  0.  0.]