[ 0.  0.  0.  0.  0.  0.  0.  0.  0.  0.  0.  0.  0.  0.  0.  0.  0.  0.
  0.  0.  0.  0.  0.  0.  0.  0.  0.  0.  0.  0.  0.  0.  0.  0.  0.  0.
  0.  0.  0.  0.  0.  0.  0.  0.  0.  0.  0.  0.  0.  0.  0.  0. 20.  0.
  0.  0.  0.  0.  0.  0.  0.  0.  0.  0.  0.  0.  0.  0. 23. 25. 27. 28.
  0.  0.  0.  0.  0.  0.  0.  0.  0. 29.  3.  5. 22. 26.  0.  0.  0.  0.
  0.  0.  0.  0.  0. 21. 19.  0. 10. 16. 12. 17.  0.  0.  0.  0.  0.  0.
  0. 24. 18.  8.  1. 11.  0.  0.  0.  0.  0.  0.  0.  0.  0.  0.  0.  0.
  7.  2.  6. 13.  0.  0.  0.  0.  0.  0.  0.  0.  0.  0.  0.  0. 15.  4.
  0. 14.  0.  0.  0.  0.  0.  0.  0.  0.  0.  0.  0.  0.  0.  9.  0.  0.
  0.  0.  0.  0.  0.  0.  0.  0.  0.  0.  0.  0.  0.  0.  0.  0.  0.  0.
  0.  0.  0.  0.  0.  0.  0.  0.  0.  0.  0.  0.  0.  0.  0.  0.  0.  0.
  0.  0.  0.  0.  0.  0.  0.  0.  0.  0.  0.  0.  0.  0.  0.  0.  0.  0.
  0.  0.  0.  0.  0.  0.  0.  0.  0.]