[ 0.  0.  0.  0.  0.  0.  0.  0.  0.  0.  0.  0.  0.  0.  0.  0.  0.  0.
  0.  0.  0.  0.  0.  0.  0.  0.  0.  0.  0.  0.  0.  0.  0.  0.  0.  0.
  0.  0.  0.  0.  0.  0.  0.  0.  0.  0.  0.  0.  0.  0.  0.  0. 48.  0.
 55.  0.  0.  0.  0.  0.  0.  0.  0.  0. 49. 61. 41.  0.  0. 36. 56. 57.
  0.  0.  0.  0.  0.  0. 60. 34. 47.  0. 40. 35. 39. 37.  0. 58.  0.  0.
  0. 52. 51. 33. 29.  0. 50.  0. 38. 46.  7.  0.  0.  0.  0.  0. 59.  0.
 32.  0. 26. 25.  1.  0.  6. 43. 42.  0.  0.  0.  0.  0.  0.  0. 17. 16.
 10.  2.  4.  5. 44.  0.  0.  0.  0.  0.  0.  0.  0. 30. 31. 18.  0.  8.
  3. 20. 45.  0.  0.  0.  0.  0.  0.  0.  0. 23. 13. 14. 11.  9. 53.  0.
  0.  0.  0.  0.  0.  0.  0.  0. 28. 24. 12. 19. 54.  0.  0.  0.  0.  0.
  0.  0.  0.  0.  0. 27.  0. 15.  0. 22.  0.  0.  0.  0.  0.  0.  0.  0.
  0.  0.  0.  0.  0. 21.  0.  0.  0.  0.  0.  0.  0.  0.  0.  0.  0.  0.
  0.  0.  0.  0.  0.  0.  0.  0.  0.]