[ 0.  0.  0.  0.  0.  0.  0.  0.  0.  0.  0.  0.  0.  0.  0.  0.  0.  0.
  0.  0.  0.  0.  0.  0.  0.  0.  0.  0.  0.  0.  0.  0.  0.  0.  0.  0.
  0.  0.  0.  0.  0.  0.  0.  0.  0.  0.  0.  0.  0.  0.  0.  0.  0.  0.
  0.  0.  0.  0.  0.  0.  0.  0.  0.  0.  0. 44. 21. 43.  0. 19.  0.  0.
  0.  0.  0.  0.  0.  0.  0.  0. 22. 48.  3. 18. 10. 20. 23.  0.  0.  0.
  0.  0.  0. 31. 53. 47.  0. 12.  5. 11.  7.  0. 24.  0.  0.  0.  0.  0.
 42. 45. 28. 14.  1. 17.  6.  0.  0.  0.  0.  0.  0.  0. 40. 39. 29. 27.
  9.  2.  4.  8.  0. 13.  0.  0.  0.  0. 52. 49. 41. 51. 25. 46. 37. 15.
  0. 16.  0.  0.  0.  0.  0. 50.  0. 33. 26. 32. 30. 35. 34.  0.  0.  0.
  0.  0.  0.  0.  0.  0.  0.  0. 36.  0.  0.  0.  0.  0.  0.  0.  0.  0.
  0.  0.  0.  0.  0.  0. 38.  0.  0.  0.  0.  0.  0.  0.  0.  0.  0.  0.
  0.  0.  0.  0.  0.  0.  0.  0.  0.  0.  0.  0.  0.  0.  0.  0.  0.  0.
  0.  0.  0.  0.  0.  0.  0.  0.  0.]