[ 0.  0.  0.  0.  0.  0.  0.  0.  0.  0.  0.  0.  0.  0.  0.  0.  0.  0.
  0.  0.  0.  0.  0.  0.  0.  0.  0.  0.  0.  0.  0.  0.  0.  0.  0.  0.
  0.  0.  0.  0.  0.  0.  0.  0.  0.  0.  0.  0.  0.  0.  0.  0.  0.  0.
  0.  0.  0.  0.  0.  0.  0.  0.  0.  0.  0.  0.  0.  0.  0.  0.  0.  0.
  0.  0.  0.  0.  0.  0.  0.  0.  0.  0.  0.  0.  0.  0.  0.  0.  0.  0.
  0.  0.  0.  0.  0.  0.  0.  0.  0. 18.  0.  0.  0.  0.  0.  0.  0.  0.
  0.  0.  0.  0.  1.  8.  0.  0. 24.  0.  0.  0.  0.  0.  0.  0. 20. 21.
  4.  2.  6.  7.  0.  0.  0.  0.  0.  0.  0.  0.  0.  0.  0. 19.  0. 22.
 11. 17.  0.  0.  0.  0.  0.  0.  0.  0.  0.  0.  5. 10.  3.  9. 26. 23.
  0.  0.  0.  0.  0.  0.  0.  0.  0.  0. 13. 27. 12. 25.  0.  0.  0.  0.
  0.  0.  0.  0.  0.  0. 14.  0. 15.  0.  0.  0.  0.  0.  0.  0.  0.  0.
  0.  0.  0.  0.  0.  0. 16.  0.  0.  0.  0.  0.  0.  0.  0.  0.  0.  0.
  0.  0.  0.  0.  0.  0.  0.  0.  0.]