[ 0.  0.  0.  0.  0.  0.  0.  0.  0.  0.  0.  0.  0.  0.  0.  0.  0.  0.
  0.  0.  0.  0.  0.  0.  0.  0.  0.  0.  0.  0.  0.  0.  0.  0.  0.  0.
  0.  0.  0.  0.  0.  0.  0.  0.  0.  0.  0.  0.  0.  0.  0.  0. 12.  0.
  0.  0.  0.  0.  0.  0.  0.  0.  0.  0.  0. 20.  0.  0. 11.  0.  0.  0.
  0.  0.  0.  0.  0.  0.  0. 18. 19.  0.  0.  0.  9. 10.  0.  0.  0.  0.
  0.  0.  0.  0.  0. 17.  0.  8.  0. 22.  5.  0.  0.  0.  0.  0.  0.  0.
 30. 16. 13. 15.  1.  3.  4.  0.  0.  0.  0.  0.  0.  0.  0.  0. 27. 24.
 14.  7.  2.  6.  0.  0.  0.  0.  0.  0.  0. 38. 25. 37. 23. 21. 26.  0.
  0.  0.  0.  0.  0.  0.  0.  0. 28.  0. 39. 32. 29.  0.  0.  0.  0.  0.
  0.  0.  0.  0.  0.  0.  0. 31. 35. 36. 33.  0.  0.  0.  0.  0.  0.  0.
  0.  0.  0.  0.  0.  0.  0.  0. 34.  0.  0.  0.  0.  0.  0.  0.  0.  0.
  0.  0.  0.  0.  0.  0.  0.  0.  0.  0.  0.  0.  0.  0.  0.  0.  0.  0.
  0.  0.  0.  0.  0.  0.  0.  0.  0.]