[ 0.  0.  0.  0.  0.  0.  0.  0.  0.  0.  0.  0.  0.  0.  0.  0.  0.  0.
  0. 34.  0.  0.  0.  0.  0.  0.  0.  0.  0.  0.  0.  0.  0.  0.  0. 31.
  0.  0.  0.  0.  0.  0.  0.  0.  0.  0.  0.  0.  0.  0. 32. 33.  0.  0.
  0.  0.  0.  0.  0.  0.  0.  0. 26. 23. 28. 25. 21. 27.  0.  0.  0.  0.
  0.  0.  0.  0.  0.  0. 20. 19. 17. 13. 30. 29.  0.  0.  0.  0.  0.  0.
  0.  0.  0.  0.  0. 15. 22. 14.  6. 35. 11.  0.  0.  0.  0.  0.  0.  0.
  0. 16. 18. 24.  1.  9. 10. 12.  0.  0.  0.  0.  0.  0.  0.  0.  0.  0.
  5.  2.  4.  0.  7.  0.  0.  0.  0.  0.  0.  0.  0.  0.  0.  0.  0.  0.
  3.  0.  0.  0.  0.  0.  0.  0.  0.  0.  0.  0.  0.  0.  8.  0.  0.  0.
  0.  0.  0.  0.  0.  0.  0.  0.  0.  0.  0.  0.  0.  0.  0.  0.  0.  0.
  0.  0.  0.  0.  0.  0.  0.  0.  0.  0.  0.  0.  0.  0.  0.  0.  0.  0.
  0.  0.  0.  0.  0.  0.  0.  0.  0.  0.  0.  0.  0.  0.  0.  0.  0.  0.
  0.  0.  0.  0.  0.  0.  0.  0.  0.]