[ 0.  0.  0.  0.  0.  0.  0.  0.  0.  0.  0.  0.  0.  0.  0.  0.  0.  0.
  0.  0.  0.  0.  0.  0.  0.  0.  0.  0.  0.  0.  0.  0.  0.  0.  0.  0.
  0.  0.  0.  0.  0.  0.  0.  0.  0.  0.  0.  0.  0.  0.  0.  0.  0.  0.
  0.  0. 16.  0.  0.  0.  0.  0.  0.  0.  0.  0.  0.  0. 10.  0. 15.  0.
  0.  0.  0.  0.  0.  0.  0.  0.  0.  0.  0.  0.  9. 11. 13. 14.  0.  0.
  0.  0.  0.  0.  0.  0.  0.  0.  3.  8.  7. 18.  0.  0.  0.  0.  0.  0.
  0.  0.  0.  0.  1.  0.  4. 12. 25. 22.  0.  0.  0.  0.  0.  0.  0.  0.
  6.  0.  2.  5. 24. 17.  0.  0.  0.  0.  0.  0.  0.  0.  0.  0.  0. 26.
 34. 19.  0.  0.  0.  0.  0.  0.  0.  0.  0.  0.  0.  0.  0. 21.  0. 20.
  0.  0.  0.  0.  0.  0.  0.  0.  0.  0. 30. 27. 29. 23. 31. 32.  0.  0.
  0.  0.  0.  0.  0.  0.  0. 28.  0. 33. 37.  0.  0.  0.  0.  0.  0.  0.
  0.  0.  0.  0.  0.  0. 35.  0.  0.  0.  0.  0.  0.  0.  0.  0.  0.  0.
  0.  0.  0. 36.  0.  0.  0.  0.  0.]