[ 0.  0.  0.  0.  0.  0.  0.  0.  0.  0.  0.  0.  0.  0.  0.  0.  0.  0.
  0.  0.  0.  0.  0.  0.  0.  0.  0.  0.  0.  0.  0.  0.  0.  0.  0.  0.
  0.  0.  0.  0.  0.  0.  0.  0.  0.  0.  0.  0.  0.  0.  0.  0.  0.  0.
  0.  0.  0.  0.  0.  0.  0.  0.  0.  0.  0.  0.  0.  0.  0.  0.  0.  0.
  0.  0.  0.  0.  0.  0.  0.  0.  0.  0.  0.  0.  0.  0.  0.  0.  0.  0.
  0.  0.  0.  0.  0.  0.  0.  8.  3.  0.  0.  0.  0.  0.  0.  0.  0.  0.
  0.  0.  0.  0.  1.  0.  6.  0.  0.  0.  0.  0.  0.  0.  0.  0. 12.  0.
  4.  5.  2.  0.  0. 32.  0.  0.  0.  0.  0.  0.  0.  0. 11.  0.  0.  0.
 16. 31.  0.  0.  0.  0.  0.  0.  0.  0.  0.  0.  7. 10. 15. 23. 26. 25.
  0.  0.  0.  0.  0.  0.  0.  0. 14. 17.  9. 27.  0. 24. 33.  0.  0.  0.
  0.  0.  0.  0.  0.  0. 13. 21. 19. 22.  0.  0.  0.  0.  0.  0.  0.  0.
  0.  0. 29. 18. 35. 28. 20. 34.  0.  0.  0.  0.  0.  0.  0.  0. 30.  0.
  0.  0.  0.  0. 36.  0.  0.  0.  0.]