[ 0.  0.  0.  0.  0.  0.  0.  0.  0.  0.  0.  0.  0.  0.  0.  0.  0.  0.
  0.  0.  0.  0.  0.  0.  0.  0.  0.  0.  0.  0.  0.  0.  0.  0.  0.  0.
  0.  0.  0.  0.  0.  0.  0.  0.  0.  0.  0.  0.  0.  0.  0. 40.  0.  0.
  0.  0.  0.  0.  0.  0.  0.  0.  0.  0.  0.  0.  0. 35. 30.  0.  0.  0.
  0.  0.  0.  0.  0.  0. 38.  0. 34.  0.  0. 27. 20.  0.  0.  0.  0.  0.
  0.  0.  0.  0. 37.  9.  4.  3. 19. 36. 24.  0.  0.  0.  0.  0.  0.  0.
  0.  0. 33.  6.  1.  0. 14. 25. 21.  0.  0.  0.  0.  0.  0.  0.  0.  0.
  7.  2. 11. 15. 18. 17. 39.  0.  0.  0.  0.  0.  0.  0. 31.  0.  5.  8.
 29. 16. 26. 28.  0.  0.  0.  0.  0.  0. 32.  0.  0.  0. 10. 12. 22. 23.
  0.  0.  0.  0.  0.  0.  0.  0.  0.  0.  0.  0.  0. 13.  0.  0.  0.  0.
  0.  0.  0.  0.  0.  0.  0.  0.  0.  0.  0.  0.  0.  0.  0.  0.  0.  0.
  0.  0.  0.  0.  0.  0.  0.  0.  0.  0.  0.  0.  0.  0.  0.  0.  0.  0.
  0.  0.  0.  0.  0.  0.  0.  0.  0.]