[ 0.  0.  0.  0.  0.  0.  0.  0.  0.  0.  0.  0.  0.  0.  0.  0.  0.  0.
  0.  0.  0.  0.  0.  0. 83.  0.  0.  0.  0.  0.  0.  0.  0.  0.  0. 84.
  0. 43.  0. 39. 82.  0.  0. 51.  0.  0.  0.  0.  0.  0. 80.  0. 81. 40.
 38. 41.  0.  0.  0.  0.  0.  0.  0.  0. 79. 85. 24.  0. 37. 28. 47. 46.
 36. 50. 49.  0.  0.  0.  0. 86. 26. 25. 23.  0. 20. 42. 35. 45. 48.  0.
  0.  0.  0.  0. 27. 11.  6. 30. 19. 22. 33. 67. 44. 65.  0.  0.  0.  0.
 77. 18. 16.  4.  1. 29. 21. 31. 32. 66. 64.  0.  0.  0.  0. 78.  0. 13.
 17.  2. 56.  3. 34. 71.  0.  0.  0.  0. 89. 90. 53. 57. 58.  7. 55.  8.
  5.  0. 68.  0.  0.  0.  0.  0.  0.  0. 52. 54. 59.  0. 12.  9. 69. 70.
 62.  0.  0.  0.  0.  0. 87.  0. 88.  0.  0. 14. 10. 61. 60.  0. 74.  0.
  0.  0.  0.  0.  0. 91.  0.  0. 15.  0. 63. 72.  0.  0. 75.  0.  0.  0.
  0.  0.  0.  0.  0.  0.  0. 76. 73.  0.  0.  0.  0.  0.  0.  0.  0.  0.
  0.  0.  0.  0.  0.  0.  0.  0.  0.]