[ 0.  0.  0.  0.  0.  0.  0.  0.  0.  0.  0.  0.  0.  0.  0.  0.  0.  0.
  0.  0.  0.  0.  0.  0.  0.  0.  0.  0.  0.  0.  0.  0.  0.  0.  0.  0.
  0.  0.  0.  0.  0.  0.  0.  0.  0.  0.  0.  0.  0.  0.  0.  0.  0.  0.
  0.  0.  0.  0.  0.  0.  0.  0.  0.  0.  0.  0.  0.  0.  0.  0.  0.  0.
  0.  0.  0.  0.  0.  0.  0.  0.  0.  0.  0.  0.  0.  0.  0.  0.  0.  0.
  0.  0.  0.  0.  0.  0.  3.  8.  0.  0.  0.  0.  0.  0.  0.  0.  0.  0.
  0.  0. 10.  0.  1.  5.  6.  0.  0.  0.  0.  0.  0.  0.  0.  0.  0. 11.
  0.  2.  4.  7.  0.  0.  0.  0.  0.  0.  0. 24.  0. 18.  0. 12.  9. 26.
  0.  0.  0.  0.  0.  0.  0.  0. 31.  0. 15. 16. 35. 25.  0.  0.  0.  0.
  0.  0.  0.  0.  0. 20. 19. 17. 37. 13. 14.  0.  0.  0.  0.  0.  0.  0.
  0.  0. 22. 34. 29. 21. 33.  0.  0.  0.  0.  0.  0.  0.  0.  0.  0.  0.
  0. 27. 32. 23.  0.  0.  0.  0.  0.  0.  0.  0.  0.  0.  0. 28. 30.  0.
 36.  0.  0.  0.  0.  0.  0.  0.  0.]