[ 0.  0.  0.  0.  0.  0.  0.  0.  0.  0.  0.  0.  0.  0.  0.  0.  0.  0.
  0.  0.  0.  0.  0.  0.  0.  0.  0.  0.  0.  0.  0.  0.  0.  0.  0.  0.
  0.  0.  0.  0.  0.  0.  0.  0.  0.  0.  0.  0.  0.  0.  0. 44. 48.  0.
  0.  0.  0.  0.  0.  0.  0.  0.  0.  0.  0.  0.  0.  0.  0. 15.  0.  0.
  0.  0.  0.  0.  0.  0.  0.  0.  0.  0.  4. 45. 14. 11.  0.  0.  0.  0.
  0.  0.  0.  0. 23. 17.  6.  3. 13. 10. 46.  0.  0.  0.  0.  0.  0.  0.
  0.  0.  7. 16.  1.  8. 12. 26.  0.  0.  0.  0.  0.  0.  0.  0.  0. 20.
 21.  2.  5. 31. 36. 27. 35.  0.  0.  0.  0.  0.  0.  0.  9. 18. 24. 30.
 25. 47.  0.  0.  0.  0.  0.  0.  0.  0. 22. 19.  0. 28. 37. 32. 34.  0.
  0.  0.  0.  0.  0.  0.  0. 38.  0. 40. 39. 29.  0. 33.  0.  0.  0.  0.
  0.  0.  0.  0.  0.  0. 41.  0.  0.  0.  0.  0.  0.  0.  0.  0.  0.  0.
  0. 43. 42.  0.  0.  0.  0.  0.  0.  0.  0.  0.  0.  0.  0.  0.  0.  0.
  0.  0.  0.  0.  0.  0.  0.  0.  0.]