[ 0.  0.  0.  0.  0.  0.  0.  0.  0.  0.  0.  0.  0.  0.  0.  0.  0.  0.
  0.  0.  0.  0.  0.  0.  0.  0.  0.  0.  0.  0.  0.  0.  0.  0.  0.  0.
  0.  0.  0.  0.  0.  0.  0.  0.  0.  0.  0.  0.  0.  0.  0.  0.  0.  0.
  0.  0.  0.  0.  0.  0.  0.  0. 15.  0. 19.  0.  0.  0.  0.  0.  0.  0.
  0.  0.  0.  0.  0. 17. 14. 16.  8.  0.  3.  0.  0.  0.  0.  0.  0.  0.
  0.  0. 24. 22. 10.  9.  7.  0.  0.  0.  0.  0.  0.  0.  0.  0.  0.  0.
 11. 18. 12.  6.  1.  0. 28.  0.  0.  0.  0.  0.  0.  0.  0.  0. 21.  5.
  4.  2. 27.  0.  0.  0.  0.  0.  0.  0.  0.  0.  0. 20. 23.  0. 13.  0.
  0.  0.  0.  0.  0.  0.  0.  0.  0.  0.  0.  0. 25.  0. 29.  0.  0.  0.
  0.  0.  0.  0.  0.  0.  0.  0.  0.  0. 26.  0.  0.  0.  0.  0.  0.  0.
  0.  0.  0.  0.  0.  0.  0.  0.  0.  0.  0.  0.  0.  0.  0.  0.  0.  0.
  0.  0.  0.  0.  0.  0.  0.  0.  0.  0.  0.  0.  0.  0.  0.  0.  0.  0.
  0.  0.  0.  0.  0.  0.  0.  0.  0.]