[ 0.  0.  0.  0.  0.  0.  0.  0.  0.  0.  0.  0.  0.  0.  0.  0.  0.  0.
  0.  0.  0.  0.  0.  0.  0.  0.  0.  0.  0.  0.  0.  0.  0.  0.  0.  0.
 36.  0. 41.  0.  0.  0.  0.  0.  0.  0.  0.  0.  0.  0. 43. 24. 32. 42.
  0. 44.  0.  0.  0.  0.  0.  0.  0.  0.  0.  0. 38. 23. 37.  0.  0.  0.
  0.  0.  0.  0.  0.  0.  0.  0. 40. 39.  3.  5. 16. 15. 35.  0.  0.  0.
  0.  0.  0.  0.  0.  0.  0. 31. 10. 11. 20.  0.  0.  0.  0.  0.  0.  0.
  0.  0.  0.  8.  1. 30. 34. 17. 25.  0.  0.  0.  0.  0.  0.  0.  0.  0.
  7.  2.  6. 12. 19. 18.  0.  0.  0.  0.  0.  0.  0.  0.  0. 27. 14.  4.
 26. 28. 29.  0.  0.  0.  0.  0.  0.  0.  0.  0. 21. 22. 13.  9.  0.  0.
 33.  0.  0.  0.  0.  0.  0.  0.  0.  0.  0.  0.  0.  0.  0.  0.  0.  0.
  0.  0.  0.  0.  0.  0.  0.  0.  0.  0.  0.  0.  0.  0.  0.  0.  0.  0.
  0.  0.  0.  0.  0.  0.  0.  0.  0.  0.  0.  0.  0.  0.  0.  0.  0.  0.
  0.  0.  0.  0.  0.  0.  0.  0.  0.]