[ 0.  0.  0.  0.  0.  0.  0.  0.  0.  0.  0.  0.  0.  0.  0.  0.  0.  0.
  0.  0.  0.  0.  0.  0.  0.  0.  0.  0.  0.  0.  0.  0.  0.  0.  0.  0.
  0.  0. 46.  0.  0.  0.  0.  0.  0.  0.  0.  0.  0.  0.  0.  0. 43.  0.
  0.  0.  0.  0.  0.  0.  0.  0.  0.  0.  0.  0. 41. 42.  9. 33.  0.  0.
  0.  0.  0.  0.  0.  0.  0.  0.  0.  0.  8. 45. 44. 32.  0.  0.  0.  0.
  0.  0.  0.  0.  0.  7.  2.  4. 12.  0. 13.  0.  0.  0.  0.  0.  0.  0.
  0.  0.  6.  5.  1. 11. 14.  0. 16.  0.  0.  0.  0.  0.  0. 40. 39.  0.
  0. 10.  3. 21. 15. 23. 24.  0.  0.  0.  0.  0.  0.  0.  0. 38. 27. 26.
 18. 22. 29. 28.  0.  0.  0.  0.  0.  0.  0. 47. 48.  0. 19. 20. 17.  0.
 37.  0.  0.  0.  0.  0.  0. 50.  0. 49.  0. 25. 30. 31.  0.  0.  0.  0.
  0.  0.  0.  0.  0.  0.  0.  0.  0. 35. 36.  0.  0.  0.  0.  0.  0.  0.
  0.  0.  0.  0.  0.  0. 34.  0.  0.  0.  0.  0.  0.  0.  0.  0.  0.  0.
  0.  0.  0.  0.  0.  0.  0.  0.  0.]