[ 0.  0.  0.  0.  0.  0.  0.  0.  0.  0.  0.  0.  0.  0.  0.  0.  0.  0.
  0.  0.  0.  0.  0.  0.  0.  0.  0.  0.  0.  0.  0.  0.  0.  0.  0.  0.
  0.  0.  0.  0.  0.  0.  0.  0.  0.  0.  0.  0.  0.  0.  0. 41.  0. 37.
  0.  0.  0.  0.  0.  0.  0.  0.  0.  0. 43. 42. 40. 36.  0.  0.  0.  0.
  0.  0.  0.  0.  0.  0.  0. 35. 44. 28.  3.  5. 29. 30.  0.  0.  0.  0.
  0.  0.  0.  0. 46. 34. 38. 39. 10. 20. 24. 25.  0.  0.  0.  0.  0.  0.
  0.  0. 45.  8.  1. 11. 13. 17. 18.  0.  0.  0.  0.  0.  0.  0.  0.  0.
  7.  2.  6. 16.  0. 19.  0.  0.  0.  0.  0.  0.  0.  0. 15. 14. 12.  4.
  0. 21.  0.  0.  0.  0.  0.  0.  0.  0.  0.  0. 32. 23. 26.  9. 33.  0.
  0.  0.  0.  0.  0.  0.  0.  0.  0.  0. 31. 22.  0.  0.  0.  0.  0.  0.
  0.  0.  0.  0.  0.  0.  0.  0. 27.  0.  0.  0.  0.  0.  0.  0.  0.  0.
  0.  0.  0.  0.  0.  0.  0.  0.  0.  0.  0.  0.  0.  0.  0.  0.  0.  0.
  0.  0.  0.  0.  0.  0.  0.  0.  0.]