[ 0.  0.  0.  0.  0.  0.  0.  0.  0.  0.  0.  0.  0.  0.  0.  0.  0.  0.
  0.  0.  0.  0.  0.  0.  0.  0.  0.  0.  0.  0.  0.  0.  0.  0.  0.  0.
  0.  0.  0.  0.  0.  0.  0.  0.  0.  0.  0.  0.  0.  0.  0.  0.  0.  0.
  0.  0.  0.  0.  0.  0.  0.  0.  0.  0.  0.  0.  0.  0.  0.  0.  0.  0.
  0.  0.  0.  0.  0.  0.  0. 45.  0.  3. 36.  0.  8.  0. 37.  0.  0.  0.
  0.  0.  0.  0.  0. 44. 33. 43.  7.  9. 10. 38.  0.  0.  0.  0.  0.  0.
 49.  0. 31. 32.  1.  6. 11. 18. 13.  0.  0.  0.  0.  0.  0.  0. 25. 24.
 20.  4.  2.  5. 12.  0.  0.  0.  0.  0.  0.  0. 39. 42.  0. 19. 34. 14.
 16. 17.  0.  0.  0.  0.  0.  0. 40. 47. 41. 54. 53. 23. 26. 15.  0.  0.
  0.  0.  0.  0.  0. 46. 50. 51. 48.  0. 27. 21. 30.  0.  0.  0.  0.  0.
  0.  0.  0.  0. 52.  0.  0. 22. 29. 28. 35.  0.  0.  0.  0.  0.  0.  0.
  0.  0.  0.  0.  0.  0.  0.  0.  0.  0.  0.  0.  0.  0.  0.  0.  0.  0.
  0.  0.  0.  0.  0.  0.  0.  0.  0.]