[ 0.  0.  0.  0.  0.  0.  0.  0.  0.  0.  0.  0.  0.  0.  0.  0.  0.  0.
  0.  0.  0.  0.  0.  0.  0.  0.  0.  0.  0.  0.  0.  0.  0.  0.  0.  0.
  0.  0.  0.  0.  0.  0.  0.  0.  0.  0.  0.  0.  0.  0.  0.  0.  0.  0.
  0.  0.  0.  0.  0.  0.  0.  0.  0.  0.  0.  0. 22. 15. 10.  0. 12.  0.
  0.  0.  0.  0.  0.  0.  0.  0.  0. 13.  3. 14. 11. 17.  0.  0.  0.  0.
  0.  0.  0.  0.  0. 24.  0. 18.  5.  8.  7.  0.  0.  0.  0.  0.  0.  0.
  0. 23.  0. 19.  1. 16.  6.  0.  0.  0.  0.  0.  0.  0.  0.  0. 25.  0.
  0.  2.  4.  9.  0.  0.  0.  0.  0.  0.  0.  0.  0.  0.  0. 20.  0.  0.
  0.  0.  0.  0.  0.  0.  0.  0.  0.  0.  0. 21.  0.  0.  0.  0.  0.  0.
  0.  0.  0.  0.  0.  0.  0.  0.  0.  0.  0.  0.  0.  0.  0.  0.  0.  0.
  0.  0.  0.  0.  0.  0.  0.  0.  0.  0.  0.  0.  0.  0.  0.  0.  0.  0.
  0.  0.  0.  0.  0.  0.  0.  0.  0.  0.  0.  0.  0.  0.  0.  0.  0.  0.
  0.  0.  0.  0.  0.  0.  0.  0.  0.]