[ 0.  0.  0.  0.  0.  0.  0.  0.  0.  0.  0.  0.  0.  0.  0.  0.  0.  0.
  0.  0.  0.  0.  0.  0.  0.  0.  0.  0.  0.  0.  0.  0.  0.  0.  0.  0.
 36. 19. 31. 35. 41. 42.  0.  0.  0.  0.  0.  0.  0.  0.  0.  0. 18. 32.
  0. 43.  0.  0.  0.  0.  0.  0.  0.  0.  0.  0. 20. 10. 29.  0. 37.  0.
  0.  0.  0.  0.  0.  0.  0.  0.  0. 11. 12.  5. 38.  0. 39.  0.  0.  0.
  0.  0.  0. 15. 14.  8.  6. 16. 17.  7.  0.  0. 40.  0.  0.  0.  0.  0.
 21. 22. 13.  9.  1.  4.  0.  0.  0.  0.  0.  0.  0. 34. 33. 25. 27.  0.
 24.  2.  3.  0.  0.  0.  0.  0.  0.  0.  0.  0. 26.  0. 23.  0.  0.  0.
  0.  0.  0.  0.  0.  0.  0.  0.  0.  0.  0.  0. 28. 30.  0.  0.  0.  0.
  0.  0.  0.  0.  0.  0.  0.  0.  0.  0.  0.  0.  0.  0.  0.  0.  0.  0.
  0.  0.  0.  0.  0.  0.  0.  0.  0.  0.  0.  0.  0.  0.  0.  0.  0.  0.
  0.  0.  0.  0.  0.  0.  0.  0.  0.  0.  0.  0.  0.  0.  0.  0.  0.  0.
  0.  0.  0.  0.  0.  0.  0.  0.  0.]