[ 0.  0.  0.  0.  0.  0.  0.  0.  0.  0.  0.  0.  0.  0.  0.  0.  0.  0.
  0.  0. 60.  0.  0.  0.  0.  0.  0.  0.  0.  0.  0.  0.  0.  0.  0. 57.
  0.  0.  0. 55.  0.  0.  0.  0.  0.  0.  0.  0.  0.  0. 41. 54. 33. 53.
  0. 50.  0.  0.  0.  0.  0.  0. 37. 58. 26. 59. 34. 56. 35. 51.  0. 46.
  0.  0.  0.  0. 42. 39. 31.  9. 40.  3. 18. 36. 20. 23.  0.  0.  0.  0.
  0.  0. 43. 24. 25.  8.  0. 12. 13. 21. 19. 22.  0.  0.  0.  0.  0. 44.
 30. 45. 38.  6.  1.  5. 10. 49.  0.  0.  0.  0.  0.  0. 29.  0. 32. 15.
  7.  4.  2.  0. 52. 47.  0.  0.  0.  0.  0.  0. 27.  0. 14.  0. 16. 11.
  0.  0.  0.  0.  0.  0.  0.  0.  0.  0.  0.  0. 17.  0.  0.  0.  0.  0.
  0.  0.  0.  0.  0.  0.  0.  0. 61. 28.  0. 48.  0.  0.  0.  0.  0.  0.
  0.  0.  0.  0.  0.  0.  0.  0.  0.  0.  0.  0.  0.  0.  0.  0.  0.  0.
  0.  0.  0.  0.  0.  0.  0.  0.  0.  0.  0.  0.  0.  0.  0.  0.  0.  0.
  0.  0.  0.  0.  0.  0.  0.  0.  0.]