[ 0.  0.  0.  0.  0.  0.  0.  0.  0.  0.  0.  0.  0.  0.  0.  0.  0.  0.
  0.  0.  0.  0.  0.  0.  0.  0.  0.  0.  0.  0.  0.  0.  0.  0.  0.  0.
  0.  0.  0.  0.  0.  0.  0.  0.  0.  0.  0.  0.  0.  0.  0.  0. 33.  0.
  0.  0.  0.  0.  0.  0.  0.  0.  0.  0.  0.  0. 30. 36.  0.  0.  0.  0.
  0.  0.  0.  0.  0. 39.  0. 32.  0.  0. 31.  0.  0.  0.  0.  0.  0.  0.
  0.  0.  0. 38.  0.  0. 25. 35. 20.  0.  0.  0.  0.  0.  0.  0.  0. 40.
 28. 26. 12. 29.  1.  9.  6.  0.  0.  0.  0.  0.  0.  0.  0.  0. 24. 34.
 11.  2.  4.  5. 14.  0.  0.  0.  0.  0.  0.  0.  0. 27. 19.  8.  7.  0.
  3. 10. 21.  0.  0.  0.  0.  0.  0.  0. 22.  0.  0. 37. 13. 18. 15.  0.
  0.  0.  0.  0.  0.  0.  0.  0.  0.  0. 17.  0. 16.  0.  0.  0.  0.  0.
  0.  0.  0.  0.  0.  0.  0.  0. 23.  0.  0.  0.  0.  0.  0.  0.  0.  0.
  0.  0.  0.  0.  0.  0.  0.  0.  0.  0.  0.  0.  0.  0.  0.  0.  0.  0.
  0.  0.  0.  0.  0.  0.  0.  0.  0.]