[ 0.  0.  0.  0.  0.  0.  0.  0.  0.  0.  0.  0.  0.  0.  0.  0.  0.  0.
  0.  0.  0.  0.  0.  0.  0.  0.  0.  0.  0.  0.  0.  0.  0.  0.  0.  0.
  0.  0.  0.  0.  0.  0.  0.  0.  0.  0.  0.  0.  0.  0.  0.  0.  0.  0.
 18.  0.  0.  0.  0.  0.  0.  0.  0.  0.  0.  0.  0. 16. 17.  0.  0.  0.
  0.  0.  0.  0.  0.  0.  0.  0.  0.  8. 15.  0.  0.  0.  0.  0.  0.  0.
  0.  0.  0.  0.  0.  0.  9.  3. 20. 19. 13. 25.  0.  0.  0.  0.  0.  0.
  0.  0.  0.  6.  1.  5. 12. 11.  0.  0.  0.  0.  0.  0.  0.  0.  0.  0.
  4. 10.  2.  7. 14. 21.  0.  0.  0.  0.  0.  0.  0.  0.  0.  0.  0.  0.
  0.  0. 22. 24.  0.  0.  0.  0.  0.  0.  0.  0.  0.  0.  0.  0.  0.  0.
 23.  0.  0.  0.  0.  0.  0.  0.  0.  0.  0.  0.  0.  0.  0.  0.  0.  0.
  0.  0.  0.  0.  0.  0.  0.  0.  0.  0.  0.  0.  0.  0.  0.  0.  0.  0.
  0.  0.  0.  0.  0.  0.  0.  0.  0.  0.  0.  0.  0.  0.  0.  0.  0.  0.
  0.  0.  0.  0.  0.  0.  0.  0.  0.]