[ 0.  0.  0.  0.  0.  0.  0.  0.  0.  0.  0.  0.  0.  0.  0.  0.  0.  0.
  0.  0.  0.  0.  0.  0.  0.  0.  0.  0.  0.  0.  0.  0.  0.  0.  0.  0.
  0.  0.  0.  0.  0.  0.  0.  0.  0.  0.  0.  0.  0.  0.  0.  0.  0.  0.
  0.  0.  0.  0.  0.  0.  0.  0.  0.  0.  0.  0.  0.  0.  0.  0.  0.  0.
  0.  0.  0.  0.  0.  0.  0.  0.  0. 11.  0.  7.  0.  0.  0.  0.  0.  0.
  0.  0.  0.  0.  0.  0. 10.  6. 13.  0.  0.  0.  0.  0.  0.  0.  0.  0.
  0.  0.  0.  4.  1.  5.  0.  0.  0.  0.  0.  0.  0.  0.  0.  0. 15. 12.
  8.  2. 14.  3.  0.  0.  0.  0.  0.  0.  0.  0.  0.  0. 18. 16.  0.  9.
  0.  0.  0.  0.  0.  0.  0.  0.  0.  0.  0.  0. 17.  0.  0.  0.  0.  0.
  0.  0.  0.  0.  0.  0.  0.  0.  0.  0.  0.  0.  0.  0.  0.  0.  0.  0.
  0.  0.  0.  0.  0.  0.  0.  0.  0.  0.  0.  0.  0.  0.  0.  0.  0.  0.
  0.  0.  0.  0.  0.  0.  0.  0.  0.  0.  0.  0.  0.  0.  0.  0.  0.  0.
  0.  0.  0.  0.  0.  0.  0.  0.  0.]