[ 0.  0.  0.  0.  0.  0.  0.  0.  0.  0.  0.  0.  0.  0.  0.  0.  0.  0.
  0.  0.  0.  0.  0. 64.  0. 59.  0.  0.  0.  0.  0.  0.  0.  0. 42. 41.
 66. 31. 63. 65. 58.  0. 33.  0.  0.  0.  0.  0. 51.  0. 40. 36.  0. 29.
 61. 56. 32. 60.  0.  0.  0.  0. 50.  0. 37. 43. 39. 44. 25.  0. 26. 62.
 55.  0.  0.  0.  0.  0.  0.  0. 38. 30.  3.  5. 24. 34. 54. 57.  0.  0.
  0.  0.  0.  0.  0. 19. 27. 18. 10.  0. 35.  0.  0.  0.  0.  0.  0.  0.
  0.  0. 28.  8.  1. 11. 13. 14.  0.  0.  0.  0.  0.  0.  0.  0.  0.  0.
  7.  2.  6. 15.  0.  0.  0.  0.  0.  0.  0.  0.  0.  0. 22. 23. 12.  4.
 16. 17.  0.  0.  0.  0.  0.  0.  0.  0.  0.  0. 45. 48. 47.  9.  0. 52.
  0.  0.  0.  0.  0.  0.  0.  0.  0. 46. 21. 20.  0.  0. 53.  0.  0.  0.
  0.  0.  0.  0.  0. 49.  0.  0.  0.  0.  0.  0.  0.  0.  0.  0.  0.  0.
  0.  0.  0.  0.  0.  0.  0.  0.  0.  0.  0.  0.  0.  0.  0.  0.  0.  0.
  0.  0.  0.  0.  0.  0.  0.  0.  0.]