[ 0.  0.  0.  0.  0.  0.  0.  0.  0.  0.  0.  0.  0.  0.  0.  0.  0.  0.
  0.  0.  0.  0.  0.  0.  0.  0.  0.  0.  0.  0.  0.  0.  0.  0.  0.  0.
  0.  0.  0.  0.  0.  0.  0.  0.  0.  0.  0.  0.  0.  0.  0.  0.  0.  0.
  0.  0.  0.  0.  0.  0.  0.  0.  0.  0.  0.  0.  0.  0.  0.  0.  0.  0.
  0.  0.  0.  0.  0.  0.  0.  0.  0.  0.  0. 13.  0.  0.  0.  0.  0.  0.
  0.  0.  0.  0.  0.  0.  0. 15.  8.  0.  0.  0.  0.  0.  0.  0. 31.  0.
 33. 29. 34. 11.  1. 12.  5.  0. 10.  0.  0.  0.  0.  0. 30.  0. 32. 14.
 17. 16.  2.  6.  7.  0.  0.  0.  0.  0.  0.  0. 24.  0. 36. 20.  4.  9.
  3.  0.  0.  0.  0.  0.  0.  0. 35.  0. 26. 21. 19. 22. 28.  0.  0.  0.
  0.  0.  0.  0.  0.  0.  0.  0. 18.  0. 25. 23.  0.  0.  0.  0.  0.  0.
  0.  0.  0.  0.  0.  0. 27.  0.  0.  0.  0.  0.  0.  0.  0.  0.  0.  0.
  0.  0.  0.  0.  0.  0.  0.  0.  0.  0.  0.  0.  0.  0.  0.  0.  0.  0.
  0.  0.  0.  0.  0.  0.  0.  0.  0.]