[ 0.  0.  0.  0.  0.  0.  0.  0.  0.  0.  0.  0.  0.  0.  0.  0.  0.  0.
  0.  0.  0.  0.  0.  0.  0.  0.  0.  0.  0.  0.  0.  0.  0.  0.  0.  0.
  0.  0.  0.  0.  0.  0.  0.  0.  0.  0.  0.  0.  0.  0.  0.  0.  0.  0.
  0. 29.  0.  0.  0.  0.  0.  0.  0.  0.  0.  0.  0.  0.  0. 27. 28.  0.
 21.  0.  0.  0.  0.  0.  0.  0.  0.  0.  0.  0.  0. 26.  0.  0.  0.  0.
  0.  0.  0.  0.  0.  0.  0.  0.  0.  0. 12.  0. 30.  0.  0.  0.  0.  0.
 17.  0. 14. 13.  1.  5.  8.  0. 22. 20.  0.  0.  0.  0.  0.  0. 11.  0.
  6.  2.  4.  7. 19. 23. 24.  0.  0.  0.  0.  0.  0.  0. 15.  0.  9. 16.
  3. 10.  0.  0. 25.  0.  0.  0.  0.  0.  0.  0. 18.  0.  0.  0.  0.  0.
  0.  0.  0.  0.  0.  0.  0.  0.  0.  0.  0.  0.  0.  0.  0.  0.  0.  0.
  0.  0.  0.  0.  0.  0.  0.  0.  0.  0.  0.  0.  0.  0.  0.  0.  0.  0.
  0.  0.  0.  0.  0.  0.  0.  0.  0.  0.  0.  0.  0.  0.  0.  0.  0.  0.
  0.  0.  0.  0.  0.  0.  0.  0.  0.]