[ 0.  0.  0.  0.  0.  0.  0.  0.  0.  0.  0.  0.  0.  0.  0.  0.  0.  0.
  0.  0.  0.  0.  0.  0. 40.  0.  0.  0.  0.  0.  0.  0.  0.  0.  0. 52.
 51.  0.  0.  0. 37.  0.  0. 43. 50.  0.  0.  0. 62. 61.  0. 47. 46.  0.
 33.  0. 35. 42. 41.  0.  0.  0.  0.  0. 58.  0.  0. 45. 38.  0. 34. 36.
 39.  0.  0.  0.  0. 60. 55.  0. 57. 18. 17. 13.  0. 26. 25.  0. 44.  0.
  0.  0.  0. 53. 54. 19.  0.  0. 16. 48. 49.  0.  0.  0.  0.  0.  0. 73.
 56. 59. 12. 14.  1.  9.  6. 21.  0. 27. 32.  0.  0.  0. 68.  0.  0. 11.
 15.  2.  4.  5.  0. 24.  0.  0.  0.  0.  0.  0. 69.  0.  0.  8.  7. 22.
  3. 10. 31.  0.  0.  0.  0.  0.  0. 72. 64. 63.  0.  0.  0.  0.  0.  0.
  0.  0.  0.  0.  0.  0. 71.  0. 66.  0.  0. 29. 20. 23.  0.  0.  0.  0.
  0.  0.  0.  0. 70. 65. 67.  0. 28.  0.  0. 30.  0.  0.  0.  0.  0.  0.
  0.  0.  0.  0.  0.  0.  0.  0.  0.  0.  0.  0.  0.  0.  0.  0.  0.  0.
  0.  0.  0.  0.  0.  0.  0.  0.  0.]