[ 0.  0.  0.  0.  0.  0.  0.  0.  0.  0.  0.  0.  0.  0.  0.  0.  0.  0.
  0.  0.  0.  0.  0.  0.  0.  0.  0.  0.  0.  0.  0.  0.  0.  0.  0.  0.
  0.  0.  0.  0. 30.  0.  0.  0.  0.  0.  0.  0.  0.  0.  0.  0.  0.  0.
 32.  0.  0.  0.  0.  0.  0.  0.  0.  0.  0.  0.  0.  0. 31. 33. 29. 34.
  0.  0.  0.  0.  0.  0.  0.  0.  0. 12.  3.  5.  0. 23.  0.  0.  0.  0.
  0.  0.  0.  0.  0.  0. 17. 16. 10. 14. 19.  0.  0.  0.  0.  0.  0.  0.
  0.  0.  0.  8.  1. 11. 28.  0. 20. 35.  0.  0.  0.  0.  0.  0.  0.  0.
  7.  2.  6. 15. 24. 21.  0.  0.  0.  0.  0.  0.  0.  0.  0.  0.  0.  4.
 25. 13.  0.  0.  0.  0.  0.  0.  0.  0.  0.  0.  0.  0. 26.  9.  0. 18.
  0.  0.  0.  0.  0.  0.  0.  0.  0.  0.  0. 22.  0.  0.  0.  0.  0.  0.
  0.  0.  0.  0.  0.  0.  0.  0. 27.  0.  0.  0.  0.  0.  0.  0.  0.  0.
  0.  0.  0.  0.  0.  0.  0.  0.  0.  0.  0.  0.  0.  0.  0.  0.  0.  0.
  0.  0.  0.  0.  0.  0.  0.  0.  0.]