[ 0.  0.  0.  0.  0.  0.  0.  0.  0.  0.  0.  0.  0.  0.  0.  0.  0.  0.
  0.  0.  0.  0.  0.  0.  0.  0.  0.  0.  0.  0.  0.  0.  0.  0.  0.  0.
  0.  0.  0.  0.  0.  0.  0.  0.  0.  0.  0.  0.  0.  0.  0.  0.  0.  0.
  0.  0.  0.  0.  0.  0.  0.  0.  0.  0.  0.  0. 18.  0.  0.  0.  0.  0.
  0.  0.  0.  0.  0.  0.  0.  0.  0.  0. 17. 20.  0.  0.  0.  0.  0.  0.
  0.  0.  0.  0. 15. 13. 16.  0.  0.  0.  0.  0.  0.  0.  0.  0.  0.  0.
  0. 12. 14. 19.  1.  5.  8.  0.  0.  0.  0.  0.  0.  0.  0.  0.  0. 11.
  6.  2.  4.  7.  0.  0.  0.  0.  0.  0.  0.  0.  0. 22. 21. 32.  9. 31.
  3. 10.  0.  0.  0.  0.  0.  0.  0.  0. 29. 25. 27. 30.  0.  0.  0.  0.
  0.  0.  0.  0.  0.  0.  0.  0.  0. 24. 23.  0.  0.  0.  0.  0.  0.  0.
  0.  0.  0.  0.  0. 26. 33.  0. 28.  0.  0.  0.  0.  0.  0.  0.  0.  0.
  0.  0.  0.  0.  0.  0.  0.  0.  0.  0.  0.  0.  0.  0.  0.  0.  0.  0.
  0.  0.  0.  0.  0.  0.  0.  0.  0.]