[ 0.  0.  0.  0.  0.  0.  0.  0.  0.  0.  0.  0.  0.  0.  0.  0.  0.  0.
  0.  0.  0.  0.  0.  0.  0.  0.  0.  0.  0.  0.  0.  0.  0.  0.  0.  0.
  0.  0.  0.  0.  0.  0.  0.  0.  0.  0.  0.  0.  0.  0. 18.  0.  0.  0.
  0.  0.  0.  0.  0.  0.  0.  0. 21.  0. 22.  9.  0.  0.  0.  0.  0.  0.
  0.  0.  0.  0.  0.  0. 20.  0.  7. 16.  0.  0.  0.  0.  0.  0.  0.  0.
  0.  0. 23.  0. 14.  5. 17.  0.  6.  0.  0.  0.  0.  0.  0.  0.  0.  0.
  0. 24. 10.  4.  1. 11.  3.  0.  0.  0.  0.  0.  0.  0.  0.  0.  0. 13.
 12.  2.  8. 19.  0.  0.  0.  0.  0.  0.  0.  0.  0.  0.  0.  0. 15.  0.
  0.  0.  0.  0.  0.  0.  0.  0.  0.  0.  0.  0.  0.  0.  0.  0.  0.  0.
  0.  0.  0.  0.  0.  0.  0.  0.  0.  0.  0.  0.  0.  0.  0.  0.  0.  0.
  0.  0.  0.  0.  0.  0.  0.  0.  0.  0.  0.  0.  0.  0.  0.  0.  0.  0.
  0.  0.  0.  0.  0.  0.  0.  0.  0.  0.  0.  0.  0.  0.  0.  0.  0.  0.
  0.  0.  0.  0.  0.  0.  0.  0.  0.]