[ 0.  0.  0.  0.  0.  0.  0.  0.  0.  0.  0.  0.  0.  0.  0.  0.  0.  0.
  0.  0.  0.  0.  0.  0.  0.  0.  0.  0.  0.  0.  0.  0.  0.  0.  0.  0.
  0.  0.  0.  0.  0.  0.  0.  0.  0.  0.  0.  0.  0.  0.  0.  0.  0.  0.
  0.  0.  0.  0.  0.  0.  0.  0.  0.  0.  0.  0.  0.  0.  0.  0.  0.  0.
  0.  0.  0.  0.  0.  0.  0.  0. 12.  0. 10.  0.  0.  0.  0.  0.  0.  0.
  0.  0.  0.  0.  0.  0.  9.  0.  0.  0.  0.  0.  0.  0.  0.  0.  0.  0.
  0. 20.  7. 19.  1.  0.  0.  0.  0.  0.  0.  0.  0.  0.  0.  0.  5.  0.
  4.  2. 11. 23.  0.  0.  0.  0.  0.  0.  0.  0.  0. 18.  3. 13.  0.  0.
 21.  0.  0.  0.  0.  0.  0.  0.  0. 15. 14.  8.  6. 17. 16.  0. 22.  0.
  0.  0.  0.  0.  0.  0.  0.  0.  0.  0.  0.  0.  0.  0.  0.  0.  0.  0.
  0.  0.  0.  0.  0.  0.  0.  0.  0.  0.  0.  0.  0.  0.  0.  0.  0.  0.
  0.  0.  0.  0.  0.  0.  0.  0.  0.  0.  0.  0.  0.  0.  0.  0.  0.  0.
  0.  0.  0.  0.  0.  0.  0.  0.  0.]