[ 0.  0.  0.  0.  0.  0.  0.  0.  0.  0.  0.  0.  0.  0.  0.  0.  0.  0.
  0. 32.  0.  0.  0.  0. 42. 37.  0.  0.  0.  0.  0.  0.  0.  0. 63. 31.
 33. 38.  0. 41. 36.  0. 40.  0.  0.  0.  0.  0.  0. 51. 60. 27. 35. 28.
 39. 22. 43.  0.  0.  0.  0.  0.  0.  0. 57.  0. 34. 17. 26. 29. 30. 21.
  0.  0.  0.  0.  0.  0.  0. 53. 16.  9. 25. 15.  0. 20. 46.  0.  0.  0.
  0.  0.  0.  0. 61. 50.  5.  2.  4. 18. 23. 45.  0.  0.  0.  0.  0.  0.
  0. 62.  0. 10.  1.  6. 24. 56. 47.  0.  0.  0.  0.  0.  0.  0.  0. 11.
 12. 52.  7. 19. 44. 58.  0.  0.  0.  0.  0.  0.  0.  0. 14. 13.  3. 55.
  8.  0. 49. 48.  0.  0.  0.  0.  0.  0.  0.  0.  0.  0.  0. 54.  0.  0.
  0. 59.  0.  0.  0.  0.  0.  0.  0.  0.  0.  0.  0.  0.  0.  0.  0.  0.
  0.  0.  0.  0.  0.  0.  0.  0.  0.  0.  0.  0.  0.  0.  0.  0.  0.  0.
  0.  0.  0.  0.  0.  0.  0.  0.  0.  0.  0.  0.  0.  0.  0.  0.  0.  0.
  0.  0.  0.  0.  0.  0.  0.  0.  0.]