[ 0.  0.  0.  0.  0.  0.  0.  0.  0.  0.  0.  0.  0.  0.  0.  0.  0.  0.
  0.  0.  0.  0. 29.  0.  0.  0.  0.  0.  0.  0.  0.  0.  0.  0.  0.  0.
 26. 34.  0. 32. 28.  0.  0.  0.  0.  0.  0.  0.  0.  0. 20.  0.  0. 33.
 27.  0.  0.  0.  0.  0.  0.  0.  0.  0. 22. 25. 16. 18. 23.  0.  0.  0.
  0.  0.  0.  0.  0.  0.  0.  0.  3.  6. 21.  5.  0.  0. 31.  0.  0.  0.
  0.  0.  0.  0. 15. 14. 17.  4. 12.  9. 30.  0.  0.  0.  0.  0.  0.  0.
  0. 19. 24.  0.  1.  7.  8.  0.  0.  0.  0.  0.  0.  0.  0.  0.  0.  0.
 11. 10.  2.  0. 13.  0.  0.  0.  0.  0.  0.  0.  0.  0.  0.  0.  0.  0.
  0.  0.  0.  0.  0.  0.  0.  0.  0.  0.  0.  0.  0.  0.  0.  0.  0.  0.
  0.  0.  0.  0.  0.  0.  0.  0.  0.  0.  0.  0.  0.  0.  0.  0.  0.  0.
  0.  0.  0.  0.  0.  0.  0.  0.  0.  0.  0.  0.  0.  0.  0.  0.  0.  0.
  0.  0.  0.  0.  0.  0.  0.  0.  0.  0.  0.  0.  0.  0.  0.  0.  0.  0.
  0.  0.  0.  0.  0.  0.  0.  0.  0.]