[ 0.  0.  0.  0.  0.  0.  0.  0.  0.  0.  0.  0.  0.  0.  0.  0.  0.  0.
  0.  0.  0.  0.  0.  0.  0.  0.  0.  0.  0.  0.  0.  0.  0.  0.  0.  0.
  0.  0.  0.  0.  0.  0.  0.  0.  0.  0.  0.  0.  0.  0.  0.  0.  0.  0.
  0.  0.  0.  0.  0.  0.  0.  0.  0.  0.  0.  0.  0.  0.  0.  0.  0.  0.
  0.  0.  0.  0.  0.  0.  0.  0.  0.  0.  0.  0.  0. 13.  0.  0.  0.  0.
  0.  0.  0.  0.  0.  0.  8.  3.  5. 12. 32.  0.  0.  0.  0.  0.  0.  0.
  0.  0.  0.  9.  1. 18.  0. 23.  0.  0.  0.  0.  0.  0.  0.  0. 11. 10.
  6.  2.  4.  7. 31.  0.  0.  0.  0.  0.  0.  0.  0. 22. 21. 19. 15. 29.
 20. 17.  0.  0.  0.  0.  0.  0.  0.  0. 36. 16. 27. 26. 14.  0.  0.  0.
  0.  0.  0.  0.  0.  0.  0.  0. 35. 24. 30. 28. 33.  0.  0.  0.  0.  0.
  0.  0.  0.  0. 37. 39. 40. 25.  0.  0.  0.  0.  0.  0.  0.  0.  0.  0.
 38. 34. 41.  0.  0.  0.  0.  0.  0.  0.  0.  0.  0.  0.  0.  0.  0.  0.
  0.  0.  0.  0.  0.  0.  0.  0.  0.]