[ 0.  0.  0.  0.  0.  0.  0.  0.  0.  0.  0.  0.  0.  0.  0.  0.  0.  0.
 37.  0.  0.  0.  0.  0.  0.  0.  0.  0.  0.  0.  0.  0.  0.  0. 36. 35.
  0.  0.  0.  0.  0.  0.  0.  0.  0.  0.  0.  0. 38. 30. 32.  0. 27.  0.
  0.  0.  0.  0.  0.  0.  0.  0.  0. 34.  0. 28. 26. 29.  0.  0.  0.  0.
  0.  0.  0.  0.  0.  0.  0. 25. 24. 31.  0.  0.  0.  0.  0.  0.  0.  0.
  0.  0.  0. 19. 12. 33. 15.  2.  5.  0.  0.  0.  0.  0.  0.  0.  0.  0.
  0. 14. 13.  7.  1.  4.  0.  0.  0.  0.  0.  0.  0.  0. 21. 20. 16. 18.
  6.  3.  0.  9.  0.  0.  0.  0.  0.  0.  0.  0.  0. 17.  0. 23. 10.  8.
 22.  0.  0.  0.  0.  0.  0.  0.  0.  0.  0.  0.  0.  0. 11.  0.  0.  0.
  0.  0.  0.  0.  0.  0.  0.  0.  0.  0.  0.  0.  0.  0.  0.  0.  0.  0.
  0.  0.  0.  0.  0.  0.  0.  0.  0.  0.  0.  0.  0.  0.  0.  0.  0.  0.
  0.  0.  0.  0.  0.  0.  0.  0.  0.  0.  0.  0.  0.  0.  0.  0.  0.  0.
  0.  0.  0.  0.  0.  0.  0.  0.  0.]