[ 0.  0.  0.  0.  0.  0.  0.  0.  0.  0.  0.  0.  0.  0.  0.  0.  0.  0.
  0.  0.  0.  0.  0.  0.  0.  0.  0.  0.  0.  0.  0.  0.  0.  0.  0.  0.
  0.  0.  0.  0.  0.  0.  0.  0.  0.  0.  0.  0.  0.  0.  0.  0.  0.  0.
  0.  0.  0.  0.  0.  0.  0.  0.  0.  0.  0.  0.  0.  8.  0.  0.  0.  0.
  0.  0.  0.  0.  0.  0.  0.  0.  0. 13.  7. 11. 14.  0.  0.  0.  0.  0.
  0.  0.  0.  0. 20.  0. 16.  5.  0.  0.  0.  0.  0.  0.  0.  0.  0.  0.
  0.  0.  0.  9.  1.  0.  4.  0.  0.  0.  0.  0.  0.  0.  0.  0.  0. 12.
 15. 10.  2.  3.  0. 33.  0.  0.  0.  0.  0.  0. 26. 25. 17. 21. 19. 22.
  0.  6.  0.  0.  0.  0.  0.  0.  0.  0. 18.  0. 27.  0. 23. 32. 31.  0.
  0.  0.  0.  0.  0.  0.  0.  0.  0. 28. 29.  0. 24.  0.  0.  0.  0.  0.
  0.  0.  0.  0.  0.  0.  0.  0. 30. 34.  0. 36.  0.  0.  0.  0.  0.  0.
  0.  0.  0.  0.  0.  0. 35.  0.  0.  0.  0.  0.  0.  0.  0.  0.  0.  0.
  0.  0.  0.  0.  0.  0.  0.  0.  0.]