[ 0.  0.  0.  0.  0.  0.  0.  0.  0.  0.  0.  0.  0.  0.  0.  0.  0.  0.
  0.  0.  0.  0.  0.  0.  0.  0.  0.  0.  0.  0.  0.  0.  0.  0.  0.  0.
  0.  0.  0.  0.  0.  0.  0.  0.  0.  0.  0.  0.  0.  0.  0.  0.  0.  0.
  0.  0.  0.  0.  0.  0.  0.  0.  0. 43.  0.  0.  0. 32.  0.  0.  0.  0.
  0.  0.  0.  0.  0.  0.  0. 40. 39.  3. 33. 31. 34.  0.  0.  0.  0.  0.
  0.  0. 51. 54. 41. 42. 35.  0.  0. 27.  0. 26.  0.  0.  0.  0.  0.  0.
 50. 14. 37. 36.  1.  6. 28. 25.  0.  0.  0.  0.  0.  0.  0. 44. 38. 13.
  0.  4.  2.  5.  0. 29.  0.  0.  0.  0. 49. 46. 48. 16. 12. 11. 17.  7.
 21. 22.  0. 30.  0.  0.  0. 47.  0. 52.  0. 45.  8.  9.  0. 23.  0.  0.
  0.  0.  0.  0.  0.  0. 53.  0.  0. 10. 15. 20. 24.  0.  0.  0.  0.  0.
  0.  0.  0.  0.  0.  0.  0. 18.  0.  0.  0.  0.  0.  0.  0.  0.  0.  0.
  0.  0.  0.  0.  0. 19.  0.  0.  0.  0.  0.  0.  0.  0.  0.  0.  0.  0.
  0.  0.  0.  0.  0.  0.  0.  0.  0.]