[ 0.  0.  0.  0.  0.  0.  0.  0.  0.  0.  0.  0.  0.  0.  0.  0.  0.  0.
  0.  0.  0.  0.  0.  0.  0.  0.  0.  0.  0.  0.  0.  0.  0.  0.  0.  0.
  0.  0.  0.  0.  0.  0.  0.  0.  0.  0.  0.  0.  0.  0.  0.  0.  0.  0.
  0.  0.  0.  0.  0.  0.  0.  0.  0.  0.  0.  0.  0.  0.  0.  0.  0.  0.
  0.  0.  0.  0.  0.  0.  0.  0.  0. 14. 11. 13.  0.  0.  0.  0.  0.  0.
  0.  0.  0.  0.  0. 17.  0.  0. 10.  0.  9.  0.  0.  0.  0.  0.  0.  0.
  0.  0. 15. 16.  1.  0.  8.  0.  0.  0.  0.  0.  0.  0.  0.  0.  0.  0.
 20.  2.  4.  7.  6.  0.  0.  0.  0.  0.  0.  0.  0.  0.  0. 21. 19.  0.
  3.  0.  0.  0.  0.  0.  0.  0.  0.  0.  0.  0. 18.  0.  5. 12.  0.  0.
 22.  0.  0.  0.  0.  0.  0.  0.  0.  0.  0.  0.  0.  0.  0.  0.  0.  0.
  0.  0.  0.  0.  0.  0.  0.  0.  0.  0.  0.  0.  0.  0.  0.  0.  0.  0.
  0.  0.  0.  0.  0.  0.  0.  0.  0.  0.  0.  0.  0.  0.  0.  0.  0.  0.
  0.  0.  0.  0.  0.  0.  0.  0.  0.]