[ 0.  0.  0.  0.  0.  0.  0.  0.  0.  0.  0.  0.  0.  0.  0.  0.  0.  0.
  0.  0. 31. 23.  0. 25.  0.  0.  0.  0.  0.  0.  0.  0.  0.  0.  0.  0.
 20. 19. 26.  0.  0.  0.  0.  0.  0.  0.  0.  0. 12.  0. 13. 30. 18. 17.
  0.  0.  0.  0.  0.  0.  0.  0.  0.  0. 11. 29.  8.  0. 21. 24.  0.  0.
  0.  0.  0.  0.  0. 28. 15. 27.  9.  5. 10.  3.  6.  0.  0.  0.  0.  0.
  0.  0. 16.  0.  0. 14.  7.  4. 22.  0.  0.  0.  0.  0.  0.  0.  0.  0.
  0.  0.  0.  0.  1.  0.  0.  0.  0.  0.  0.  0.  0.  0.  0.  0.  0.  0.
  0.  0.  2.  0.  0.  0.  0.  0.  0.  0.  0.  0.  0.  0.  0.  0.  0.  0.
  0.  0.  0.  0.  0.  0.  0.  0.  0.  0.  0.  0.  0.  0.  0.  0.  0.  0.
  0.  0.  0.  0.  0.  0.  0.  0.  0.  0.  0.  0.  0.  0.  0.  0.  0.  0.
  0.  0.  0.  0.  0.  0.  0.  0.  0.  0.  0.  0.  0.  0.  0.  0.  0.  0.
  0.  0.  0.  0.  0.  0.  0.  0.  0.  0.  0.  0.  0.  0.  0.  0.  0.  0.
  0.  0.  0.  0.  0.  0.  0.  0.  0.]