[ 0.  0.  0.  0.  0.  0.  0.  0.  0.  0.  0.  0.  0.  0.  0.  0.  0.  0.
  0.  0.  0.  0.  0.  0.  0.  0.  0.  0.  0.  0.  0.  0.  0.  0.  0.  0.
  0.  0. 33. 42. 29. 41. 31.  0.  0.  0.  0.  0.  0.  0.  0.  0. 27. 24.
 32. 37. 30. 36.  0.  0.  0.  0.  0.  0. 59. 58. 34. 17. 25. 23. 26. 38.
 45. 44.  0.  0.  0.  0. 54. 39.  0.  0. 19. 22. 28.  0. 40. 35.  0.  0.
  0.  0. 71. 57. 52.  0.  0. 20. 18. 21.  0.  0.  0.  0.  0.  0.  0. 66.
 46. 67. 10.  8.  1.  7. 16. 13. 43.  0.  0.  0.  0.  0. 53. 63. 64.  5.
  9.  2.  4. 11. 79.  0.  0.  0.  0.  0.  0. 62. 51. 70. 68.  6.  3. 14.
  0. 12.  0. 49.  0.  0.  0.  0.  0. 72. 55. 65.  0.  0. 48. 15.  0.  0.
 78.  0.  0.  0.  0.  0.  0. 60. 56. 61.  0. 75. 47. 76.  0.  0.  0.  0.
  0.  0.  0.  0.  0. 73.  0. 69. 74. 50. 77.  0.  0.  0.  0.  0.  0.  0.
  0.  0.  0.  0.  0.  0.  0.  0.  0.  0.  0.  0.  0.  0.  0.  0.  0.  0.
  0.  0.  0.  0.  0.  0.  0.  0.  0.]