[ 0.  0.  0.  0.  0.  0.  0.  0.  0.  0.  0.  0.  0.  0.  0.  0.  0.  0.
  0.  0.  0.  0.  0.  0.  0.  0.  0.  0.  0.  0.  0.  0.  0.  0.  0.  0.
  0.  0.  0.  0.  0.  0.  0.  0.  0.  0.  0.  0.  0.  0.  0.  0. 44.  0.
 43.  0.  0.  0.  0.  0.  0.  0.  0.  0.  0.  0.  0. 25.  0.  0. 28.  0.
  0.  0.  0.  0.  0.  0.  0.  0. 31. 26. 30. 22.  0. 27.  0.  0.  0.  0.
  0.  0.  0.  0.  0. 32.  0.  0. 23. 24.  7.  0. 42.  0.  0.  0.  0.  0.
  0. 34. 29. 33.  1.  0.  6.  0. 41.  0.  0.  0.  0.  0.  0. 37.  0. 17.
 10.  2.  4.  5.  0.  0.  0.  0.  0.  0.  0.  0. 38. 39.  0.  0.  0.  8.
  3.  0.  0.  0.  0.  0.  0.  0.  0. 40.  0. 36. 13. 14. 11.  9.  0. 20.
 47. 46.  0.  0.  0.  0.  0. 48. 35.  0. 12. 16.  0. 21.  0. 45.  0.  0.
  0.  0.  0. 49.  0. 50.  0. 15.  0. 18.  0.  0.  0.  0.  0.  0.  0.  0.
  0.  0.  0. 51.  0.  0.  0. 19.  0.  0.  0.  0.  0.  0.  0.  0.  0.  0.
  0.  0.  0.  0.  0.  0.  0.  0.  0.]