[ 0.  0.  0.  0.  0.  0.  0.  0.  0.  0.  0.  0.  0.  0.  0.  0.  0.  0.
  0.  0.  0.  0.  0.  0.  0.  0.  0.  0.  0.  0.  0.  0.  0.  0.  0.  0.
  0.  0.  0.  0.  0.  0.  0.  0.  0.  0.  0.  0.  0.  0.  0.  0.  0.  0.
  0.  0.  0.  0.  0.  0.  0.  0.  0.  0.  0.  0. 19.  0. 15. 23.  0.  0.
  0.  0.  0.  0.  0.  0.  0.  0. 20. 21. 18. 14.  0.  0.  0.  0.  0.  0.
  0.  0.  0.  0.  0.  0.  3. 17.  6. 13.  0.  0.  0.  0.  0.  0.  0.  0.
  0.  0.  8. 22.  1. 16.  0.  9.  0.  0.  0.  0.  0.  0.  0.  0.  0.  0.
  5.  4.  2. 10. 11.  0.  0.  0.  0.  0.  0.  0.  0.  0.  0.  0.  0.  7.
  0. 12.  0.  0.  0.  0.  0.  0.  0.  0.  0.  0.  0.  0.  0.  0.  0.  0.
  0.  0.  0.  0.  0.  0.  0.  0.  0.  0.  0.  0.  0.  0.  0.  0.  0.  0.
  0.  0.  0.  0.  0.  0.  0.  0.  0.  0.  0.  0.  0.  0.  0.  0.  0.  0.
  0.  0.  0.  0.  0.  0.  0.  0.  0.  0.  0.  0.  0.  0.  0.  0.  0.  0.
  0.  0.  0.  0.  0.  0.  0.  0.  0.]