[ 0.  0.  0.  0.  0.  0. 81. 92.  0.  0.  0.  0.  0.  0.  0.  0.  0.  0.
  0.  0.  0. 80. 91.  0.  0.  0. 90.  0.  0.  0.  0.  0.  0.  0.  0.  0.
 70. 69. 93.  0. 95. 89.  0.  0.  0.  0.  0. 82.  0. 77. 71. 72. 33.  0.
 94. 62. 87. 84.  0.  0.  0. 79.  0. 43. 40.  0. 34. 55.  0.  0. 83. 61.
 85. 86.  0.  0.  0. 78. 22. 17. 19. 35. 56. 12. 88. 57.  0.  0.  0.  0.
  0.  0. 44. 30. 23. 16.  0. 15. 13.  0. 54. 58.  0.  0.  0.  0. 45. 27.
 42. 26. 18.  4.  1. 10.  3.  0. 53. 63. 64.  0.  0.  0. 41. 28. 21. 14.
 20.  2. 39.  5. 52.  0.  0.  0.  0.  0.  0. 29. 31. 32. 25. 11. 48.  6.
  8.  9.  0. 66.  0.  0.  0.  0.  0. 73. 46. 24. 47.  0. 36.  7. 67. 59.
  0.  0.  0.  0.  0.  0.  0. 74.  0.  0.  0. 38. 49.  0. 60.  0.  0.  0.
  0.  0.  0. 76. 75.  0.  0. 37. 50.  0.  0.  0.  0.  0.  0.  0.  0.  0.
  0.  0.  0.  0.  0. 51.  0. 65.  0.  0.  0.  0.  0.  0.  0.  0.  0.  0.
  0.  0.  0. 68.  0.  0.  0.  0.  0.]