[ 0.  0.  0.  0.  0.  0.  0.  0.  0.  0.  0.  0.  0.  0.  0.  0.  0.  0.
  0.  0.  0.  0.  0.  0.  0.  0.  0.  0.  0.  0.  0.  0.  0.  0.  0.  0.
  0.  0. 30.  0.  0.  0.  0.  0.  0.  0.  0.  0. 32.  0. 25. 24. 29.  0.
  0.  0.  0.  0.  0.  0.  0.  0.  0.  0. 31.  0. 23.  0. 16.  0.  0.  0.
  0.  0.  0.  0.  0.  0. 34. 28. 27. 17. 15. 13. 20.  0.  0.  0.  0.  0.
  0.  0. 33.  0.  0.  8.  3. 14. 26.  0.  0.  0.  0.  0.  0.  0.  0.  0.
 35. 12.  5. 11.  1. 22. 21.  0.  0.  0.  0.  0.  0.  0.  0.  0.  9.  7.
  4.  2.  6. 19. 18.  0.  0.  0.  0.  0.  0.  0. 10.  0.  0.  0.  0.  0.
  0.  0.  0.  0.  0.  0.  0.  0.  0.  0.  0.  0.  0.  0.  0.  0.  0.  0.
  0.  0.  0.  0.  0.  0.  0.  0.  0.  0.  0.  0.  0.  0.  0.  0.  0.  0.
  0.  0.  0.  0.  0.  0.  0.  0.  0.  0.  0.  0.  0.  0.  0.  0.  0.  0.
  0.  0.  0.  0.  0.  0.  0.  0.  0.  0.  0.  0.  0.  0.  0.  0.  0.  0.
  0.  0.  0.  0.  0.  0.  0.  0.  0.]