[ 0.  0.  0.  0.  0.  0.  0.  0.  0.  0.  0.  0.  0.  0.  0.  0.  0.  0.
  0.  0.  0.  0.  0.  0.  0.  0.  0.  0.  0.  0.  0.  0.  0.  0.  0.  0.
  0.  0.  0.  0.  0.  0.  0.  0.  0.  0.  0.  0.  0.  0.  0.  0.  0.  0.
  0.  0.  0.  0.  0.  0.  0.  0.  0.  0.  0.  0.  0.  0.  0.  0.  0.  0.
  0.  0.  0.  0.  0.  0.  0.  0.  0.  0.  0.  0.  0.  0.  0.  0.  0.  0.
  0.  0.  0.  0.  0.  0.  0.  0.  0.  0.  0.  0.  0.  0.  0.  0.  0.  0.
  0.  0.  0. 15.  1.  0.  0.  0.  0.  0.  0.  0.  0.  0.  0.  0.  0.  0.
  4.  2.  6.  7. 10.  0.  0.  0.  0.  0.  0.  0.  0.  0. 24.  0.  0. 14.
  5. 18.  0.  0.  0.  0.  0.  0.  0.  0. 22. 21. 13. 11.  3.  8. 19.  0.
  0.  0.  0.  0.  0.  0.  0.  0.  0. 12.  9. 23.  0. 16.  0.  0.  0.  0.
  0.  0.  0.  0.  0.  0.  0. 20. 25. 27.  0. 17.  0.  0.  0.  0.  0.  0.
  0.  0.  0.  0. 26.  0.  0.  0.  0.  0.  0.  0.  0.  0.  0.  0.  0.  0.
  0.  0.  0.  0.  0.  0.  0.  0.  0.]