[ 0.  0.  0.  0.  0.  0.  0.  0.  0.  0.  0.  0.  0.  0.  0.  0.  0.  0.
  0.  0.  0.  0.  0.  0.  0.  0.  0.  0.  0.  0.  0.  0.  0. 21.  0.  0.
  0.  0.  0.  0.  0.  0.  0.  0.  0.  0.  0.  0.  0. 20.  0.  0.  0.  0.
  0.  0.  0.  0.  0.  0.  0.  0.  0.  0. 22. 18.  0.  0.  0.  0.  0.  0.
  0.  0.  0.  0.  0.  0.  0. 23. 19. 16.  0.  0.  0.  0.  0.  0.  0.  0.
  0.  0.  0.  0.  0.  0. 15.  4. 25.  3.  0.  0.  0.  0.  0.  0.  0.  0.
  0.  0. 14. 11.  1.  5.  6.  0.  0.  0.  0.  0.  0.  0.  0.  0.  0. 17.
  9.  8.  2.  0. 24.  0.  0.  0.  0.  0.  0.  0.  0.  0. 10.  7. 13.  0.
  0. 27. 30.  0.  0.  0.  0.  0.  0.  0.  0.  0. 12.  0.  0.  0. 26. 32.
  0.  0.  0.  0.  0.  0.  0.  0.  0.  0. 29.  0. 31.  0.  0.  0.  0.  0.
  0.  0.  0.  0.  0.  0.  0.  0. 28.  0.  0.  0.  0.  0.  0.  0.  0.  0.
  0.  0.  0.  0.  0.  0.  0.  0.  0.  0.  0.  0.  0.  0.  0.  0.  0.  0.
  0.  0.  0.  0.  0.  0.  0.  0.  0.]