[ 0.  0.  0.  0.  0.  0.  0.  0.  0.  0.  0.  0.  0.  0.  0.  0.  0.  0.
 73. 68.  0. 64.  0.  0.  0.  0.  0.  0.  0.  0.  0.  0.  0. 70. 71. 67.
 61. 69. 72. 48.  0.  0.  0.  0.  0.  0.  0.  0.  0.  0. 34. 63. 28. 36.
 37. 55. 57. 53. 58.  0.  0. 75. 74. 62.  0. 66. 29. 30. 27.  0. 38. 54.
  0. 56. 59.  0.  0.  0. 60. 47.  0. 49. 31. 50. 41. 35. 42. 40.  0.  0.
  0.  0. 76. 65.  0. 33. 32. 24.  0. 51. 11. 39. 52.  0.  0.  0.  0.  0.
  0. 26. 77. 19.  1.  5.  8. 13. 46. 44.  0.  0.  0.  0.  0.  0. 25.  0.
  6.  2.  4.  7. 16.  0. 45. 43.  0.  0.  0.  0.  0.  0.  0.  0.  0. 18.
  3.  9. 17. 22.  0.  0.  0.  0.  0.  0.  0.  0. 78.  0. 15. 12. 14. 10.
  0.  0.  0.  0.  0.  0.  0.  0.  0.  0.  0.  0.  0. 20.  0.  0.  0.  0.
  0.  0.  0.  0.  0.  0.  0.  0.  0. 23.  0. 21.  0.  0.  0.  0.  0.  0.
  0.  0.  0.  0.  0.  0.  0.  0.  0.  0.  0.  0.  0.  0.  0.  0.  0.  0.
  0.  0.  0.  0.  0.  0.  0.  0.  0.]