[ 0.  0.  0.  0.  0.  0.  0.  0.  0.  0.  0.  0.  0.  0.  0.  0.  0.  0.
  0.  0.  0.  0.  0.  0.  0.  0.  0.  0.  0.  0.  0.  0.  0.  0.  0.  0.
 21.  0.  0.  0.  0.  0.  0.  0.  0.  0.  0.  0. 20.  0. 23. 22. 18.  0.
  0.  0.  0.  0.  0.  0.  0.  0.  0.  0. 19.  0. 17.  0.  0.  0.  0.  0.
  0.  0.  0.  0.  0.  0.  0. 14. 13.  3.  9.  0.  0.  0.  0.  0.  0.  0.
  0.  0.  0.  0. 15.  0.  7. 12.  6.  0. 10.  0.  0.  0.  0.  0.  0.  0.
  0.  0. 16.  8.  1.  0.  4.  0.  0.  0.  0.  0.  0.  0.  0.  0.  0.  0.
  5.  0.  2.  0.  0.  0.  0.  0.  0.  0.  0.  0.  0.  0.  0.  0. 11.  0.
  0.  0.  0.  0.  0.  0.  0.  0.  0.  0.  0.  0.  0.  0.  0.  0.  0.  0.
  0.  0.  0.  0.  0.  0.  0.  0.  0.  0.  0.  0.  0.  0.  0.  0.  0.  0.
  0.  0.  0.  0.  0.  0.  0.  0.  0.  0.  0.  0.  0.  0.  0.  0.  0.  0.
  0.  0.  0.  0.  0.  0.  0.  0.  0.  0.  0.  0.  0.  0.  0.  0.  0.  0.
  0.  0.  0.  0.  0.  0.  0.  0.  0.]