[ 0.  0.  0.  0.  0.  0.  0.  0.  0.  0.  0.  0.  0.  0.  0.  0.  0.  0.
  0.  0.  0.  0.  0.  0.  0.  0.  0.  0.  0.  0.  0.  0.  0.  0. 27.  0.
  0. 28.  0.  0.  0.  0.  0.  0.  0.  0.  0.  0.  0.  0. 26. 19. 32.  0.
  0.  0.  0.  0.  0.  0.  0.  0.  0.  0.  0. 17. 18. 33. 23.  0. 30.  0.
  0.  0.  0.  0.  0.  0.  0.  0. 25. 16. 20. 24.  0.  9.  0.  0.  0.  0.
  0.  0.  0.  0.  0. 15. 12. 14. 10.  8. 13.  0.  0.  0.  0.  0.  0.  0.
  0.  0.  0.  0.  1.  4. 21. 29. 31.  0.  0.  0.  0.  0.  0.  0.  0.  0.
  5.  2. 11. 34. 36.  0.  0.  0.  0.  0.  0.  0.  0.  0.  0.  6. 22.  0.
  3. 35. 37.  0.  0.  0.  0.  0.  0.  0.  0.  7.  0.  0.  0.  0.  0.  0.
  0.  0.  0.  0.  0.  0.  0.  0.  0.  0.  0.  0.  0.  0.  0.  0.  0.  0.
  0.  0.  0.  0.  0.  0.  0.  0.  0.  0.  0.  0.  0.  0.  0.  0.  0.  0.
  0.  0.  0.  0.  0.  0.  0.  0.  0.  0.  0.  0.  0.  0.  0.  0.  0.  0.
  0.  0.  0.  0.  0.  0.  0.  0.  0.]