[ 0.  0.  0.  0.  0.  0.  0.  0.  0.  0.  0.  0.  0.  0.  0.  0.  0.  0.
  0.  0.  0.  0.  0.  0.  0.  0.  0.  0.  0.  0.  0.  0.  0.  0.  0.  0.
  0.  0.  0.  0.  0.  0.  0.  0.  0.  0.  0.  0.  0.  0.  0.  0.  0.  0.
  0.  0.  0.  0.  0.  0.  0.  0.  0.  0.  0.  0.  0.  0.  0.  0.  0.  0.
  0.  0.  0.  0.  0.  0.  0.  0.  0.  0.  0.  0.  0.  0.  0.  0.  0.  0.
  0.  0.  0.  0.  0.  0.  3. 10.  0.  0.  0.  0.  0.  0.  0.  0.  0.  0.
  0.  0.  0.  8.  1.  7. 12.  0.  0.  0.  0.  0.  0.  0.  0.  0.  0. 11.
  0.  4.  2.  5.  0.  0.  0.  0.  0.  0.  0.  0.  0.  0.  0.  0.  0.  6.
  0. 15.  0.  0.  0.  0.  0.  0.  0.  0.  0. 14. 13.  0.  0.  9. 17. 18.
  0.  0.  0.  0.  0.  0.  0.  0.  0.  0.  0. 16. 22.  0.  0.  0.  0.  0.
  0.  0.  0.  0.  0.  0.  0.  0. 23. 21. 19.  0.  0.  0.  0.  0.  0.  0.
  0.  0.  0.  0.  0.  0.  0. 20.  0.  0.  0.  0.  0.  0.  0.  0.  0.  0.
  0.  0.  0.  0.  0.  0.  0.  0.  0.]