[ 0.  0.  0.  0.  0.  0.  0.  0.  0.  0.  0.  0.  0.  0.  0.  0.  0.  0.
  0.  0.  0.  0.  0.  0.  0.  0.  0.  0.  0.  0.  0.  0.  0.  0.  0.  0.
  0.  0.  0.  0.  0.  0.  0.  0.  0.  0.  0.  0.  0.  0.  0.  0.  0. 16.
 27.  0.  0.  0.  0.  0.  0.  0.  0.  0.  0.  0.  0. 11. 25. 23. 26.  0.
  0.  0.  0.  0.  0.  0.  0.  0. 20. 15. 17.  9. 21. 22.  0.  0.  0.  0.
  0.  0.  0.  0.  0.  5.  0.  0.  8.  7.  0.  0.  0.  0.  0.  0.  0.  0.
  0.  0.  0.  4.  1.  6. 24. 14.  0.  0.  0.  0.  0.  0.  0.  0.  0.  0.
  0.  2. 12.  3.  0.  0.  0.  0.  0.  0.  0.  0.  0.  0.  0.  0.  0. 10.
  0.  0.  0.  0.  0.  0.  0.  0.  0.  0.  0.  0.  0.  0. 13. 19.  0.  0.
  0.  0.  0.  0.  0.  0.  0.  0.  0.  0.  0.  0.  0. 18.  0.  0.  0.  0.
  0.  0.  0.  0.  0.  0.  0.  0.  0.  0.  0.  0.  0.  0.  0.  0.  0.  0.
  0.  0.  0.  0.  0.  0.  0.  0.  0.  0.  0.  0.  0.  0.  0.  0.  0.  0.
  0.  0.  0.  0.  0.  0.  0.  0.  0.]