[ 0.  0.  0.  0.  0.  0.  0.  0.  0.  0.  0.  0.  0.  0.  0.  0.  0.  0.
  0.  0.  0.  0.  0.  0.  0.  0.  0.  0.  0.  0.  0.  0.  0.  0.  0.  0.
  0.  0.  0.  0.  0.  0.  0.  0.  0.  0.  0.  0.  0.  0.  0.  0.  0.  0.
  0.  0.  0.  0.  0.  0.  0.  0.  0.  0.  0.  0.  0.  0.  0.  0.  0.  0.
  0.  0.  0.  0.  0.  0.  0.  0.  0.  0.  0. 25.  0.  0.  0.  0.  0.  0.
  0.  0.  0.  0.  0.  0.  0.  0. 24.  0. 26.  0.  0.  0.  0.  0.  0.  0.
  0.  0.  0.  0.  1. 20.  0.  0.  0.  0.  0.  0.  0.  0.  0.  0.  0.  0.
  0. 19.  2.  3. 22. 15.  0.  0.  0.  0.  0.  0.  0.  0.  0.  9.  4.  6.
 23. 12.  0.  0.  0.  0.  0.  0.  0.  0. 14. 13. 11.  5.  7.  8. 21.  0.
  0.  0.  0.  0.  0.  0.  0.  0.  0. 16. 17. 10.  0. 18.  0.  0.  0.  0.
  0.  0.  0.  0.  0.  0.  0.  0.  0.  0.  0.  0.  0.  0.  0.  0.  0.  0.
  0.  0.  0.  0.  0.  0.  0.  0.  0.  0.  0.  0.  0.  0.  0.  0.  0.  0.
  0.  0.  0.  0.  0.  0.  0.  0.  0.]