[ 0.  0.  0.  0.  0.  0.  0.  0.  0.  0.  0.  0.  0.  0.  0.  0.  0.  0.
  0.  0.  0.  0.  0.  0.  0.  0.  0.  0.  0.  0.  0.  0.  0.  0.  0.  0.
  0.  0.  0.  0.  0.  0.  0.  0.  0.  0.  0.  0.  0.  0.  0.  0.  0.  0.
  0.  0.  0.  0.  0.  0.  0.  0.  0.  0.  0.  0.  0.  0.  0.  0.  0.  0.
  0.  0.  0.  0.  0.  0.  0.  0.  6.  3.  0.  0.  0.  0.  0.  0.  0.  0.
  0.  0. 14.  0. 13.  5.  0.  2.  0.  0.  0.  0.  0.  0.  0.  0.  0.  0.
  9. 12. 34.  4.  1.  0.  0.  0.  0.  0.  0.  0.  0.  0. 15.  8.  0.  7.
 33. 35. 23.  0.  0.  0.  0.  0.  0.  0.  0.  0.  0.  0. 10. 11. 31. 22.
 24.  0. 29.  0.  0.  0.  0.  0.  0.  0.  0. 16. 18. 19. 25. 27.  0. 28.
  0.  0.  0.  0.  0.  0.  0.  0.  0. 17. 20.  0. 30. 32.  0.  0.  0.  0.
  0.  0.  0.  0.  0.  0.  0.  0. 21. 26.  0.  0.  0.  0.  0.  0.  0.  0.
  0.  0.  0.  0.  0.  0.  0.  0.  0.  0.  0.  0.  0.  0.  0.  0.  0.  0.
  0.  0.  0.  0.  0.  0.  0.  0.  0.]