[ 0.  0.  0.  0.  0.  0.  0.  0.  0.  0.  0.  0.  0.  0.  0.  0.  0.  0.
  0.  0.  0.  0.  0.  0.  0.  0.  0.  0.  0.  0.  0.  0.  0.  0.  0. 33.
  0.  0.  0.  0.  0.  0.  0.  0.  0.  0.  0.  0.  0. 18.  0.  0.  0.  0.
  0.  0.  0.  0.  0.  0.  0.  0.  0.  0.  0. 17.  0. 12.  0.  0.  0.  0.
  0.  0.  0.  0.  0.  0.  0.  0.  0. 13. 11. 14.  0.  0.  0.  0.  0.  0.
  0.  0.  0.  0.  0.  4.  8.  9.  6.  0.  0.  0.  0.  0.  0.  0.  0.  0.
  0.  0. 10.  7.  1. 15. 32. 31.  0.  0.  0.  0.  0.  0.  0.  0. 36.  0.
  5.  2.  0. 16.  0.  0.  0.  0.  0.  0.  0.  0.  0. 39. 23. 20.  0.  0.
  0.  0.  0.  0.  0.  0.  0.  0. 41. 40. 24. 42. 19. 21. 22.  3.  0.  0.
  0.  0.  0.  0.  0.  0.  0.  0. 37. 38. 25. 27. 29. 30.  0.  0.  0.  0.
  0.  0.  0.  0.  0.  0.  0. 28. 26. 34. 35.  0.  0.  0.  0.  0.  0.  0.
  0.  0.  0.  0.  0.  0.  0.  0.  0.  0.  0.  0.  0.  0.  0.  0.  0.  0.
  0.  0.  0.  0.  0.  0.  0.  0.  0.]