[ 0.  0.  0. 37.  0.  0.  0.  0.  0.  0.  0.  0.  0.  0.  0.  0.  0.  0.
  0. 36.  0.  0.  0.  0.  0.  0.  0.  0.  0.  0.  0.  0.  0.  0.  0. 24.
 27. 25.  0.  0.  0.  0.  0.  0.  0.  0.  0.  0.  0.  0. 15. 26. 22.  0.
 17.  0.  0.  0.  0.  0.  0.  0.  0.  0. 28. 19. 12. 18. 16.  0. 29.  0.
  0.  0.  0.  0.  0.  0. 40. 46. 23. 13. 14.  9.  0.  0. 32.  0.  0.  0.
  0.  0.  0. 39. 47.  5.  6.  0.  8. 10. 11.  0.  0.  0.  0.  0.  0. 45.
 35. 34. 20.  4.  1.  0. 31.  0.  0.  0.  0.  0. 44. 43. 41. 33. 21. 42.
  7.  2.  0.  3. 30.  0.  0.  0.  0.  0.  0.  0.  0.  0. 38.  0.  0.  0.
  0.  0.  0.  0.  0.  0.  0.  0.  0.  0.  0.  0.  0.  0.  0.  0.  0.  0.
  0.  0.  0.  0.  0.  0.  0.  0.  0.  0.  0.  0.  0.  0.  0.  0.  0.  0.
  0.  0.  0.  0.  0.  0.  0.  0.  0.  0.  0.  0.  0.  0.  0.  0.  0.  0.
  0.  0.  0.  0.  0.  0.  0.  0.  0.  0.  0.  0.  0.  0.  0.  0.  0.  0.
  0.  0.  0.  0.  0.  0.  0.  0.  0.]