[ 0.  0.  0.  0.  0.  0.  0.  0.  0.  0.  0.  0.  0.  0.  0.  0.  0.  0.
  0.  0.  0.  0.  0.  0.  0.  0.  0.  0.  0.  0.  0.  0.  0.  0.  0.  0.
  0.  0.  0.  0.  0.  0.  0.  0.  0.  0.  0.  0.  0.  0.  0.  0.  0.  0.
  0. 14.  0.  0.  0.  0.  0.  0.  0.  0.  0.  0.  0.  0.  0. 19. 13. 17.
  0.  0.  0.  0.  0.  0.  0.  0.  0.  0.  0.  0.  0.  9.  0.  0.  0.  0.
  0.  0.  0.  0.  0. 15.  0.  4. 12. 18. 11.  0.  0.  0.  0.  0.  0.  0.
  0.  0.  6.  5.  1.  3. 10.  0.  0.  0.  0.  0.  0.  0.  0.  0.  0.  0.
  0.  7.  2.  0.  0.  0.  0.  0.  0.  0.  0.  0.  0.  0.  0.  8.  0. 16.
  0.  0.  0.  0.  0.  0.  0.  0.  0.  0.  0.  0.  0.  0.  0.  0.  0.  0.
  0.  0.  0.  0.  0.  0.  0.  0.  0.  0.  0.  0.  0.  0.  0.  0.  0.  0.
  0.  0.  0.  0.  0.  0.  0.  0.  0.  0.  0.  0.  0.  0.  0.  0.  0.  0.
  0.  0.  0.  0.  0.  0.  0.  0.  0.  0.  0.  0.  0.  0.  0.  0.  0.  0.
  0.  0.  0.  0.  0.  0.  0.  0.  0.]