[ 0.  0.  0.  0.  0.  0.  0.  0.  0.  0.  0.  0.  0.  0.  0.  0.  0.  0.
  0.  0.  0.  0.  0.  0.  0.  0.  0.  0.  0.  0.  0.  0.  0.  0.  0. 42.
 47.  0.  0.  0.  0.  0.  0.  0.  0.  0.  0.  0. 46.  0. 41.  0. 54.  0.
  0.  0.  0.  0.  0.  0.  0.  0. 51.  0. 43. 39. 44.  0.  0.  0.  0.  0.
  0. 32.  0.  0.  0.  0. 48.  0. 37. 40.  0.  0. 23. 34.  0. 31.  0.  0.
  0.  0.  0. 49. 50. 13. 45.  0.  4. 24.  0. 21.  0. 33.  0.  0.  0. 52.
 53. 36. 38.  8.  1.  7.  3.  9. 10.  0. 26.  0.  0.  0.  0.  0.  0. 35.
 56.  2.  6. 11.  0. 20. 22.  0.  0.  0.  0.  0.  0. 58.  0.  5. 57. 12.
 19. 16. 18.  0.  0.  0.  0.  0.  0.  0. 55.  0.  0. 29.  0. 14.  0. 25.
  0.  0.  0.  0.  0.  0.  0.  0.  0.  0. 28. 17. 27. 15.  0.  0.  0.  0.
  0.  0.  0.  0.  0.  0.  0.  0.  0. 30.  0.  0.  0.  0.  0.  0.  0.  0.
  0.  0.  0.  0.  0.  0.  0.  0.  0.  0.  0.  0.  0.  0.  0.  0.  0.  0.
  0.  0.  0.  0.  0.  0.  0.  0.  0.]