[ 0.  0.  0.  0.  0.  0.  0.  0.  0.  0.  0.  0.  0.  0.  0.  0.  0.  0.
  0.  0.  0.  0.  0.  0.  0.  0.  0.  0.  0.  0.  0.  0.  0.  0.  0.  0.
  0.  0.  0.  0.  0.  0.  0.  0.  0.  0.  0.  0.  0.  0.  0.  0.  0.  0.
  0.  0.  0.  0.  0.  0.  0.  0.  0.  0.  0.  0.  0.  0.  0.  0.  0.  0.
  0.  0.  0.  0.  0.  0.  0.  0.  0.  0.  0.  0.  0.  0.  0.  0.  0.  0.
  0.  0.  0.  0. 45.  0.  0.  0. 19.  0. 17. 12.  0.  0.  0.  0. 43.  0.
 30.  0. 25.  0.  1.  6.  8. 11.  0.  0.  0.  0.  0.  0. 42.  0. 23. 22.
 20.  2.  4.  5. 18.  0. 41.  0.  0. 47. 44. 46. 26. 28. 29. 15. 16.  7.
  3. 13. 14. 40.  0.  0.  0.  0. 48. 31. 36. 35. 27.  9. 52. 24. 34. 39.
 32.  0.  0.  0.  0. 58.  0.  0.  0. 10. 38. 21.  0. 54.  0. 56. 33.  0.
  0.  0.  0.  0.  0.  0.  0.  0. 37. 49. 57.  0.  0. 55.  0.  0.  0.  0.
  0.  0.  0.  0.  0. 51.  0. 50.  0.  0.  0.  0.  0.  0.  0.  0.  0.  0.
  0. 53.  0.  0.  0.  0.  0.  0.  0.]