[ 0.  0.  0.  0.  0.  0.  0.  0.  0.  0.  0.  0.  0.  0.  0.  0.  0.  0.
  0.  0.  0.  0.  0.  0. 52.  0.  0.  0.  0.  0.  0.  0.  0.  0.  0.  0.
  0. 18.  0. 51.  0.  0.  0.  0.  0.  0.  0.  0.  1. 15. 16.  9.  0.  0.
 49.  0.  0.  0.  0.  0.  0.  0. 54. 55. 10. 12.  8. 13. 27. 21. 50. 56.
  0.  0.  0.  0.  0.  4.  2. 11.  7. 39. 19. 14.  0. 35.  0. 53.  0.  0.
  0.  0.  5.  3.  0.  6. 28. 38. 17. 32.  0. 44. 59. 58.  0.  0.  0.  0.
  0.  0. 23. 29. 20. 34. 26. 40. 41. 57.  0.  0.  0.  0.  0.  0.  0.  0.
 22. 24. 31. 30.  0. 43.  0.  0.  0.  0.  0.  0.  0.  0.  0. 36. 25. 45.
 33. 47. 48.  0.  0.  0.  0.  0.  0.  0.  0. 37.  0.  0. 46.  0.  0.  0.
  0.  0.  0.  0.  0.  0.  0.  0.  0.  0.  0.  0.  0.  0.  0.  0.  0.  0.
  0.  0.  0.  0.  0.  0.  0.  0.  0. 42.  0.  0.  0.  0.  0.  0.  0.  0.
  0.  0.  0.  0.  0.  0.  0.  0.  0.  0.  0.  0.  0.  0.  0.  0.  0.  0.
  0.  0.  0.  0.  0.  0.  0.  0.  0.]