[ 0.  0.  0.  0.  0.  0.  0.  0.  0.  0.  0.  0.  0.  0.  0.  0.  0.  0.
  0.  0.  0.  0.  0.  0.  0.  0.  0.  0.  0.  0.  0.  0.  0. 46.  0. 42.
  0.  0.  0.  0.  0.  0.  0.  0.  0.  0.  0.  0.  0.  0. 45. 39.  0.  0.
  0.  0.  0.  0.  0.  0.  0.  0.  0.  0. 34. 38. 40. 41.  0.  0.  0.  0.
  0.  0.  0.  0.  0.  0.  0. 29. 44. 30.  3.  5.  0.  0.  0.  0.  0.  0.
  0.  0.  0.  0. 33. 28. 36. 32. 10. 37.  0. 19.  0.  0.  0.  0.  0. 27.
  0. 31. 43.  8.  1. 35. 15. 18.  0.  0.  0.  0.  0.  0.  0. 24. 25. 20.
  7.  2.  6. 16.  0.  0.  0.  0.  0.  0.  0.  0.  0. 26. 21. 17. 12.  4.
  0.  0.  0.  0.  0.  0.  0.  0.  0. 23. 22.  0. 14. 13. 11.  9.  0.  0.
  0.  0.  0.  0.  0.  0.  0.  0.  0.  0.  0.  0.  0.  0.  0.  0.  0.  0.
  0.  0.  0.  0.  0.  0.  0.  0.  0.  0.  0.  0.  0.  0.  0.  0.  0.  0.
  0.  0.  0.  0.  0.  0.  0.  0.  0.  0.  0.  0.  0.  0.  0.  0.  0.  0.
  0.  0.  0.  0.  0.  0.  0.  0.  0.]