[ 0.  0.  0.  0.  0.  0.  0.  0.  0.  0.  0.  0.  0.  0.  0.  0.  0.  0.
  0.  0.  0.  0.  0.  0.  0.  0.  0.  0.  0.  0.  0.  0.  0.  0.  0.  0.
  0. 21. 25.  0.  0.  0.  0.  0.  0.  0.  0.  0.  0.  0.  0. 27. 20. 26.
  0.  0.  0.  0.  0.  0.  0.  0.  0.  0.  0.  0. 12. 16. 19. 18.  0.  0.
  0.  0.  0.  0.  0. 37.  0.  0. 41.  3. 14. 13. 17.  0.  0.  0.  0.  0.
  0.  0. 42. 36. 40.  0.  0.  0. 10.  9.  0.  0.  0.  0.  0.  0.  0.  0.
 38. 24. 33.  5.  1.  6. 15.  0.  0.  0.  0.  0.  0.  0.  0. 39.  0. 28.
  7.  4.  2. 22.  0. 23.  0.  0.  0.  0.  0.  0. 34. 35. 32.  8.  0. 11.
  0.  0.  0.  0.  0.  0.  0.  0.  0.  0.  0. 30.  0. 29.  0.  0.  0.  0.
  0.  0.  0.  0.  0.  0.  0. 31.  0.  0.  0.  0.  0.  0.  0.  0.  0.  0.
  0.  0.  0.  0.  0.  0.  0.  0.  0.  0.  0.  0.  0.  0.  0.  0.  0.  0.
  0.  0.  0.  0.  0.  0.  0.  0.  0.  0.  0.  0.  0.  0.  0.  0.  0.  0.
  0.  0.  0.  0.  0.  0.  0.  0.  0.]