[ 0.  0.  0. 73. 77.  0.  0.  0.  0.  0.  0.  0.  0.  0.  0.  0.  0. 79.
  0. 72.  0.  0.  0.  0.  0.  0. 56.  0.  0.  0.  0.  0. 75. 74. 50. 70.
 46. 71. 44.  0. 47.  0.  0.  0.  0.  0.  0. 82. 69. 36. 49. 48. 43. 61.
 55. 57. 62.  0.  0.  0.  0. 80. 81. 68. 76. 78. 35. 60. 53. 64. 58.  0.
  0.  0.  0.  0.  0. 39. 34. 17. 41. 14.  3.  5. 51. 45. 52.  0.  0.  0.
  0.  0.  0. 38. 33. 16. 32. 59. 10.  0. 15. 63.  0.  0.  0.  0.  0.  0.
 42. 22. 21.  8.  1. 11. 20. 12. 54.  0.  0.  0.  0.  0.  0. 23.  0. 18.
  7.  2.  6. 13.  0.  0.  0.  0.  0.  0.  0.  0. 37. 24.  0. 26. 29.  4.
 19. 65.  0.  0.  0.  0.  0.  0.  0. 25.  0.  0.  0. 31. 30.  9.  0. 66.
  0.  0.  0.  0.  0.  0. 40.  0.  0.  0.  0. 67. 27.  0.  0.  0.  0.  0.
  0.  0.  0.  0.  0.  0.  0.  0.  0. 28.  0.  0.  0.  0.  0.  0.  0.  0.
  0.  0.  0.  0.  0.  0.  0.  0.  0.  0.  0.  0.  0.  0.  0.  0.  0.  0.
  0.  0.  0.  0.  0.  0.  0.  0.  0.]