[ 0.  0.  0.  0.  0.  0.  0.  0.  0.  0.  0.  0.  0.  0.  0.  0. 62. 64.
  0. 60. 65.  0.  0. 57.  0.  0.  0.  0.  0.  0.  0.  0. 63. 61.  0.  0.
  0. 51.  0. 44.  0.  0.  0.  0.  0.  0.  0. 26. 28.  0.  0. 52.  0.  0.
 53. 56.  0.  0.  0.  0.  0.  0. 35. 25. 36. 23. 11. 24.  0. 16. 55. 54.
  0.  0.  0.  0.  0.  0. 27. 19. 10. 12.  4. 13.  0.  0. 58.  0.  0.  0.
  0.  0.  0. 17. 18.  5.  7.  3.  8. 15.  0. 59.  0.  0.  0.  0.  0. 22.
 30.  0.  0.  0.  1.  6.  0.  0.  0.  0.  0.  0.  0.  0. 49. 29.  0.  0.
 46.  2.  9.  0.  0.  0.  0.  0.  0.  0. 48. 50.  0. 40. 37. 14. 33.  0.
 32.  0.  0.  0.  0.  0.  0.  0.  0. 47. 39. 20. 31.  0. 42.  0.  0.  0.
  0.  0.  0.  0.  0.  0. 45. 21. 34.  0. 38.  0. 41.  0.  0.  0.  0.  0.
  0.  0.  0.  0.  0.  0. 43.  0.  0.  0.  0.  0.  0.  0.  0.  0.  0.  0.
  0.  0.  0.  0.  0.  0.  0.  0.  0.  0.  0.  0.  0.  0.  0.  0.  0.  0.
  0.  0.  0.  0.  0.  0.  0.  0.  0.]