[ 0.  0.  0.  0.  0.  0.  0.  0.  0.  0.  0.  0.  0.  0.  0.  0.  0.  0.
  0.  0.  0.  0.  0.  0.  0.  0.  0.  0.  0.  0.  0.  0.  0.  0.  0.  0.
  0.  0.  0.  0.  0.  0.  0.  0.  0.  0.  0.  0.  0.  0.  0.  0.  0.  0.
  0.  0.  0.  0.  0.  0.  0.  0.  0.  0.  0.  0.  0.  0.  0.  0.  0.  0.
  0.  0.  0.  0.  0.  0.  0.  0.  0.  0.  0.  0.  0.  0.  0.  0.  0.  0.
  0.  0.  0.  0.  0. 25.  0. 20.  0.  0. 11.  0.  0.  0.  0.  0.  0.  0.
  0. 22.  0. 19.  1.  5.  8.  0.  0.  0.  0.  0.  0.  0.  0.  0. 33. 21.
  6.  2.  4.  7. 14.  0.  0.  0.  0.  0.  0.  0.  0. 28. 30. 31.  0. 16.
  3.  9. 15. 17. 18.  0.  0.  0.  0.  0. 32. 29. 27. 38. 50. 12. 13. 10.
  0.  0.  0.  0.  0.  0. 37. 42. 34. 26. 45. 44. 24. 23.  0.  0.  0.  0.
  0.  0.  0.  0. 43. 41. 39.  0.  0. 46. 35.  0.  0.  0.  0.  0.  0.  0.
  0. 40.  0.  0.  0.  0. 49. 36.  0.  0.  0.  0.  0.  0.  0.  0.  0.  0.
  0.  0.  0. 48.  0. 47.  0.  0.  0.]