[ 0.  0.  0.  0.  0.  0. 30.  0.  0.  0.  0.  0.  0.  0.  0.  0. 60.  0.
  0.  0.  0.  0. 29.  0. 36.  0.  0.  0.  0.  0.  0.  0. 59. 42. 34. 43.
 32.  0. 21. 20.  0.  0.  0.  0.  0.  0.  0.  0. 45. 46. 31.  0. 35. 12.
 19.  0. 18.  0.  0.  0. 58.  0. 44. 41. 27.  0. 33. 38. 14. 11. 17. 68.
  0.  0.  0.  0. 57.  0. 25. 26. 23.  7.  3. 10. 13.  0. 22.  0.  0.  0.
  0.  0. 39. 54. 24. 28.  6. 37. 15.  9. 70. 69.  0.  0.  0.  0. 40.  0.
 53.  0. 55.  0.  1.  8. 16.  0. 66.  0.  0.  0.  0.  0.  0.  0. 47.  0.
  4.  2.  5.  0.  0. 67. 65.  0.  0.  0.  0.  0.  0.  0. 48. 49. 63.  0.
 51. 71. 64.  0.  0.  0.  0.  0.  0.  0.  0.  0.  0. 52. 50. 61. 56.  0.
  0.  0.  0.  0.  0.  0.  0.  0.  0.  0.  0.  0. 62.  0.  0.  0.  0.  0.
  0.  0.  0.  0.  0.  0.  0.  0.  0.  0.  0.  0.  0.  0.  0.  0.  0.  0.
  0.  0.  0.  0.  0.  0.  0.  0.  0.  0.  0.  0.  0.  0.  0.  0.  0.  0.
  0.  0.  0.  0.  0.  0.  0.  0.  0.]