[ 0.  0.  0.  0.  0.  0.  0.  0.  0.  0.  0.  0.  0.  0.  0.  0.  0.  0.
  0.  0.  0.  0.  0.  0.  0.  0.  0.  0.  0.  0.  0.  0.  0.  0.  0.  0.
  0.  0.  0.  0.  0.  0.  0.  0.  0.  0.  0.  0.  0.  0.  0.  0.  0. 20.
  0.  0.  0.  0.  0.  0.  0.  0.  0.  0.  0.  0.  0. 17.  0.  0.  0.  0.
  0.  0.  0.  0.  0.  0. 24.  0.  0. 19. 22.  0. 21.  0.  0.  0.  0.  0.
  0.  0.  0. 16.  0.  7. 10.  3.  9.  0.  0.  0.  0.  0.  0.  0.  0.  0.
  0. 15. 14.  6.  1.  4.  0.  0.  0.  0.  0.  0.  0.  0.  0. 18. 23. 13.
 12.  2.  8.  0.  0.  0.  0.  0.  0.  0.  0.  0.  0.  0. 11.  5.  0.  0.
  0.  0.  0.  0.  0.  0.  0.  0.  0.  0.  0.  0.  0.  0.  0.  0.  0.  0.
  0.  0.  0.  0.  0.  0.  0.  0.  0.  0.  0.  0.  0.  0.  0.  0.  0.  0.
  0.  0.  0.  0.  0.  0.  0.  0.  0.  0.  0.  0.  0.  0.  0.  0.  0.  0.
  0.  0.  0.  0.  0.  0.  0.  0.  0.  0.  0.  0.  0.  0.  0.  0.  0.  0.
  0.  0.  0.  0.  0.  0.  0.  0.  0.]