[ 0.  0.  0.  0.  0.  0.  0.  0.  0.  0.  0.  0.  0.  0.  0.  0.  0.  0.
  0.  0.  0.  0.  0.  0.  0.  0.  0.  0.  0.  0.  0.  0.  0.  0.  0.  0.
  0.  0.  0.  0.  0.  0.  0.  0.  0.  0.  0.  0.  0.  0.  0.  0.  0.  0.
  0.  0.  0.  0.  0.  0.  0.  0.  0.  0.  0.  0.  0.  0.  0.  0.  0.  0.
  0.  0.  0.  0.  0.  0.  0.  0.  0. 12.  3.  5.  0.  0.  0.  0.  0.  0.
  0.  0.  0.  0.  0.  0.  0.  0. 10. 21. 19.  0.  0.  0.  0.  0.  0.  0.
  0.  0.  0.  8.  1. 11. 22. 18. 17.  0.  0.  0.  0.  0.  0.  0.  0.  0.
  7.  2.  6. 15. 25. 14. 28.  0.  0.  0.  0.  0.  0.  0.  0.  0.  0.  4.
  0. 13. 30. 20.  0.  0.  0.  0.  0.  0.  0.  0.  0.  0.  0.  9. 26. 16.
 24. 27.  0.  0.  0.  0.  0.  0.  0.  0.  0.  0.  0. 23.  0. 29.  0.  0.
  0.  0.  0.  0.  0.  0.  0.  0.  0.  0.  0.  0.  0.  0.  0.  0.  0.  0.
  0.  0.  0.  0.  0.  0.  0.  0.  0.  0.  0.  0.  0.  0.  0.  0.  0.  0.
  0.  0.  0.  0.  0.  0.  0.  0.  0.]