[ 0.  0.  0.  0.  0.  0.  0.  0.  0.  0.  0.  0.  0.  0.  0.  0.  0.  0.
  0.  0.  0.  0.  0.  0.  0.  0.  0.  0.  0.  0.  0.  0.  0.  0.  0.  0.
  0.  0.  0.  0.  0.  0.  0.  0.  0.  0.  0.  0.  0.  0.  0.  0.  0.  0.
  0.  0.  0.  0.  0.  0.  0.  0. 32.  0.  0.  0.  0.  0.  0.  0.  0.  0.
  0.  0.  0.  0.  0.  0. 31. 30.  0.  0. 36.  0.  0.  0.  0.  0.  0.  0.
  0.  0.  0. 37. 29. 33. 35.  0.  8.  0.  0.  0.  0.  0.  0.  0.  0. 34.
 28. 27. 17. 18.  1.  5. 13. 14.  0.  0.  0.  0.  0.  0.  0. 26. 19. 20.
  7.  6.  2.  4.  9.  0.  0.  0.  0.  0.  0. 24. 21. 23. 15.  0. 12. 11.
  3.  0.  0.  0.  0.  0.  0.  0. 22.  0. 16. 25.  0.  0. 10.  0.  0.  0.
  0.  0.  0.  0.  0.  0.  0.  0.  0.  0.  0.  0.  0.  0.  0.  0.  0.  0.
  0.  0.  0.  0.  0.  0.  0.  0.  0.  0.  0.  0.  0.  0.  0.  0.  0.  0.
  0.  0.  0.  0.  0.  0.  0.  0.  0.  0.  0.  0.  0.  0.  0.  0.  0.  0.
  0.  0.  0.  0.  0.  0.  0.  0.  0.]