[ 0.  0.  0.  0.  0.  0.  0.  0.  0.  0.  0.  0.  0.  0.  0.  0.  0.  0.
  0.  0.  0.  0.  0.  0.  0.  0.  0.  0.  0.  0.  0.  0.  0.  0.  0.  0.
  0.  0.  0.  0.  0.  0.  0.  0.  0.  0.  0.  0.  0.  0.  0.  0.  0.  0.
  0.  0.  0.  0.  0.  0.  0.  0.  0.  0.  0.  0.  0.  0.  0.  0.  0.  0.
  0.  0.  0.  0.  0.  0.  0.  0.  0.  0.  0.  0.  0.  0.  0.  0.  0.  0.
  0.  0.  0.  0.  0.  0.  0.  0. 14. 23.  0.  0.  0.  0.  0.  0.  0.  0.
  0.  0. 21.  8.  1.  0. 22.  0.  0.  0.  0.  0.  0.  0.  0.  0. 16. 11.
 13.  7.  2.  6.  0.  0.  0.  0.  0.  0.  0.  0. 20. 19. 15.  9.  4.  3.
  0.  0.  0.  0.  0.  0.  0.  0.  0.  0.  0. 10. 17.  5.  0. 24.  0.  0.
  0.  0.  0.  0.  0.  0.  0.  0.  0. 18.  0. 12.  0.  0.  0.  0.  0.  0.
  0.  0.  0.  0.  0.  0.  0.  0.  0.  0.  0.  0.  0.  0.  0.  0.  0.  0.
  0.  0.  0.  0.  0.  0.  0.  0.  0.  0.  0.  0.  0.  0.  0.  0.  0.  0.
  0.  0.  0.  0.  0.  0.  0.  0.  0.]