[ 0.  0.  0.  0.  0.  0.  0.  0.  0.  0.  0.  0.  0.  0.  0.  0.  0.  0.
  0.  0.  0. 27.  0.  0.  0.  0.  0.  0.  0.  0.  0.  0.  0.  0.  0.  0.
 26.  0.  0.  0.  0. 85.  0.  0.  0.  0.  0. 61. 40.  0.  0. 22. 25. 24.
 18. 83.  0. 82.  0.  0.  0.  0. 68. 60. 39. 23. 42. 41. 17. 16.  0. 86.
 87. 84.  0.  0. 69.  0. 65.  0. 37. 10.  7.  9.  3. 12.  0.  0.  0.  0.
  0.  0. 63.  0. 59. 38. 13.  8.  6. 11. 19. 21.  0. 36.  0. 71. 66. 64.
 62. 70. 67.  4.  1. 52. 28. 14. 20. 29.  0.  0.  0.  0. 77. 57. 58.  0.
  0.  5.  2. 15. 47.  0.  0.  0.  0.  0. 89. 76.  0.  0.  0. 51. 32. 31.
 46. 35.  0.  0.  0.  0.  0. 74.  0. 73. 50. 49. 33.  0. 30.  0. 34. 43.
  0.  0.  0.  0. 88. 72. 79. 55.  0. 54. 48.  0. 45.  0.  0. 44.  0.  0.
  0.  0. 78. 56. 90.  0. 53.  0.  0. 80.  0.  0. 81.  0.  0.  0.  0.  0.
  0. 75.  0.  0.  0.  0.  0.  0.  0.  0.  0.  0.  0.  0.  0.  0.  0.  0.
  0.  0.  0.  0.  0.  0.  0.  0.  0.]