[ 0.  0.  0.  0.  0.  0.  0.  0.  0.  0.  0.  0.  0.  0.  0.  0.  0.  0.
  0.  0.  0.  0.  0.  0.  0.  0.  0.  0.  0.  0.  0.  0.  0.  0.  0.  0.
 35.  0. 60. 33. 44. 59.  0.  0.  0.  0.  0.  0.  0.  0.  0.  0. 36.  0.
 61. 56. 58.  0.  0.  0.  0.  0.  0.  0. 38. 23.  0. 20. 29. 28. 50. 32.
 53.  0.  0.  0.  0.  0.  0. 19.  0. 22. 17. 30.  0. 27. 47. 52. 51.  0.
  0.  0.  0. 26. 37. 16.  3. 31.  6. 15.  0.  0.  0. 54.  0.  0.  0.  0.
  0. 21. 10.  8.  1.  7. 34.  0.  0.  0. 49. 57.  0.  0.  0.  0.  0.  0.
  5. 18.  2. 13. 41.  0. 48.  0.  0.  0.  0.  0. 43. 42. 24.  0.  9.  4.
  0. 14. 40. 45.  0.  0.  0.  0.  0. 55. 66. 25.  0. 12.  0. 11.  0.  0.
  0.  0.  0.  0.  0.  0. 62. 63.  0. 65. 68. 67.  0.  0.  0.  0.  0.  0.
  0.  0.  0.  0.  0. 64.  0.  0. 39. 46.  0.  0.  0.  0.  0.  0.  0.  0.
  0.  0.  0.  0.  0. 69.  0.  0.  0.  0.  0.  0.  0.  0.  0.  0.  0.  0.
  0.  0.  0.  0.  0.  0.  0.  0.  0.]