[ 0.  0.  0.  0.  0.  0.  0.  0.  0.  0.  0.  0.  0.  0.  0.  0.  0.  0.
  0.  0.  0.  0.  0.  0.  0.  0.  0.  0.  0.  0.  0.  0.  0.  0.  0.  0.
  0.  0.  0.  0.  0.  0.  0.  0.  0.  0.  0.  0.  0.  0.  0.  0.  0.  0.
  0. 34.  0.  0.  0.  0.  0.  0.  0.  0.  0.  0. 12.  0.  0. 35.  0. 29.
  0.  0.  0.  0.  0.  0.  0.  0. 16. 15. 11.  0. 26. 24. 30. 31.  0.  0.
  0.  0.  0. 18.  7. 21.  8. 10.  3. 28. 23. 27. 36. 33.  0.  0.  0.  0.
  0. 17.  6.  9.  1. 19. 14. 32. 25.  0. 39.  0.  0.  0.  0. 22. 44.  5.
  4.  2. 20. 13.  0. 37.  0. 40.  0.  0.  0.  0. 45.  0.  0.  0. 50.  0.
 43. 42.  0.  0.  0.  0.  0.  0.  0.  0.  0.  0.  0. 49.  0. 41.  0. 38.
  0.  0.  0.  0.  0.  0.  0.  0.  0.  0. 48.  0. 46. 47.  0.  0.  0.  0.
  0.  0.  0.  0.  0.  0.  0.  0.  0.  0.  0.  0.  0.  0.  0.  0.  0.  0.
  0.  0.  0.  0.  0.  0.  0.  0.  0.  0.  0.  0.  0.  0.  0.  0.  0.  0.
  0.  0.  0.  0.  0.  0.  0.  0.  0.]