[ 0.  0.  0.  0.  0.  0.  0.  0.  0.  0.  0.  0.  0.  0.  0.  0.  0.  0.
  0.  0.  0.  0.  0.  0.  0.  0.  0.  0.  0.  0.  0.  0.  0.  0.  0.  0.
  0.  0.  0.  0.  0.  0.  0.  0.  0.  0.  0.  0.  0.  0.  0.  0.  0.  0.
  0.  0.  0.  0.  0.  0.  0.  0.  0. 29.  0. 27.  0. 32.  7.  0.  0.  0.
  0.  0.  0.  0.  0.  0.  0. 28. 26. 30. 31.  0.  3. 17.  0.  0.  0.  0.
  0.  0.  0.  0. 25. 22. 11. 13. 12. 10.  8.  0.  0.  0.  0.  0.  0.  0.
  0.  0. 20.  6.  1. 14.  9.  0.  0.  0.  0.  0.  0.  0.  0.  0. 19. 18.
  4. 16.  2.  5.  0.  0.  0.  0.  0.  0.  0.  0.  0.  0. 23. 21. 24. 15.
  0.  0.  0.  0.  0.  0.  0.  0.  0.  0.  0.  0.  0.  0.  0.  0.  0.  0.
  0.  0.  0.  0.  0.  0.  0.  0.  0.  0.  0.  0.  0.  0.  0.  0.  0.  0.
  0.  0.  0.  0.  0.  0.  0.  0.  0.  0.  0.  0.  0.  0.  0.  0.  0.  0.
  0.  0.  0.  0.  0.  0.  0.  0.  0.  0.  0.  0.  0.  0.  0.  0.  0.  0.
  0.  0.  0.  0.  0.  0.  0.  0.  0.]