[ 0.  0.  0.  0.  0.  0.  0.  0.  0.  0.  0.  0.  0.  0.  0.  0.  0.  0.
  0.  0.  0.  0.  0.  0.  0.  0.  0.  0.  0.  0.  0.  0.  0.  0.  0. 25.
  0.  0.  0.  0.  0.  0.  0.  0.  0.  0.  0.  0.  0.  0.  0.  0.  0.  0.
  0.  0.  0.  0.  0.  0.  0.  0.  0.  0.  0. 23.  0. 21.  0.  0.  0.  0.
  0.  0.  0.  0.  0.  0.  0.  0. 17. 19. 20.  3.  0.  0.  0.  0.  0.  0.
  0.  0.  0.  0.  0. 15. 18.  0.  0.  0.  0.  0.  0.  0.  0.  0.  0.  0.
  0. 22. 24. 10.  1.  6.  0.  8.  0.  0.  0.  0.  0.  0.  0.  0.  0.  9.
  4.  0.  2.  5.  0.  0.  0.  0.  0.  0.  0.  0.  0.  0. 16. 11. 13.  7.
 14.  0.  0.  0.  0.  0.  0.  0.  0.  0.  0.  0.  0. 12.  0.  0.  0.  0.
  0.  0.  0.  0.  0.  0.  0.  0.  0.  0.  0.  0.  0.  0.  0.  0.  0.  0.
  0.  0.  0.  0.  0.  0.  0.  0.  0.  0.  0.  0.  0.  0.  0.  0.  0.  0.
  0.  0.  0.  0.  0.  0.  0.  0.  0.  0.  0.  0.  0.  0.  0.  0.  0.  0.
  0.  0.  0.  0.  0.  0.  0.  0.  0.]