[ 0.  0.  0.  0.  0.  0.  0.  0.  0.  0.  0.  0.  0.  0.  0.  0.  0.  0.
  0.  0.  0.  0.  0.  0.  0.  0.  0.  0.  0.  0.  0.  0.  0.  0.  0. 29.
  0.  0.  0.  0.  0.  0.  0.  0.  0.  0.  0.  0.  0.  0.  0. 25.  0.  0.
  0.  0.  0.  0.  0.  0.  0.  0.  0.  0.  0. 17. 26. 21. 22.  0.  0.  0.
  0.  0.  0.  0.  0.  0.  0.  8.  0. 13. 10. 23.  0.  0.  0.  0.  0.  0.
  0.  0.  0. 16. 15.  7. 11.  9. 12. 27.  0.  0.  0.  0.  0.  0.  0.  0.
  0. 24.  6.  5.  1. 18.  0. 28.  0.  0.  0.  0.  0.  0.  0.  0.  0.  0.
 14.  3.  2.  0.  0.  0.  0.  0.  0.  0.  0.  0.  0.  0.  0.  0.  4. 19.
  0.  0.  0.  0.  0.  0.  0.  0.  0.  0.  0.  0.  0.  0.  0. 20.  0.  0.
  0.  0.  0.  0.  0.  0.  0.  0.  0.  0.  0.  0.  0.  0.  0.  0.  0.  0.
  0.  0.  0.  0.  0.  0.  0.  0.  0.  0.  0.  0.  0.  0.  0.  0.  0.  0.
  0.  0.  0.  0.  0.  0.  0.  0.  0.  0.  0.  0.  0.  0.  0.  0.  0.  0.
  0.  0.  0.  0.  0.  0.  0.  0.  0.]