[ 0.  0.  0.  0.  0.  0.  0.  0.  0.  0.  0.  0. 38.  0.  0.  0.  0.  0.
  0.  0.  0.  0.  0.  0.  0.  0. 37.  0.  0.  0.  0.  0.  0.  0. 19.  0.
  0. 25. 26.  0. 33.  0.  0.  0.  0.  0.  0.  0.  0.  0. 18. 17.  0.  0.
 29. 30. 31.  0.  0.  0.  0.  0.  0.  0.  0. 15. 16. 24. 11.  0. 28.  0.
  0.  0.  0.  0.  0.  0. 27. 20. 21. 14.  8. 23. 22.  0.  0. 32.  0.  0.
  0.  0.  0.  0.  0.  7.  2.  4.  0. 13.  0. 39.  0. 40.  0.  0.  0.  0.
  0.  0.  6.  5.  1. 12.  0. 36.  0.  0.  0.  0.  0.  0.  0.  0.  9.  0.
  0. 10.  3. 34.  0.  0.  0.  0.  0.  0.  0.  0.  0.  0.  0.  0.  0.  0.
  0. 35.  0.  0.  0.  0.  0.  0.  0.  0.  0.  0.  0.  0.  0.  0.  0.  0.
  0.  0.  0.  0.  0.  0.  0.  0.  0.  0.  0.  0.  0.  0.  0.  0.  0.  0.
  0.  0.  0.  0.  0.  0.  0.  0.  0.  0.  0.  0.  0.  0.  0.  0.  0.  0.
  0.  0.  0.  0.  0.  0.  0.  0.  0.  0.  0.  0.  0.  0.  0.  0.  0.  0.
  0.  0.  0.  0.  0.  0.  0.  0.  0.]