[ 0.  0.  0.  0.  0.  0.  0.  0.  0.  0.  0.  0.  0.  0.  0.  0.  0.  0.
  0.  0.  0.  0. 59.  0.  0.  0.  0.  0.  0.  0.  0.  0.  0.  0.  0.  0.
  0. 61. 50.  0.  0.  0.  0.  0.  0.  0.  0.  0.  0.  0. 42. 40. 49.  0.
  0.  0.  0.  0.  0.  0.  0.  0. 56. 51. 52. 39. 47. 19. 30.  0.  0. 60.
  0.  0.  0.  0.  0. 55. 44. 57. 41. 28.  3.  5. 31. 32.  0.  0.  0.  0.
  0.  0. 53. 36. 35. 29. 46. 20. 10. 21. 12. 15.  0.  0.  0.  0.  0.  0.
 48. 58. 43.  8.  1. 11.  0. 22. 18.  0.  0.  0.  0.  0.  0.  0. 45. 26.
  7.  2.  6. 14. 23. 17.  0.  0.  0.  0.  0.  0. 37. 33. 38.  0. 13.  4.
  0.  0.  0.  0.  0.  0.  0.  0. 54.  0. 34.  0.  0. 27. 16.  9.  0.  0.
  0.  0.  0.  0.  0.  0.  0.  0.  0.  0.  0. 24.  0.  0.  0.  0.  0.  0.
  0.  0.  0.  0.  0.  0.  0.  0. 25.  0.  0.  0.  0.  0.  0.  0.  0.  0.
  0.  0.  0.  0.  0.  0.  0.  0.  0.  0.  0.  0.  0.  0.  0.  0.  0.  0.
  0.  0.  0.  0.  0.  0.  0.  0.  0.]