[ 0.  0.  0.  0.  0.  0.  0.  0.  0.  0.  0.  0.  0.  0.  0.  0.  0.  0.
  0.  0.  0.  0.  0.  0.  0.  0.  0.  0.  0.  0.  0.  0.  0.  0. 36.  0.
  0.  0.  0.  0.  0.  0.  0.  0.  0.  0. 31.  0.  0.  0.  0. 15.  0.  0.
  0.  0.  0.  0.  0.  0.  0.  0. 30.  0. 34.  0.  0. 18.  0.  0.  0.  0.
  0.  0.  0.  0.  0. 33. 28. 12. 11.  9.  7.  0.  0.  0.  0.  0.  0.  0.
  0.  0. 32. 26. 14. 17. 16. 10.  4. 13.  0.  0.  0.  0.  0.  0. 35. 24.
 29. 19.  8.  5.  1.  3.  6.  0.  0.  0.  0.  0.  0. 27.  0. 20.  0.  0.
 21.  2.  0.  0.  0.  0.  0.  0.  0.  0.  0.  0. 22. 25.  0.  0.  0.  0.
  0.  0.  0.  0.  0.  0.  0.  0.  0. 23.  0.  0.  0.  0.  0.  0.  0.  0.
  0.  0.  0.  0.  0.  0.  0.  0.  0.  0.  0.  0.  0.  0.  0.  0.  0.  0.
  0.  0.  0.  0.  0.  0.  0.  0.  0.  0.  0.  0.  0.  0.  0.  0.  0.  0.
  0.  0.  0.  0.  0.  0.  0.  0.  0.  0.  0.  0.  0.  0.  0.  0.  0.  0.
  0.  0.  0.  0.  0.  0.  0.  0.  0.]