[ 0.  0.  0.  0.  0.  0.  0.  0.  0.  0.  0.  0.  0.  0.  0.  0.  0.  0.
  0.  0.  0. 40.  0.  0. 33.  0.  0.  0.  0.  0.  0.  0.  0.  0.  0.  0.
 38. 34. 39. 28.  0.  0.  0.  0.  0.  0.  0.  0.  0.  0.  0. 32. 35.  0.
 30.  0.  0.  0.  0.  0.  0.  0.  0.  0.  0. 37.  0. 29.  0. 26.  0. 25.
  0.  0.  0.  0.  0.  0.  0.  0.  0.  0.  3.  5.  0. 24.  0.  0.  0.  0.
  0.  0.  0.  0.  0.  0.  0. 36. 10. 31.  0. 27.  0.  0.  0.  0.  0.  0.
  0.  0.  0.  8.  1. 18. 13. 17.  0.  0.  0.  0.  0.  0.  0.  0.  0.  0.
  7.  2.  6.  0. 21. 16.  0.  0.  0.  0.  0.  0.  0.  0.  0. 19. 12.  4.
 14. 15.  0.  0.  0.  0.  0.  0.  0.  0.  0.  0.  0.  0. 11.  9. 22.  0.
  0.  0.  0.  0.  0.  0.  0.  0.  0.  0.  0.  0.  0.  0. 20.  0.  0.  0.
  0.  0.  0.  0.  0.  0.  0.  0.  0.  0.  0.  0. 23.  0.  0.  0.  0.  0.
  0.  0.  0.  0.  0.  0.  0.  0.  0.  0.  0.  0.  0.  0.  0.  0.  0.  0.
  0.  0.  0.  0.  0.  0.  0.  0.  0.]