[ 0.  0.  0.  0.  0.  0.  0.  0.  0.  0.  0.  0.  0.  0.  0.  0.  0.  0.
  0.  0.  0.  0.  0.  0.  0.  0.  0.  0.  0.  0.  0.  0.  0.  0.  0. 60.
  0.  0. 47.  0.  0.  0.  0.  0.  0.  0.  0.  0.  0.  0. 61. 63. 46. 49.
 48. 71.  0.  0.  0.  0.  0.  0.  0.  0.  0. 34. 36. 62. 45. 55.  0. 59.
  0. 70.  0.  0.  0.  0.  0. 31. 42. 21. 39. 50.  0. 56. 64. 69.  0.  0.
  0.  0. 35. 32. 28. 30.  0. 33. 38. 58. 23. 57. 65. 67. 68.  0.  0.  0.
 43.  0. 29. 12.  1.  5.  8. 25.  0. 66.  0.  0.  0.  0.  0.  0.  0.  9.
  6.  2.  4.  7. 22.  0. 53.  0.  0.  0.  0.  0.  0.  0. 44. 13. 16. 26.
  3. 10. 40. 51.  0.  0.  0.  0.  0.  0.  0.  0. 17. 11. 18. 15. 37. 52.
 41.  0.  0.  0.  0.  0.  0.  0.  0.  0.  0. 14. 19. 24.  0. 54.  0.  0.
  0.  0.  0.  0.  0.  0.  0.  0. 27. 20.  0.  0.  0.  0.  0.  0.  0.  0.
  0.  0.  0.  0.  0.  0.  0.  0.  0.  0.  0.  0.  0.  0.  0.  0.  0.  0.
  0.  0.  0.  0.  0.  0.  0.  0.  0.]