[ 0.  0.  0.  0.  0.  0.  0.  0.  0.  0.  0.  0.  0.  0.  0.  0.  0.  0.
  0.  0.  0.  0.  0.  0.  0.  0.  0.  0.  0.  0.  0.  0.  0.  0.  0.  0.
  0.  0.  0.  0.  0.  0.  0.  0.  0.  0.  0.  0.  0.  0.  0.  0.  0.  0.
  0.  0.  0.  0.  0.  0.  0.  0.  0.  0.  0.  0.  0.  0.  0.  0.  0.  0.
  0.  0.  0.  0.  0.  0.  0.  0.  0. 10.  3.  0. 12.  0.  0.  0.  0.  0.
  0.  0.  0.  0.  0.  0.  7. 13. 11. 14.  0.  0.  0.  0.  0.  0.  0.  0.
  0.  0.  8.  5.  1.  0.  0.  0.  0.  0.  0.  0.  0.  0.  0.  0.  0. 16.
  9.  2.  6.  0.  0.  0.  0.  0.  0.  0.  0.  0.  0. 15. 17. 19.  0.  4.
  0.  0.  0.  0.  0.  0.  0.  0.  0.  0. 18.  0.  0.  0.  0.  0.  0.  0.
  0.  0.  0.  0.  0.  0.  0.  0.  0.  0.  0.  0.  0.  0.  0.  0.  0.  0.
  0.  0.  0.  0.  0.  0.  0.  0.  0.  0.  0.  0.  0.  0.  0.  0.  0.  0.
  0.  0.  0.  0.  0.  0.  0.  0.  0.  0.  0.  0.  0.  0.  0.  0.  0.  0.
  0.  0.  0.  0.  0.  0.  0.  0.  0.]