[ 0.  0.  0.  0.  0.  0.  0.  0.  0.  0.  0.  0.  0.  0.  0.  0.  0.  0.
  0.  0.  0.  0.  0.  0.  0.  0.  0.  0.  0.  0.  0.  0.  0.  0.  0.  0.
  0.  0.  0.  0.  0.  0.  0.  0.  0.  0.  0.  0.  0.  0.  0.  0.  0.  0.
  0.  0.  0.  0.  0.  0.  0.  0.  0.  0.  0.  0.  0.  0.  0.  0. 31.  0.
  0.  0.  0.  0.  0.  0.  0. 35. 36. 27.  3.  5. 30.  0.  0.  0.  0.  0.
  0.  0.  0.  0.  0. 34.  0. 20. 10. 21.  0.  0.  0.  0.  0.  0.  0.  0.
  0.  0. 37.  8.  1.  0. 13. 19.  0.  0.  0.  0.  0.  0.  0.  0. 40. 18.
  7.  2.  6. 14. 23. 22.  0.  0.  0.  0.  0.  0.  0. 38.  0. 17. 12.  4.
 28. 24. 29.  0.  0.  0.  0.  0.  0. 39. 32.  0. 16. 15. 11.  9. 26. 25.
  0.  0.  0.  0.  0.  0.  0.  0. 33.  0.  0.  0.  0.  0.  0.  0.  0.  0.
  0.  0.  0.  0.  0.  0.  0.  0.  0.  0.  0.  0.  0.  0.  0.  0.  0.  0.
  0.  0.  0.  0.  0.  0.  0.  0.  0.  0.  0.  0.  0.  0.  0.  0.  0.  0.
  0.  0.  0.  0.  0.  0.  0.  0.  0.]