[ 0.  0.  0.  0.  0.  0.  0.  0.  0.  0.  0.  0.  0.  0.  0.  0.  0.  0.
  0.  0.  0.  0.  0.  0.  0.  0.  0.  0.  0.  0.  0.  0.  0.  0.  0.  0.
  0.  0.  0. 60.  0.  0.  0.  0.  0.  0.  0.  0.  0.  0.  0.  0. 57. 61.
  0.  0.  0.  0.  0.  0.  0.  0.  0.  0.  0.  0. 56. 58.  0.  0.  0. 62.
  0.  0.  0.  0.  0.  0.  0. 19.  0.  0.  3.  5. 17. 20.  0.  0.  0.  0.
  0.  0. 53. 52. 40. 18. 36. 37. 10. 14. 12. 15.  0.  0.  0.  0.  0.  0.
 54. 27. 33.  8.  1. 11. 13. 23. 16.  0.  0.  0.  0.  0. 59. 55. 39. 28.
  7.  2.  6. 34. 22. 35.  0.  0.  0.  0.  0. 64. 42. 29. 32. 25. 24.  4.
  0.  0.  0.  0.  0.  0.  0. 63.  0. 48. 51. 44. 26. 65. 21.  9.  0.  0.
  0.  0.  0.  0.  0.  0.  0.  0. 30. 41. 38.  0.  0.  0.  0.  0.  0.  0.
  0.  0.  0. 49. 31. 45. 50. 43. 46.  0.  0.  0.  0.  0.  0.  0.  0.  0.
  0.  0.  0.  0.  0.  0. 47.  0.  0.  0.  0.  0.  0.  0.  0.  0.  0.  0.
  0.  0.  0.  0.  0.  0.  0.  0.  0.]