[ 0.  0.  0.  0.  0.  0.  0.  0.  0.  0.  0.  0.  0.  0.  0.  0.  0.  0.
  0.  0.  0.  0.  0.  0.  0.  0.  0.  0.  0.  0.  0.  0.  0.  0.  0.  0.
  0.  0.  0.  0.  0.  0.  0.  0.  0.  0.  0.  0.  0.  0.  0. 37. 47. 48.
  0.  0.  0.  0.  0.  0.  0.  0.  0.  0.  0. 29. 43. 39. 46. 45.  0.  0.
  0.  0.  0.  0.  0.  0.  0. 25. 10.  0.  0. 40. 34.  0.  0.  0.  0.  0.
  0.  0.  0. 38.  0. 24.  9. 44. 49. 35.  0.  0.  0.  0.  0.  0.  0.  0.
  0.  0. 28. 22.  1.  0.  6. 50. 36.  0.  0.  0.  0.  0.  0.  0. 27. 20.
 21.  2.  5.  0.  0.  0.  0.  0.  0.  0.  0.  0. 42. 41. 23. 19.  3.  4.
 12.  0.  0.  0.  0.  0.  0.  0.  0. 33. 26.  0. 30. 17.  8.  7.  0.  0.
  0.  0.  0.  0.  0.  0.  0.  0.  0. 14. 13. 11.  0.  0.  0.  0.  0.  0.
  0.  0.  0.  0.  0. 32. 31. 15.  0.  0.  0.  0.  0.  0.  0.  0.  0.  0.
  0.  0.  0. 16. 18.  0.  0.  0.  0.  0.  0.  0.  0.  0.  0.  0.  0.  0.
  0.  0.  0.  0.  0.  0.  0.  0.  0.]