[ 0.  0.  0.  0.  0.  0.  0.  0.  0.  0.  0.  0.  0.  0.  0.  0.  0.  0.
  0.  0.  0.  0.  0.  0.  0.  0.  0.  0.  0.  0.  0.  0.  0.  0.  0.  0.
  0.  0.  0.  0.  0.  0.  0.  0.  0.  0.  0.  0.  0.  0.  0.  0.  0.  0.
  0. 35.  0.  0.  0.  0.  0.  0.  0.  0.  0.  0.  0.  0. 36. 30. 32.  0.
  0.  0.  0.  0.  0.  0.  0.  0.  0. 25.  0. 22. 23. 14.  0.  0.  0.  0.
  0.  0.  0.  0. 29.  0. 26. 24. 31. 21. 11. 33. 34.  0.  0.  0.  0.  0.
  0. 28.  0.  0.  1.  0.  6. 13. 10.  0.  0.  0.  0.  0.  0.  0.  0. 27.
  7.  2.  4. 20.  9.  0.  0.  0.  0.  0.  0.  0.  0.  0.  8. 15.  0.  5.
  3. 12.  0.  0.  0.  0.  0.  0.  0.  0.  0.  0. 16. 19. 18.  0.  0.  0.
  0.  0.  0.  0.  0.  0.  0.  0.  0.  0. 17.  0.  0.  0.  0.  0.  0.  0.
  0.  0.  0.  0.  0.  0.  0.  0.  0.  0.  0.  0.  0.  0.  0.  0.  0.  0.
  0.  0.  0.  0.  0.  0.  0.  0.  0.  0.  0.  0.  0.  0.  0.  0.  0.  0.
  0.  0.  0.  0.  0.  0.  0.  0.  0.]