[ 0.  0.  0.  0.  0.  0.  0.  0.  0.  0.  0.  0.  0.  0.  0.  0.  0.  0.
  0.  0.  0.  0.  0.  0.  0.  0.  0.  0.  0.  0.  0.  0.  0.  0.  0.  0.
  0.  0.  0.  0.  0.  0.  0.  0.  0.  0.  0.  0.  0.  0.  0.  0.  0.  0.
  0.  0.  0.  0.  0.  0.  0.  0.  0.  0.  0.  0.  0.  0.  0.  0.  0.  0.
  0.  0.  0.  0.  0.  0.  0.  0.  0.  0.  0.  0.  0.  0.  0.  0.  0.  0.
  0.  0.  0.  0.  0.  0.  3.  0.  0.  0.  0.  0.  0.  0.  0.  0.  0.  0.
  0. 14. 17.  0.  1.  6.  0.  8.  0.  0.  0.  0.  0.  0.  0.  0.  0. 11.
 10.  4.  2.  5.  0.  0.  0.  0.  0.  0.  0.  0.  0. 19. 18.  9. 12.  7.
  0.  0.  0.  0.  0.  0.  0.  0.  0. 20.  0.  0. 15. 13. 16.  0.  0.  0.
  0.  0.  0.  0.  0.  0.  0.  0.  0. 21.  0.  0.  0.  0.  0.  0.  0.  0.
  0.  0.  0.  0.  0. 22.  0. 23.  0.  0.  0.  0.  0.  0.  0.  0.  0.  0.
  0.  0.  0.  0.  0.  0.  0.  0.  0.  0.  0.  0.  0.  0.  0.  0.  0.  0.
  0.  0.  0.  0.  0.  0.  0.  0.  0.]