[ 0.  0.  0.  0.  0.  0.  0.  0.  0.  0.  0.  0.  0.  0.  0.  0.  0.  0.
  0.  0.  0.  0.  0.  0.  0.  0.  0.  0.  0.  0.  0.  0.  0.  0.  0.  0.
  0.  0.  0.  0.  0.  0.  0.  0.  0.  0.  0.  0.  0.  0.  0.  0.  0.  0.
  0.  0.  0.  0.  0.  0.  0.  0.  0.  0.  0.  0.  0.  0. 18.  0. 28.  0.
  0.  0.  0.  0.  0.  0.  0.  0.  0.  0. 23. 12. 25. 17. 29. 30.  0.  0.
  0.  0.  0.  0.  0.  0. 22.  0. 21. 13. 14.  0.  0.  0.  0.  0.  0.  0.
  0.  0.  8. 11.  1.  0. 26. 16. 24. 27.  0.  0.  0.  0.  0.  0.  0.  7.
  6.  4.  2. 15.  0.  0.  0.  0.  0.  0.  0.  0.  0. 19.  5. 10.  9.  3.
 32. 31.  0.  0.  0.  0.  0.  0.  0. 20. 39. 33. 35. 40. 37. 38.  0.  0.
  0.  0.  0.  0.  0.  0.  0.  0. 41. 34. 36.  0.  0.  0.  0.  0.  0.  0.
  0.  0.  0.  0.  0.  0.  0.  0.  0.  0.  0.  0.  0.  0.  0.  0.  0.  0.
  0.  0.  0.  0.  0.  0.  0.  0.  0.  0.  0.  0.  0.  0.  0.  0.  0.  0.
  0.  0.  0.  0.  0.  0.  0.  0.  0.]