[ 0.  0.  0.  0.  0.  0.  0.  0.  0.  0.  0.  0.  0.  0.  0.  0.  0.  0.
  0.  0.  0.  0.  0.  0.  0. 67.  0.  0.  0.  0.  0.  0.  0.  0.  0.  0.
  0. 63.  0.  0. 66.  0.  0.  0.  0.  0.  0.  0.  0.  0.  0.  0. 62. 57.
 21. 64.  0.  0.  0.  0.  0.  0.  0.  0.  0.  0. 61. 60. 18. 52. 24. 53.
  0.  0.  0.  0.  0. 51.  0.  0.  0. 17. 20.  3. 19. 56.  0.  0.  0.  0.
  0.  0.  0. 50.  0. 25. 16. 12. 15. 14. 65. 54.  0.  0.  0.  0.  0.  0.
  0. 30. 23.  6.  1. 13.  5.  0. 46. 59.  0.  0.  0.  0.  0. 29. 22. 26.
  4.  7.  2.  0. 47. 55.  0. 58.  0.  0.  0.  0.  0. 31.  0.  8. 11.  0.
 38. 48. 44. 49.  0.  0.  0.  0.  0. 68. 69.  0.  9. 27. 10. 41. 45.  0.
  0.  0.  0.  0.  0.  0.  0.  0. 33. 32. 28. 37. 34. 35.  0.  0.  0.  0.
  0.  0.  0.  0.  0.  0. 39.  0. 36. 40. 43. 42.  0.  0.  0.  0.  0.  0.
  0.  0.  0.  0.  0.  0.  0.  0.  0.  0.  0.  0.  0.  0.  0.  0.  0.  0.
  0.  0.  0.  0.  0.  0.  0.  0.  0.]