[ 0.  0.  0.  0.  0.  0.  0.  0.  0.  0.  0.  0.  0.  0.  0.  0.  0.  0.
  0.  0.  0.  0.  0.  0.  0.  0.  0.  0.  0.  0.  0.  0.  0.  0.  0.  0.
  0.  0.  0.  0.  0.  0.  0.  0.  0.  0.  0.  0. 41. 36. 34. 18.  0.  0.
 27.  0.  0.  0.  0.  0.  0.  0.  0. 38. 37.  9. 11. 13. 14.  0.  0.  0.
  0.  0.  0.  0.  0. 50. 23.  0. 31.  4. 12. 17.  0.  0.  0.  0.  0.  0.
  0. 51. 39.  0. 24.  0.  6.  2.  7. 26.  0.  0.  0.  0.  0.  0. 33.  0.
 22.  0. 15.  0.  1.  8.  0.  0.  0.  0.  0.  0. 40.  0. 30. 55. 21. 16.
 10.  0.  0. 19.  0.  0.  0.  0.  0.  0.  0.  0. 28. 29.  0.  5.  3. 20.
  0.  0.  0.  0.  0.  0.  0.  0. 45. 35. 32.  0. 58. 54. 48. 25.  0.  0.
  0.  0.  0.  0.  0. 43. 42.  0. 47.  0.  0. 49.  0.  0.  0.  0.  0.  0.
  0.  0.  0. 53. 44. 52. 46. 57. 56.  0.  0.  0.  0.  0.  0.  0.  0.  0.
  0.  0.  0.  0.  0.  0.  0.  0.  0.  0.  0.  0.  0.  0.  0.  0.  0.  0.
  0.  0.  0.  0.  0.  0.  0.  0.  0.]