[ 0.  0.  0.  0.  0.  0.  0.  0.  0.  0.  0.  0.  0.  0.  0.  0.  0.  0.
  0.  0.  0.  0.  0.  0.  0.  0.  0.  0.  0.  0.  0.  0.  0.  0.  0.  0.
 24.  0.  0.  0. 30.  0.  0.  0.  0.  0.  0.  0.  0.  0. 19.  0. 22.  0.
 29.  0.  0.  0.  0.  0.  0.  0.  0.  0.  0. 18. 23.  0. 25.  0.  0.  0.
  0.  0.  0.  0.  0.  0.  0. 17. 14. 13.  5.  3. 28.  0.  0.  0.  0.  0.
  0.  0.  0.  0.  0. 16. 32. 15. 10.  0. 27.  0.  0.  0.  0.  0.  0.  0.
  0.  0. 31.  8.  1. 11. 26.  0.  0.  0.  0.  0.  0.  0.  0.  0.  0.  0.
  7.  6.  2. 35. 34.  0.  0.  0.  0.  0.  0.  0.  0.  0.  0.  0. 12.  4.
 21. 20.  0.  0.  0.  0.  0.  0.  0.  0.  0.  0. 33.  0. 37.  9. 38. 42.
  0.  0.  0.  0.  0.  0.  0.  0.  0.  0.  0.  0. 39.  0.  0.  0.  0.  0.
  0.  0.  0.  0.  0.  0.  0.  0. 36. 40. 41.  0.  0.  0.  0.  0.  0.  0.
  0.  0.  0.  0.  0.  0.  0.  0.  0.  0.  0.  0.  0.  0.  0.  0.  0.  0.
  0.  0.  0.  0.  0.  0.  0.  0.  0.]