[ 0.  0.  0.  0.  0.  0.  0.  0.  0.  0.  0.  0.  0.  0.  0.  0.  0.  0.
  0.  0.  0.  0.  0.  0.  0.  0.  0.  0.  0.  0.  0.  0.  0.  0.  0.  0.
  0.  0.  0.  0.  0.  0.  0.  0.  0.  0.  0.  0.  0. 14.  0.  0.  0.  0.
  0.  0.  0.  0.  0.  0.  0.  0.  0.  0. 11. 15.  0.  0.  0.  0.  0.  0.
  0.  0.  0.  0.  0.  0.  0.  7. 12.  0.  3.  0.  0.  0.  0.  0.  0.  0.
  0.  0.  0.  0. 13.  6.  5.  0.  0.  0.  0.  0.  0.  0.  0.  0.  0.  0.
  0.  0.  8.  4.  1.  0.  0.  0.  0.  0.  0.  0.  0.  0.  0.  0.  0.  9.
  0.  2. 21.  0.  0.  0.  0.  0.  0.  0.  0.  0.  0.  0.  0. 18. 10. 16.
 19.  0.  0.  0.  0.  0.  0.  0.  0.  0.  0. 20.  0.  0.  0. 17. 22.  0.
  0.  0.  0.  0.  0.  0.  0.  0.  0.  0.  0.  0.  0.  0.  0.  0.  0.  0.
  0.  0.  0.  0.  0.  0.  0.  0.  0.  0.  0.  0.  0.  0.  0.  0.  0.  0.
  0.  0.  0.  0.  0.  0.  0.  0.  0.  0.  0.  0.  0.  0.  0.  0.  0.  0.
  0.  0.  0.  0.  0.  0.  0.  0.  0.]