[ 0.  0.  0.  0.  0.  0.  0.  0.  0.  0.  0.  0.  0.  0.  0.  0.  0.  0.
  0.  0.  0.  0.  0.  0.  0.  0.  0.  0.  0.  0.  0.  0.  0.  0.  0.  0.
  0.  0.  0.  0.  0.  0.  0.  0.  0.  0.  0.  0.  0.  0.  0. 15.  0.  0.
  0.  0.  0.  0.  0.  0.  0.  0.  0.  0.  0. 19.  0. 16.  0.  0.  0.  0.
  0.  0.  0.  0.  0.  0.  0. 24.  0. 14.  7.  9. 10.  0.  0.  0.  0.  0.
  0.  0.  0.  0. 13.  0. 12.  8.  6.  3.  5.  0.  0.  0.  0.  0.  0.  0.
 22. 17. 11. 21.  1. 18.  4. 26.  0.  0.  0.  0.  0.  0.  0.  0.  0.  0.
 20. 34.  2. 23.  0.  0.  0.  0.  0.  0.  0.  0.  0. 37.  0. 28.  0. 25.
  0.  0.  0.  0.  0.  0.  0.  0.  0.  0.  0. 29. 30. 27.  0.  0.  0.  0.
  0.  0.  0.  0.  0.  0.  0.  0. 35. 31. 33. 36.  0.  0.  0.  0.  0.  0.
  0.  0.  0.  0.  0. 32.  0. 38.  0.  0.  0.  0.  0.  0.  0.  0.  0.  0.
  0.  0.  0.  0.  0.  0.  0.  0.  0.  0.  0.  0.  0.  0.  0.  0.  0.  0.
  0.  0.  0.  0.  0.  0.  0.  0.  0.]