[ 0.  0.  0.  0.  0.  0.  0.  0.  0.  0.  0.  0.  0.  0.  0.  0.  0.  0.
  0.  0.  0.  0.  0.  0.  0.  0.  0.  0.  0.  0.  0. 55.  0. 51.  0.  0.
  0.  0.  0.  0.  0.  0.  0.  0.  0.  0. 52.  0.  0. 34.  0.  0.  0.  0.
  0.  0.  0.  0.  0.  0.  0. 48. 53. 49. 58. 28.  0.  0.  0.  0.  0.  0.
  0.  0.  0.  0. 54. 47. 50. 26.  0. 30. 25.  0.  0.  0.  0.  0.  0.  0.
  0. 57.  0. 33. 22. 27.  0.  0. 18.  0. 17.  0.  0.  0.  0.  0. 56. 32.
 43. 29.  0. 24.  1.  9.  6.  0.  0.  0.  0.  0.  0.  0. 36. 31. 35. 13.
  7.  2.  4. 15. 14.  0.  0.  0.  0.  0.  0. 45. 44. 23. 12.  8. 10.  5.
  3. 16. 19.  0.  0.  0.  0. 46. 42. 41. 39. 37. 11. 20.  0.  0.  0.  0.
  0.  0.  0.  0.  0.  0.  0. 40.  0. 38.  0.  0.  0.  0.  0.  0.  0.  0.
  0.  0.  0.  0.  0.  0.  0. 21.  0.  0.  0.  0.  0.  0.  0.  0.  0.  0.
  0.  0.  0.  0.  0.  0.  0.  0.  0.  0.  0.  0.  0.  0.  0.  0.  0.  0.
  0.  0.  0.  0.  0.  0.  0.  0.  0.]