[ 0.  0.  0.  0.  0.  0.  0.  0.  0.  0.  0.  0.  0.  0.  0.  0.  0.  0.
  0.  0.  0.  0.  0.  0.  0.  0.  0.  0.  0.  0.  0.  0.  0.  0.  0.  0.
 30.  0.  0.  0.  0.  0.  0.  0.  0.  0.  0.  0. 24.  0. 29. 34.  0.  0.
  0.  0.  0.  0.  0.  0.  0.  0.  0.  0. 23.  0.  0. 31. 32.  0.  0.  0.
  0.  0.  0.  0.  0.  0. 25.  0. 17. 12. 14. 33. 40.  0.  0.  0.  0.  0.
  0.  0. 21.  0. 18. 48. 13. 11. 28. 27.  0.  0.  0.  0.  0.  0. 26.  0.
 22.  0. 47.  8.  1.  7. 37. 35. 38.  0.  0.  0.  0.  0.  0.  0. 19.  5.
  4.  9.  2. 39.  0. 36.  0.  0.  0.  0.  0.  0.  0.  0. 15. 10. 44.  6.
 42. 45.  0.  0.  0.  0.  0.  0.  0.  0.  0. 16.  3. 43.  0. 41. 49. 46.
  0.  0.  0.  0.  0.  0.  0.  0.  0.  0. 20.  0.  0.  0.  0.  0.  0.  0.
  0.  0.  0.  0.  0.  0.  0.  0.  0.  0.  0.  0.  0.  0.  0.  0.  0.  0.
  0.  0.  0.  0.  0.  0.  0.  0.  0.  0.  0.  0.  0.  0.  0.  0.  0.  0.
  0.  0.  0.  0.  0.  0.  0.  0.  0.]