[ 0.  0.  0.  0.  0.  0.  0.  0.  0.  0.  0.  0.  0.  0.  0.  0.  0.  0.
  0.  0.  0.  0.  0.  0.  0.  0.  0.  0.  0.  0.  0.  0.  0.  0.  0.  0.
  0.  0.  0.  0.  0.  0.  0.  0.  0.  0.  0.  0.  0.  0.  0.  0.  0.  0.
  0.  0.  0.  0.  0.  0.  0.  0.  0.  0.  0.  0.  0.  0.  0.  0. 43. 45.
  0.  0.  0.  0.  0.  0.  0. 27. 20. 26.  4. 46.  0. 42.  0.  0.  0.  0.
  0.  0.  0. 28. 31. 19. 33.  3. 34. 44. 40.  0.  0.  0.  0.  0.  0.  0.
  0. 21. 30. 18.  1.  6. 37. 38.  0.  0.  0.  0.  0.  0.  0.  0. 32. 17.
 12.  2.  5.  0. 36.  0.  0.  0.  0.  0.  0.  0. 16. 15. 11.  9. 13. 14.
  7. 41.  0.  0.  0.  0.  0.  0.  0.  0.  0. 29. 10. 24. 25. 22.  8.  0.
  0.  0.  0.  0.  0.  0.  0.  0.  0. 39.  0.  0.  0. 23.  0.  0.  0.  0.
  0.  0.  0.  0.  0.  0. 35.  0.  0.  0.  0.  0.  0.  0.  0.  0.  0.  0.
  0.  0.  0.  0.  0.  0.  0.  0.  0.  0.  0.  0.  0.  0.  0.  0.  0.  0.
  0.  0.  0.  0.  0.  0.  0.  0.  0.]