[ 0.  0.  0.  0.  0.  0.  0.  0.  0.  0.  0.  0.  0.  0.  0.  0.  0.  0.
  0.  0.  0.  0.  0.  0.  0.  0.  0.  0.  0.  0.  0.  0.  0.  0.  0.  0.
  0. 31.  0. 29.  0.  0.  0.  0.  0.  0.  0.  0.  0.  0.  0. 36.  0. 28.
  0.  0.  0.  0.  0.  0.  0.  0.  0.  0.  0. 35. 34. 12. 32. 30. 33.  0.
  0.  0.  0.  0.  0.  0.  0.  0.  0. 14. 11.  9. 13. 26.  0.  0.  0.  0.
  0.  0.  0.  0.  0. 20.  0.  3. 16.  4. 27.  0.  0.  0.  0.  0.  0.  0.
  0. 21. 17. 10.  1.  6.  0.  0.  0.  0.  0.  0.  0.  0.  0.  0. 18.  5.
 15.  7.  2.  0.  0.  0.  0.  0.  0.  0.  0.  0.  0.  0. 19.  0.  8. 25.
  0.  0.  0.  0.  0.  0.  0.  0.  0.  0.  0.  0. 23. 24.  0.  0.  0.  0.
  0.  0.  0.  0.  0.  0.  0.  0. 22.  0.  0.  0.  0.  0.  0.  0.  0.  0.
  0.  0.  0.  0.  0.  0.  0.  0.  0.  0.  0.  0.  0.  0.  0.  0.  0.  0.
  0.  0.  0.  0.  0.  0.  0.  0.  0.  0.  0.  0.  0.  0.  0.  0.  0.  0.
  0.  0.  0.  0.  0.  0.  0.  0.  0.]