[ 0.  0.  0.  0.  0.  0.  0.  0.  0.  0.  0.  0.  0.  0.  0.  0.  0.  0.
  0.  0.  0.  0.  0.  0.  0.  0.  0.  0.  0.  0.  0.  0.  0.  0.  0.  0.
  0. 47. 38. 41.  0. 52.  0.  0.  0.  0.  0.  0.  0.  0.  0.  0. 40. 55.
 39. 53. 57. 58.  0.  0.  0.  0.  0.  0. 37. 24.  0. 56. 19. 42. 12. 54.
  0. 59.  0.  0.  0.  0. 44.  0.  6. 23. 10. 22. 11.  0.  0.  0.  0.  0.
  0.  0.  0. 49. 43.  5. 16. 15.  9. 13. 17. 18.  0.  0.  0.  0.  0.  0.
  0. 36.  3.  4.  1. 21. 14. 45. 20.  0.  0.  0.  0. 65.  0. 78.  0.  0.
  7.  2. 34. 30. 46. 25.  0.  0.  0.  0.  0. 64.  0. 51.  8. 48.  0. 27.
 31. 29. 32.  0.  0.  0. 77. 76. 68. 62. 74. 71. 35. 86. 28. 26. 33.  0.
  0.  0.  0. 79.  0. 73. 60. 50. 63. 83.  0.  0.  0.  0.  0.  0.  0.  0.
  0.  0. 70. 61.  0. 67. 82. 81.  0.  0. 80.  0.  0.  0.  0.  0. 75.  0.
 87. 85. 69. 66.  0. 84.  0.  0.  0.  0.  0.  0.  0.  0.  0.  0.  0. 72.
  0.  0.  0.  0.  0.  0.  0.  0.  0.]