[ 0.  0.  0.  0.  0.  0.  0.  0.  0.  0.  0.  0.  0.  0.  0.  0.  0.  0.
  0.  0.  0.  0.  0.  0.  0.  0.  0.  0.  0.  0.  0.  0.  0.  0.  0.  0.
  0.  0.  0.  0.  0.  0.  0.  0.  0.  0.  0.  0.  0.  0.  0.  0.  0.  0.
 14.  0.  0.  0.  0.  0.  0.  0.  0.  0.  0.  0.  0.  0. 19.  0.  7.  0.
  0.  0.  0.  0.  0.  0.  0.  0.  0.  0.  0.  0.  0.  8. 11.  0.  0.  0.
  0.  0.  0.  0.  0.  0.  0.  0. 10.  9.  5. 15. 13. 16.  0.  0.  0.  0.
  0.  0.  0.  0.  1.  4. 12.  0. 17.  0.  0.  0.  0.  0.  0.  0.  0.  0.
  0.  2.  3.  0.  0. 18.  0.  0.  0.  0.  0.  0.  0.  0.  0.  0.  0.  0.
  6.  0.  0.  0.  0.  0.  0.  0.  0.  0.  0.  0.  0.  0.  0.  0.  0.  0.
  0.  0.  0.  0.  0.  0.  0.  0.  0.  0.  0.  0.  0.  0.  0.  0.  0.  0.
  0.  0.  0.  0.  0.  0.  0.  0.  0.  0.  0.  0.  0.  0.  0.  0.  0.  0.
  0.  0.  0.  0.  0.  0.  0.  0.  0.  0.  0.  0.  0.  0.  0.  0.  0.  0.
  0.  0.  0.  0.  0.  0.  0.  0.  0.]