[ 0.  0.  0.  0.  0.  0.  0.  0.  0.  0.  0.  0.  0.  0.  0.  0.  0.  0.
  0.  0.  0.  0.  0.  0.  0.  0.  0.  0.  0.  0.  0.  0.  0.  0.  0.  0.
  0.  0.  0.  0.  0.  0.  0.  0.  0.  0.  0.  0.  0.  0.  0.  0.  0.  0.
  0.  0.  0.  0.  0.  0.  0.  0.  0.  0.  0.  0. 28.  0.  0.  0.  0.  0.
  0.  0.  0.  0.  0.  0.  0.  0. 10.  0. 27. 24. 20.  0.  0.  0.  0.  0.
  0.  0.  0.  0.  0. 26.  9. 21. 25. 19.  8.  0.  0.  0.  0.  0.  0.  0.
  0.  0. 11. 13.  1. 14.  7.  0.  0.  0.  0.  0.  0.  0.  0.  0. 12. 15.
  6.  2.  5.  0.  0.  0.  0.  0.  0.  0.  0.  0.  0.  0.  0. 22.  3.  4.
 17.  0.  0.  0.  0.  0.  0.  0.  0.  0.  0. 16.  0.  0.  0.  0. 18.  0.
  0.  0.  0.  0.  0.  0.  0. 23.  0.  0. 29.  0.  0.  0.  0.  0.  0.  0.
  0.  0.  0.  0.  0.  0.  0.  0.  0.  0.  0.  0.  0.  0.  0.  0.  0.  0.
  0.  0.  0.  0.  0.  0.  0.  0.  0.  0.  0.  0.  0.  0.  0.  0.  0.  0.
  0.  0.  0.  0.  0.  0.  0.  0.  0.]