[ 0.  0.  0.  0.  0.  0.  0.  0.  0.  0.  0.  0.  0.  0.  0.  0.  0.  0.
  0.  0.  0.  0.  0.  0.  0.  0.  0.  0.  0.  0.  0.  0.  0.  0.  0.  0.
  0.  0.  0.  0.  0.  0.  0.  0.  0.  0.  0.  0.  0.  0.  0.  0.  0.  0.
  0. 20.  0. 22.  0.  0.  0.  0.  0.  0.  0.  0.  0. 14.  0.  0.  0. 19.
  0.  0.  0.  0.  0.  0.  0.  0.  0. 16.  0. 13. 24. 21. 23.  0.  0.  0.
  0.  0.  0.  0.  0.  0.  0.  7.  0.  3.  8.  0.  0.  0.  0.  0.  0.  0.
  0.  0.  0. 17.  1. 15.  6. 11.  0.  0.  0.  0.  0.  0.  0.  0.  0. 18.
  0. 10.  2.  5.  4. 25.  0.  0.  0.  0.  0.  0.  0.  0.  0.  0.  9. 12.
  0.  0.  0.  0.  0.  0.  0.  0.  0.  0.  0.  0.  0.  0.  0.  0.  0.  0.
  0.  0.  0.  0.  0.  0.  0.  0.  0.  0.  0.  0.  0.  0.  0.  0.  0.  0.
  0.  0.  0.  0.  0.  0.  0.  0.  0.  0.  0.  0.  0.  0.  0.  0.  0.  0.
  0.  0.  0.  0.  0.  0.  0.  0.  0.  0.  0.  0.  0.  0.  0.  0.  0.  0.
  0.  0.  0.  0.  0.  0.  0.  0.  0.]