[ 0.  0.  0.  0.  0.  0.  0.  0.  0.  0.  0.  0.  0.  0.  0.  0.  0.  0.
  0.  0.  0.  0.  0.  0.  0.  0.  0.  0.  0.  0.  0.  0.  0.  0.  0.  0.
  0.  0.  0.  0.  0.  0.  0.  0.  0.  0.  0.  0.  0.  0.  0.  0.  0.  0.
  0.  0.  0.  0.  0.  0.  0.  0.  0.  0.  0. 29.  0. 28. 25.  0.  0.  0.
  0.  0.  0.  0.  0.  0. 47. 16. 30. 13.  3.  5. 14.  0.  0.  0.  0.  0.
  0.  0. 40. 48.  0. 17. 26.  0. 10.  0. 12.  0.  0.  0.  0.  0.  0.  0.
 39. 34. 15.  8.  1. 11. 19. 23. 24.  0.  0.  0.  0.  0. 38. 33. 37. 35.
  7.  2.  6. 22.  0. 27.  0.  0.  0.  0. 50.  0. 43. 32. 31.  0. 18.  4.
 21. 20.  0.  0.  0.  0.  0.  0. 45. 44. 42. 36.  0.  0.  0.  9.  0.  0.
  0.  0.  0.  0. 46.  0. 41.  0.  0.  0.  0.  0.  0.  0.  0.  0.  0.  0.
  0.  0.  0.  0. 49.  0.  0.  0.  0.  0.  0.  0.  0.  0.  0.  0.  0.  0.
  0.  0.  0.  0.  0.  0.  0.  0.  0.  0.  0.  0.  0.  0.  0.  0.  0.  0.
  0.  0.  0.  0.  0.  0.  0.  0.  0.]