[ 0.  0.  0.  0.  0.  0.  0.  0.  0.  0.  0.  0.  0.  0.  0.  0.  0.  0.
  0.  0.  0.  0.  0.  0.  0.  0.  0.  0.  0.  0.  0.  0.  0.  0.  0.  0.
  0.  0.  0.  0.  0.  0.  0.  0.  0.  0.  0.  0.  0.  0.  0.  0.  0.  0.
  0.  0.  0.  0.  0.  0.  0.  0.  0.  0.  0.  0.  0.  0.  0. 14.  0.  0.
  0.  0.  0.  0.  0.  0.  0.  0.  0. 20. 17. 19.  3.  0.  0.  0.  0.  0.
  0.  0.  0.  0.  0.  0.  0. 18.  0. 13.  0. 23.  0.  0.  0.  0.  0.  0.
  0.  0.  0. 11.  1. 12.  9.  0.  0.  0.  0.  0.  0.  0.  0.  0.  0.  0.
  4.  5.  2. 21.  0.  0.  0.  0.  0.  0.  0.  0.  0.  0.  0. 10.  6. 15.
 22.  0.  0.  0.  0.  0.  0.  0.  0.  0.  0.  0.  8.  0.  7. 16.  0.  0.
  0.  0.  0.  0.  0.  0.  0.  0.  0.  0.  0.  0.  0.  0.  0.  0.  0.  0.
  0.  0.  0.  0.  0.  0.  0.  0.  0.  0.  0.  0.  0.  0.  0.  0.  0.  0.
  0.  0.  0.  0.  0.  0.  0.  0.  0.  0.  0.  0.  0.  0.  0.  0.  0.  0.
  0.  0.  0.  0.  0.  0.  0.  0.  0.]