[ 0.  0.  0.  0.  0.  0.  0.  0.  0.  0.  0.  0.  0.  0.  0.  0.  0.  0.
  0.  0.  0.  0.  0. 56.  0.  0.  0.  0.  0.  0.  0.  0.  0.  0.  0.  0.
  0. 50. 49.  0.  0.  0.  0.  0.  0.  0.  0.  0.  0.  0.  0. 47.  0. 53.
 48.  0.  0.  0.  0.  0.  0.  0. 60. 59. 51. 45.  0. 52. 55. 54. 32.  0.
  0.  0.  0.  0.  0.  0. 63. 19.  0. 46.  3.  5.  0. 21. 22.  0.  0.  0.
  0.  0.  0. 61. 58. 18.  0. 17. 10. 16. 12. 31. 30.  0.  0.  0.  0. 62.
  0. 57. 44.  8.  1. 11. 23. 26. 25. 41. 33.  0.  0.  0.  0.  0.  0.  0.
  7.  2.  6. 13. 20. 36. 38. 42. 43.  0.  0.  0.  0.  0.  0.  0. 15.  4.
 24. 14. 35. 34.  0.  0.  0.  0.  0.  0.  0.  0.  0.  0.  0.  9. 27. 39.
 40. 37.  0.  0.  0.  0.  0.  0.  0.  0. 28.  0.  0.  0.  0.  0.  0.  0.
  0.  0.  0.  0.  0.  0. 29.  0.  0.  0.  0.  0.  0.  0.  0.  0.  0.  0.
  0.  0.  0.  0.  0.  0.  0.  0.  0.  0.  0.  0.  0.  0.  0.  0.  0.  0.
  0.  0.  0.  0.  0.  0.  0.  0.  0.]