[ 0.  0.  0.  0.  0.  0.  0.  0.  0.  0.  0.  0.  0.  0.  0.  0.  0.  0.
  0.  0.  0.  0.  0.  0.  0.  0.  0.  0.  0.  0.  0.  0.  0.  0.  0.  0.
  0.  0.  0.  0.  0.  0.  0.  0.  0.  0.  0.  0.  0.  0.  0.  0.  0.  0.
  0.  0.  0.  0.  0.  0.  0.  0.  0.  0.  0.  0.  0. 51. 43.  0.  0.  0.
  0.  0.  0.  0.  0.  0.  0.  0.  0. 15.  0.  0. 40.  0. 39.  0.  0.  0.
  0.  0.  0. 10. 19. 18. 37. 16.  0. 41. 38.  0.  0.  0.  0.  0.  0.  0.
  0.  9. 12. 11.  1.  0. 34. 47. 42. 46.  0.  0.  0.  0.  0. 17. 20.  7.
  6.  2.  4. 22. 23.  0. 44.  0.  0.  0.  0.  0. 36. 13.  8.  5. 32.  3.
  0.  0.  0. 48. 45.  0.  0.  0.  0. 14. 27. 24. 35. 26. 28. 31.  0.  0.
 49.  0.  0.  0.  0.  0.  0.  0. 29. 21. 25. 30. 33.  0.  0.  0.  0.  0.
  0.  0.  0.  0.  0.  0.  0.  0.  0. 50.  0.  0.  0.  0.  0.  0.  0.  0.
  0.  0.  0.  0.  0.  0.  0.  0.  0.  0.  0.  0.  0.  0.  0.  0.  0.  0.
  0.  0.  0.  0.  0.  0.  0.  0.  0.]