[ 0.  0.  0.  0.  0.  0.  0.  0.  0.  0.  0.  0.  0.  0.  0.  0.  0.  0.
  0.  0.  0.  0.  0.  0.  0.  0.  0.  0.  0.  0.  0.  0.  0.  0.  0.  0.
  0.  0.  0.  0.  0.  0.  0.  0.  0.  0.  0.  0.  0.  0.  0. 24.  0.  0.
  0.  0.  0.  0.  0.  0.  0.  0.  0.  0.  0.  0.  0. 21. 25.  0.  0.  0.
  0.  0.  0.  0.  0.  0.  0. 23.  0.  0.  0.  3. 16.  0.  0.  0.  0.  0.
  0.  0.  0.  0.  0. 22. 20. 19. 11. 17. 15. 18.  0.  0.  0.  0.  0.  0.
  0.  0.  0.  8.  1.  7. 14.  0.  0.  0.  0.  0.  0.  0.  0.  0.  0.  0.
  0.  4.  2.  5.  0.  0.  0.  0.  0.  0.  0.  0.  0.  0.  0. 13. 12.  6.
  0. 10.  0.  0.  0.  0.  0.  0.  0.  0.  0.  0.  0.  0.  0.  9.  0.  0.
  0.  0.  0.  0.  0.  0.  0.  0.  0.  0.  0.  0.  0.  0.  0.  0.  0.  0.
  0.  0.  0.  0.  0.  0.  0.  0.  0.  0.  0.  0.  0.  0.  0.  0.  0.  0.
  0.  0.  0.  0.  0.  0.  0.  0.  0.  0.  0.  0.  0.  0.  0.  0.  0.  0.
  0.  0.  0.  0.  0.  0.  0.  0.  0.]