[ 0.  0.  0.  0.  0.  0.  0.  0.  0.  0.  0.  0.  0.  0.  0.  0.  0.  0.
  0.  0.  0.  0.  0.  0.  0.  0.  0.  0.  0.  0.  0.  0.  0.  0.  0.  0.
  0.  0.  0.  0.  0.  0.  0.  0.  0.  0.  0.  0.  0.  0.  0.  0.  0.  0.
  0.  0.  0.  0.  0.  0.  0.  0.  0.  0.  0. 11. 23.  0. 12.  0.  0.  0.
  0.  0.  0.  0.  0.  0. 22. 19. 15. 17. 25.  0.  0.  0.  0.  0.  0.  0.
  0.  0.  0. 20. 21. 16.  6. 18.  3.  0.  0.  0.  0.  0.  0.  0.  0.  0.
 24. 14. 13.  9.  1.  7. 10.  0.  0.  0.  0.  0.  0.  0.  0.  0.  0.  0.
  4.  2.  5.  0.  0.  0.  0.  0.  0.  0.  0.  0.  0.  0.  0.  0.  0.  8.
  0.  0.  0.  0.  0.  0.  0.  0.  0.  0.  0.  0.  0.  0.  0.  0.  0.  0.
  0.  0.  0.  0.  0.  0.  0.  0.  0.  0.  0.  0.  0.  0.  0.  0.  0.  0.
  0.  0.  0.  0.  0.  0.  0.  0.  0.  0.  0.  0.  0.  0.  0.  0.  0.  0.
  0.  0.  0.  0.  0.  0.  0.  0.  0.  0.  0.  0.  0.  0.  0.  0.  0.  0.
  0.  0.  0.  0.  0.  0.  0.  0.  0.]