[ 0.  0.  0.  0. 62. 60.  0.  0.  0.  0.  0.  0.  0.  0.  0.  0.  0.  0.
  0.  0. 59.  0.  0.  0.  0.  0. 68.  0.  0.  0.  0.  0.  0. 39.  0. 37.
 35. 38.  0. 57.  0.  0. 67.  0.  0.  0.  0.  0. 44. 40. 33. 22. 61. 58.
  0. 54. 66. 63.  0.  0.  0.  0. 43.  0.  0. 31. 32. 21. 53.  0. 52. 56.
 64. 65.  0.  0.  0.  0. 36.  0. 34.  3.  8.  7. 20. 55.  0. 48. 51.  0.
  0.  0.  0. 26. 25. 23.  9.  0.  6. 19. 14. 47. 50.  0.  0.  0.  0.  0.
  0. 24. 27. 10.  1.  4. 11. 15. 46.  0.  0.  0.  0.  0.  0.  0.  0. 28.
  5.  0.  2. 17.  0. 16. 49.  0.  0.  0.  0.  0.  0. 45.  0. 29. 30. 13.
 42. 12.  0.  0.  0.  0.  0.  0.  0.  0.  0.  0.  0. 18.  0. 41.  0.  0.
  0.  0.  0.  0.  0.  0.  0.  0.  0.  0.  0.  0.  0.  0.  0.  0.  0.  0.
  0.  0.  0.  0.  0.  0.  0.  0.  0.  0.  0.  0.  0.  0.  0.  0.  0.  0.
  0.  0.  0.  0.  0.  0.  0.  0.  0.  0.  0.  0.  0.  0.  0.  0.  0.  0.
  0.  0.  0.  0.  0.  0.  0.  0.  0.]