[ 0.  0.  0.  0.  0.  0.  0.  0.  0.  0.  0.  0.  0.  0.  0.  0.  0.  0.
  0.  0.  0. 49.  0.  0.  0.  0.  0.  0.  0.  0.  0.  0.  0.  0.  0. 47.
 35.  0.  0. 36.  0.  0.  0.  0.  0.  0.  0.  0.  0. 45. 48. 40. 34. 33.
 31.  0.  0.  0.  0.  0.  0.  0.  0. 39. 44. 41.  0. 27. 30. 29.  0.  0.
  0.  0.  0.  0.  0. 46.  0. 38. 43. 42. 28. 25. 32.  0.  0.  0.  0.  0.
  0.  0.  0.  0.  0.  0.  0.  3. 14.  0.  0.  0.  0.  0.  0.  0.  0.  0.
  0. 37. 22. 26.  1. 12. 11. 24.  0.  0.  0.  0.  0.  0.  0.  0. 23. 17.
  9.  4.  2.  6.  7.  0.  0.  0.  0.  0.  0.  0.  0.  0. 10. 13. 19.  5.
 20. 15.  0.  0.  0.  0.  0.  0.  0.  0.  0.  8. 16. 18. 21.  0.  0.  0.
  0.  0.  0.  0.  0.  0.  0.  0.  0.  0.  0.  0.  0.  0.  0.  0.  0.  0.
  0.  0.  0.  0.  0.  0.  0.  0.  0.  0.  0.  0.  0.  0.  0.  0.  0.  0.
  0.  0.  0.  0.  0.  0.  0.  0.  0.  0.  0.  0.  0.  0.  0.  0.  0.  0.
  0.  0.  0.  0.  0.  0.  0.  0.  0.]