[ 0.  0.  0.  0.  0.  0.  0.  0.  0.  0.  0.  0.  0.  0.  0.  0.  0.  0.
  0.  0.  0.  0.  0.  0.  0.  0.  0.  0.  0.  0.  0.  0.  0.  0.  0.  0.
  0.  0.  0.  0.  0.  0.  0.  0.  0.  0.  0.  0.  0.  0. 28.  0.  0.  0.
  0.  0.  0.  0.  0.  0.  0.  0.  0.  0.  0. 29.  0.  0.  0.  0.  0.  0.
  0.  0.  0.  0.  0.  0.  0. 26. 24.  0. 30.  0.  0.  0.  0.  0.  0.  0.
  0.  0.  0.  0.  0. 22. 23.  0.  0.  0.  0.  0.  0.  0.  0.  0.  0.  0.
 21.  0. 12. 27.  1.  9.  6.  0.  0.  0.  0.  0.  0.  0.  0.  0. 20. 25.
 11.  2.  4.  5. 13.  0.  0.  0.  0.  0.  0.  0.  0.  0. 18.  8.  7. 16.
  3. 10.  0.  0.  0.  0.  0.  0.  0.  0.  0. 19.  0. 15. 14. 17.  0.  0.
  0.  0.  0.  0.  0.  0.  0.  0.  0.  0.  0.  0.  0.  0.  0.  0.  0.  0.
  0.  0.  0.  0.  0.  0.  0.  0.  0.  0.  0.  0.  0.  0.  0.  0.  0.  0.
  0.  0.  0.  0.  0.  0.  0.  0.  0.  0.  0.  0.  0.  0.  0.  0.  0.  0.
  0.  0.  0.  0.  0.  0.  0.  0.  0.]