[ 0.  0.  0.  0.  0.  0.  0.  0.  0.  0.  0.  0.  0.  0.  0.  0.  0.  0.
  0.  0.  0.  0.  0.  0.  0.  0.  0.  0.  0.  0.  0.  0.  0.  0.  0.  0.
  0.  0.  0.  0.  0.  0.  0.  0.  0.  0.  0.  0.  0.  0.  0.  0.  0.  0.
  0.  0.  0.  0.  0.  0.  0.  0.  0.  0.  0.  0.  0.  0.  0.  0.  0.  0.
  0.  0.  0.  0.  0.  0.  0.  0.  0.  0.  4.  0.  0.  0.  0.  0.  0.  0.
  0.  0.  0.  0.  0.  0.  6.  3.  0.  0.  0.  0.  0.  0.  0.  0.  0.  0.
  0. 18.  7. 14.  1.  8.  0.  0.  0.  0.  0.  0.  0.  0. 24. 21. 17.  0.
  9.  2.  5.  0.  0.  0.  0.  0.  0.  0.  0.  0. 23. 13. 12. 10. 15.  0.
  0.  0.  0.  0.  0.  0.  0.  0. 25.  0. 19. 11. 20.  0. 16.  0.  0.  0.
  0.  0.  0.  0.  0.  0.  0.  0.  0. 22.  0.  0.  0.  0.  0.  0.  0.  0.
  0.  0.  0.  0.  0.  0.  0.  0.  0.  0.  0.  0.  0.  0.  0.  0.  0.  0.
  0.  0.  0.  0.  0.  0.  0.  0.  0.  0.  0.  0.  0.  0.  0.  0.  0.  0.
  0.  0.  0.  0.  0.  0.  0.  0.  0.]