[ 0.  0.  0.  0.  0.  0.  0.  0.  0.  0.  0.  0.  0.  0.  0.  0.  0.  0.
  0.  0.  0.  0.  0.  0.  0.  0.  0.  0.  0.  0.  0.  0.  0.  0. 58.  0.
  0.  0.  0.  0.  0.  0.  0.  0.  0.  0.  0.  0. 62. 57. 61.  0.  0.  0.
  0.  0.  0.  0.  0.  0.  0.  0. 63. 64. 68. 50. 45.  0.  0.  0.  0.  0.
  0.  0.  0.  0.  0.  0. 34. 49. 46. 48.  0.  7.  0.  0. 67.  0.  0.  0.
  0.  0. 36. 33. 35. 13. 15. 10.  8.  4. 11.  0.  0.  0.  0.  0.  0. 37.
 23. 22. 12. 47.  1.  9.  0.  6.  0.  0.  0.  0.  0. 60. 24. 25. 14.  0.
 17.  2. 16.  5.  0.  0.  0.  0.  0.  0.  0.  0. 31. 26. 30. 20. 19.  3.
  0.  0. 44. 59.  0.  0.  0.  0. 28. 32. 27. 21. 18.  0.  0. 56. 51. 65.
  0.  0.  0.  0.  0.  0. 29.  0.  0.  0. 39. 54.  0. 66.  0.  0.  0.  0.
  0.  0. 43. 42. 53. 40. 38. 52.  0. 55.  0.  0.  0.  0.  0.  0.  0.  0.
  0.  0.  0. 41.  0.  0.  0.  0.  0.  0.  0.  0.  0.  0.  0.  0.  0.  0.
  0.  0.  0.  0.  0.  0.  0.  0.  0.]