[ 0.  0.  0.  0.  0.  0.  0.  0.  0.  0.  0.  0.  0.  0.  0.  0.  0.  0.
  0.  0.  0.  0.  0.  0. 28.  0.  0.  0.  0.  0.  0.  0.  0.  0.  0.  0.
  0.  0. 27.  0. 41.  0.  0.  0.  0.  0.  0.  0.  0.  0.  0.  0.  0. 12.
  0. 23.  0.  0.  0.  0.  0.  0.  0.  0.  0.  0.  0.  0. 13. 22.  0. 42.
  0.  0.  0.  0.  0.  0.  0.  0.  0.  9. 14.  4. 21. 25. 39. 33. 40.  0.
  0.  0.  0.  0. 17. 16.  8.  2. 10. 11. 26. 32. 34. 35.  0.  0.  0.  0.
 50.  0. 15.  5.  1.  6. 19. 55. 37. 31. 38.  0.  0.  0.  0.  0. 51.  0.
 18.  0.  7. 24.  0. 36.  0.  0.  0.  0.  0.  0.  0.  0.  0.  0.  3. 54.
 44. 29. 30.  0.  0.  0.  0.  0.  0.  0.  0.  0. 20. 52. 47. 56. 43.  0.
  0.  0.  0.  0.  0.  0.  0.  0.  0. 53.  0.  0. 48. 46. 49.  0.  0.  0.
  0.  0.  0.  0.  0.  0.  0.  0.  0.  0. 45.  0.  0.  0.  0.  0.  0.  0.
  0.  0.  0.  0.  0.  0.  0.  0.  0.  0.  0.  0.  0.  0.  0.  0.  0.  0.
  0.  0.  0.  0.  0.  0.  0.  0.  0.]