[ 0.  0.  0.  0.  0.  0.  0.  0.  0.  0.  0.  0.  0.  0.  0.  0.  0.  0.
  0.  0.  0.  0.  0.  0.  0.  0.  0.  0.  0.  0.  0.  0.  0.  0.  0.  0.
  0.  0.  0.  0.  0.  0.  0.  0.  0.  0.  0.  0.  0.  0.  0.  0.  0.  0.
  0.  0.  0.  0.  0.  0.  0.  0.  0.  0.  0.  0. 20.  0. 23.  0.  0.  0.
  0. 25.  0.  0.  0.  0.  0.  0.  0. 21.  8.  0.  9. 14.  0. 24.  0.  0.
  0.  0.  0.  0.  0.  0.  0. 22.  7. 13. 15. 16.  0.  0.  0.  0.  0.  0.
  0.  0.  0.  6.  1.  3.  5. 12. 26.  0.  0.  0.  0.  0.  0.  0.  0. 29.
 10. 11.  2.  4.  0.  0.  0.  0.  0.  0.  0.  0.  0.  0. 28. 17. 27. 19.
  0.  0.  0.  0.  0.  0.  0.  0.  0.  0.  0. 18.  0.  0.  0.  0.  0.  0.
  0.  0.  0.  0.  0.  0.  0.  0.  0.  0.  0.  0.  0.  0.  0.  0.  0.  0.
  0.  0.  0.  0.  0.  0.  0.  0.  0.  0.  0.  0.  0.  0.  0.  0.  0.  0.
  0.  0.  0.  0.  0.  0.  0.  0.  0.  0.  0.  0.  0.  0.  0.  0.  0.  0.
  0.  0.  0.  0.  0.  0.  0.  0.  0.]