[ 0.  0.  0.  0.  0.  0.  0.  0.  0.  0.  0.  0.  0.  0.  0.  0.  0.  0.
  0.  0.  0.  0.  0.  0.  0.  0.  0.  0.  0.  0.  0.  0.  0.  0.  0.  0.
  0.  0.  0.  0.  0.  0.  0.  0.  0.  0.  0.  0.  0.  0.  0.  0.  0.  0.
  0.  0.  0.  0.  0.  0.  0.  0.  0.  0.  0.  0.  0.  0.  0.  0.  0.  0.
  0.  0.  0.  0.  0.  0.  0.  0.  0.  0.  3.  0. 26.  0.  0.  0.  0.  0.
  0.  0.  0.  0.  0.  0. 18.  0.  0.  0.  7.  0.  0.  0.  0.  0.  0.  0.
  0. 14. 13.  9.  1.  0.  6.  0.  0.  0.  0.  0.  0.  0.  0. 45. 17.  0.
 16.  4.  2.  5. 24.  0.  0.  0.  0.  0. 43. 42. 32. 36. 20. 15.  0.  0.
  0. 21. 25. 51.  0.  0.  0.  0. 28. 29. 35. 40. 11. 10. 23.  8.  0. 22.
  0.  0.  0.  0.  0.  0. 27. 33. 34. 49. 19. 12.  0.  0.  0.  0.  0.  0.
  0.  0.  0. 31.  0. 41. 30. 46.  0. 50.  0.  0.  0.  0.  0.  0.  0. 39.
 37.  0.  0. 44.  0. 48. 54. 52.  0.  0.  0.  0.  0.  0.  0. 38.  0. 47.
  0.  0.  0.  0.  0. 53.  0.  0.  0.]