[ 0.  0.  0.  0.  0.  0.  0.  0.  0.  0.  0.  0.  0.  0.  0.  0.  0.  0.
  0.  0.  0.  0.  0.  0.  0.  0.  0.  0.  0.  0.  0.  0.  0.  0. 53.  0.
 32.  0.  0.  0.  0.  0.  0.  0.  0.  0.  0.  0. 19. 42. 33. 47. 35. 50.
 49.  0.  0.  0.  0.  0.  0.  0.  0.  0. 18. 48. 13.  0. 20.  0.  0.  0.
  0.  0.  0.  0.  0.  0. 16. 17. 14. 10.  4. 15. 34.  0.  0.  0.  0.  0.
  0.  0. 67. 39.  0.  9. 12.  3.  6. 21.  0.  0.  0.  0.  0.  0. 64. 43.
 63. 45.  5.  8.  1.  0.  0. 22.  0.  0.  0.  0. 66. 44.  0. 56. 57. 54.
 24.  2.  7. 31.  0.  0.  0.  0.  0.  0.  0. 55.  0. 46.  0. 25. 41. 28.
 11.  0.  0. 52.  0.  0.  0.  0.  0.  0.  0. 59.  0. 38. 23. 26.  0. 51.
  0.  0.  0.  0.  0.  0.  0. 62.  0. 58. 30. 27.  0. 29. 36.  0.  0.  0.
  0.  0.  0.  0.  0.  0.  0. 40.  0. 37.  0.  0.  0.  0.  0.  0.  0.  0.
  0. 65.  0.  0. 61.  0.  0.  0.  0.  0.  0.  0.  0.  0.  0.  0.  0.  0.
  0. 60.  0.  0.  0.  0.  0.  0.  0.]