[ 0.  0.  0.  0.  0.  0.  0.  0.  0.  0.  0.  0.  0.  0.  0.  0.  0.  0.
  0.  0.  0.  0.  0.  0.  0.  0.  0.  0.  0.  0.  0.  0.  0.  0.  0.  0.
 38.  0.  0.  0. 31.  0.  0.  0.  0.  0.  0.  0.  0.  0.  0. 35.  0. 17.
 30.  0.  0.  0.  0.  0.  0.  0.  0.  0.  0. 27. 33. 20. 16.  0. 32.  0.
  0.  0.  0.  0. 37. 36. 34. 10. 28. 11.  4.  0. 39.  0.  0.  0.  0.  0.
  0.  0.  0.  0. 29. 19.  0.  3.  6.  0.  0.  0. 40.  0.  0.  0.  0.  0.
  0. 22. 23.  8.  1. 12.  7.  0.  0.  0.  0.  0.  0.  0.  0.  0.  0. 21.
  5.  2. 25.  0.  0.  0.  0.  0.  0.  0.  0.  0.  0.  0. 24. 13. 14.  9.
 26.  0.  0.  0.  0.  0.  0.  0.  0.  0.  0.  0.  0. 15.  0.  0.  0.  0.
  0.  0.  0.  0.  0.  0.  0.  0.  0. 18.  0.  0.  0.  0.  0.  0.  0.  0.
  0.  0.  0.  0.  0.  0.  0.  0.  0.  0.  0.  0.  0.  0.  0.  0.  0.  0.
  0.  0.  0.  0.  0.  0.  0.  0.  0.  0.  0.  0.  0.  0.  0.  0.  0.  0.
  0.  0.  0.  0.  0.  0.  0.  0.  0.]