[ 0.  0.  0.  0.  0.  0.  0.  0.  0.  0.  0.  0.  0.  0.  0.  0.  0.  0.
  0.  0.  0.  0.  0. 26.  0.  0.  0.  0.  0.  0.  0.  0.  0.  0.  0.  0.
  0. 34. 23.  0.  0.  0.  0.  0.  0.  0.  0.  0.  0.  0.  0. 32.  0. 25.
 20.  0.  0.  0.  0.  0.  0.  0.  0.  0.  0. 35. 33. 36. 19. 21. 22.  0.
  0.  0.  0.  0.  0.  0.  0.  0.  0. 14.  3.  5. 30. 27. 29.  0.  0.  0.
  0.  0.  0.  0. 41. 17.  0.  0. 10. 31. 24. 28.  0.  0.  0.  0.  0.  0.
  0.  0. 18.  8.  1. 11. 44. 12. 42. 38. 45.  0.  0.  0.  0.  0.  0.  0.
  7.  2.  6. 13.  0. 37. 46.  0.  0.  0.  0.  0.  0.  0.  0.  0.  0.  4.
 43. 15.  0. 48. 47.  0.  0.  0.  0.  0.  0.  0. 39.  0.  0.  9.  0. 16.
 49.  0.  0.  0.  0.  0.  0.  0.  0.  0.  0. 40.  0. 50.  0.  0.  0.  0.
  0.  0.  0.  0.  0.  0.  0.  0.  0.  0.  0.  0.  0.  0.  0.  0.  0.  0.
  0.  0.  0.  0.  0.  0.  0.  0.  0.  0.  0.  0.  0.  0.  0.  0.  0.  0.
  0.  0.  0.  0.  0.  0.  0.  0.  0.]