[ 0.  0.  0.  0.  0.  0.  0.  0.  0.  0.  0.  0.  0.  0.  0.  0.  0.  0.
  0.  0.  0.  0.  0.  0.  0.  0.  0.  0.  0.  0.  0.  0.  0.  0.  0.  0.
  0.  0.  0.  0.  0.  0.  0.  0.  0.  0.  0.  0.  0.  0. 13.  9.  0.  0.
  0.  0.  0.  0.  0.  0.  0.  0.  0.  0.  0.  0.  8.  0.  7.  0.  0.  0.
  0.  0.  0.  0.  0.  0. 14. 15. 10.  4.  6. 11.  0.  0.  0.  0.  0.  0.
  0.  0.  0.  0.  0.  5.  2.  0. 12.  0.  0.  0.  0.  0.  0.  0.  0.  0.
  0.  0.  0.  0.  1.  0. 17.  0.  0.  0.  0.  0.  0.  0.  0.  0.  0.  0.
 18.  0.  0.  0. 16.  0.  0.  0.  0.  0.  0.  0.  0.  0.  0.  0.  0.  0.
  3.  0.  0.  0.  0.  0.  0.  0.  0.  0.  0.  0.  0.  0.  0.  0.  0.  0.
  0.  0.  0.  0.  0.  0.  0.  0.  0.  0.  0.  0.  0.  0.  0.  0.  0.  0.
  0.  0.  0.  0.  0.  0.  0.  0.  0.  0.  0.  0.  0.  0.  0.  0.  0.  0.
  0.  0.  0.  0.  0.  0.  0.  0.  0.  0.  0.  0.  0.  0.  0.  0.  0.  0.
  0.  0.  0.  0.  0.  0.  0.  0.  0.]