[ 0.  0.  0.  0.  0.  0.  0.  0.  0.  0.  0.  0.  0.  0.  0.  0.  0.  0.
  0.  0.  0.  0. 72.  0.  0.  0.  0.  0.  0.  0.  0.  0.  0.  0.  0.  0.
 64. 71. 60. 70.  0.  0.  0.  0.  0.  0.  0.  0.  0.  0. 62. 73. 49. 53.
 51. 54.  0.  0.  0.  0.  0.  0.  0.  0. 69. 61. 50.  0. 57. 52. 59.  0.
  0.  0.  0.  0.  0.  0.  0. 74. 68. 65. 67. 55. 47. 56.  0.  0.  0.  0.
  0.  0.  0.  0. 25. 22. 66.  4. 18. 19. 58.  0.  0.  0.  0.  0.  0.  0.
  0. 16.  6.  5.  1.  3. 11. 12. 48. 63. 46.  0.  0.  0. 24. 23. 13. 15.
  9.  8.  2. 40. 17.  0. 45.  0.  0.  0.  0.  0. 29. 34. 14.  7. 31. 41.
  0. 42. 43.  0.  0.  0.  0.  0.  0.  0. 26. 27. 10. 20. 36.  0. 37.  0.
 44.  0.  0.  0.  0. 33. 32.  0. 28.  0. 21.  0.  0.  0.  0.  0.  0.  0.
  0.  0.  0.  0. 30. 39. 38.  0.  0.  0.  0.  0.  0.  0.  0.  0.  0.  0.
  0. 35.  0.  0.  0.  0.  0.  0.  0.  0.  0.  0.  0.  0.  0.  0.  0.  0.
  0.  0.  0.  0.  0.  0.  0.  0.  0.]