[ 0.  0.  0.  0.  0.  0.  0.  0.  0.  0.  0.  0.  0.  0.  0.  0.  0.  0.
  0.  0.  0.  0.  0.  0.  0.  0.  0.  0.  0.  0.  0.  0.  0.  0.  0.  0.
  0.  0.  0.  0.  0.  0.  0.  0.  0.  0.  0.  0.  0.  0.  0. 13. 16. 11.
 15.  0.  0.  0.  0.  0.  0.  0.  0.  0.  0.  0.  0. 12. 21. 20. 24.  0.
  0.  0.  0.  0.  0. 32.  0.  0.  0.  0.  3. 14. 10. 17.  0.  0.  0.  0.
  0.  0.  0. 31.  0.  0. 22. 23.  5.  8.  7.  0.  0.  0.  0.  0.  0.  0.
  0. 29.  0.  0.  1.  0.  6. 18.  0.  0.  0.  0.  0.  0.  0.  0.  0. 27.
  0.  2.  4.  9.  0. 19.  0.  0.  0.  0.  0.  0.  0. 45. 26. 25. 41.  0.
  0.  0.  0.  0.  0.  0.  0.  0. 47.  0. 36. 37. 30. 28. 34. 35.  0.  0.
  0.  0.  0.  0.  0. 43. 38. 42. 40.  0. 33.  0.  0.  0.  0.  0.  0.  0.
  0.  0. 39.  0. 44.  0.  0.  0.  0.  0.  0.  0.  0.  0.  0.  0.  0. 52.
 50. 48. 46.  0.  0.  0.  0.  0.  0.  0.  0.  0.  0.  0. 51.  0. 49.  0.
  0.  0.  0.  0.  0.  0.  0.  0.  0.]