[ 0.  0.  0.  0.  0.  0.  0.  0.  0.  0.  0.  0.  0.  0.  0.  0.  0.  0.
  0.  0.  0.  0.  0.  0.  0.  0.  0.  0.  0.  0.  0.  0.  0.  0.  0.  0.
  0. 29. 30.  0.  0.  0.  0.  0.  0.  0.  0.  0.  0.  0. 22.  0. 24. 25.
 33. 37.  0.  0.  0.  0.  0.  0.  0.  0.  0.  9. 21. 28. 27.  0. 26.  0.
 35.  0.  0.  0.  0.  0.  0.  0. 19.  4.  0.  0. 23. 36. 32.  0.  0.  0.
  0.  0.  0.  0.  0.  0.  6.  2.  7. 42. 34.  0.  0.  0.  0.  0.  0.  0.
 16.  0. 13. 11.  1.  8. 20. 38. 31.  0.  0.  0.  0.  0.  0. 15. 12. 14.
 10. 40. 41. 17. 39.  0.  0.  0.  0.  0.  0.  0.  0.  0.  0.  5.  3. 18.
  0.  0.  0.  0.  0.  0.  0.  0.  0.  0.  0.  0.  0.  0.  0.  0.  0.  0.
  0.  0.  0.  0.  0.  0.  0.  0.  0.  0.  0.  0.  0.  0.  0.  0.  0.  0.
  0.  0.  0.  0.  0.  0.  0.  0.  0.  0.  0.  0.  0.  0.  0.  0.  0.  0.
  0.  0.  0.  0.  0.  0.  0.  0.  0.  0.  0.  0.  0.  0.  0.  0.  0.  0.
  0.  0.  0.  0.  0.  0.  0.  0.  0.]