[ 0.  0.  0.  0.  0.  0.  0.  0.  0.  0.  0.  0.  0.  0.  0.  0.  0.  0.
  0.  0.  0.  0.  0.  0.  0.  0.  0.  0.  0.  0.  0.  0.  0.  0.  0.  0.
  0.  0.  0.  0.  0.  0.  0.  0.  0.  0.  0.  0.  0.  0.  0.  0. 20.  0.
  0.  0.  0.  0.  0.  0.  0.  0.  0.  0.  0. 24. 21. 17. 23.  0.  0.  0.
  0.  0.  0.  0.  0.  0.  0.  0.  0. 18. 19. 14.  3.  0. 28.  0.  0.  0.
  0.  0.  0.  0.  0.  0. 30. 15. 22.  8. 27.  0.  0.  0.  0.  0.  0.  0.
 34.  0. 29. 12.  1.  0.  5. 16.  0.  0.  0.  0.  0.  0.  0.  0. 11. 10.
  4.  6.  2.  7.  0. 25.  0.  0.  0.  0.  0.  0. 33.  0. 31.  9. 32. 13.
  0. 26.  0.  0.  0.  0.  0.  0.  0.  0.  0. 36. 39. 46. 44.  0.  0.  0.
  0.  0.  0.  0.  0.  0.  0.  0. 38. 35. 37.  0.  0.  0.  0.  0.  0.  0.
  0.  0.  0.  0. 47. 45. 41.  0. 40.  0. 48.  0.  0.  0.  0.  0.  0.  0.
  0.  0. 43. 42.  0.  0.  0.  0.  0.  0.  0.  0.  0.  0.  0.  0.  0.  0.
  0.  0.  0.  0.  0.  0.  0.  0.  0.]