[ 0.  0.  0.  0.  0.  0.  0.  0.  0.  0.  0.  0.  0.  0.  0.  0.  0.  0.
  0.  0.  0.  0.  0.  0.  0.  0.  0.  0.  0.  0.  0.  0.  0.  0.  0.  0.
  0.  0.  0.  0.  0.  0.  0.  0.  0.  0.  0.  0.  0.  0.  0.  0.  0.  0.
  0.  0.  0.  0.  0.  0.  0.  0.  0. 13. 19.  0.  0. 17.  0.  0.  0.  0.
  0.  0.  0.  0.  0.  0.  0. 12.  0. 14. 15.  0.  0.  0.  0.  0.  0.  0.
  0.  0.  0.  0. 18. 10.  0.  0.  3.  0.  0.  0.  0.  0.  0.  0.  0.  0.
  0. 16.  5.  6.  1.  0.  0.  0.  0.  0.  0.  0.  0.  0.  0.  0.  0.  9.
  4.  8.  2. 20.  0.  0.  0.  0.  0.  0.  0.  0.  0.  0.  0.  7.  0. 11.
  0.  0.  0.  0.  0.  0.  0.  0.  0.  0.  0.  0.  0.  0.  0.  0.  0.  0.
  0.  0.  0.  0.  0.  0.  0.  0.  0.  0.  0.  0.  0.  0.  0.  0.  0.  0.
  0.  0.  0.  0.  0.  0.  0.  0.  0.  0.  0.  0.  0.  0.  0.  0.  0.  0.
  0.  0.  0.  0.  0.  0.  0.  0.  0.  0.  0.  0.  0.  0.  0.  0.  0.  0.
  0.  0.  0.  0.  0.  0.  0.  0.  0.]