[ 0.  0.  0.  0.  0.  0.  0.  0.  0.  0.  0.  0.  0.  0.  0.  0.  0.  0.
  0.  0.  0.  0.  0.  0.  0.  0.  0.  0.  0.  0.  0.  0.  0.  0.  0.  0.
  0.  0.  0.  0.  0.  0.  0.  0.  0.  0.  0.  0.  0.  0.  0.  0.  0.  0.
  0.  0.  0.  0.  0.  0.  0.  0.  0. 41.  0.  0.  0.  0.  0.  8.  0.  0.
  0.  0.  0.  0.  0.  0.  0. 40.  0.  0. 25.  5. 26.  7.  0.  0.  0.  0.
  0.  0. 38. 39. 24. 30. 36. 37.  4.  6.  0.  0.  0.  0.  0.  0. 42. 35.
  0. 23.  0. 12.  1.  0.  3.  0.  0.  0.  0.  0. 34. 33. 31. 29. 21. 32.
 11. 10.  2.  0.  0.  0.  0.  0.  0.  0.  0. 27. 28. 15. 13. 17. 18.  9.
  0.  0.  0.  0.  0.  0.  0.  0.  0.  0. 19. 16.  0. 14.  0.  0.  0.  0.
  0.  0.  0.  0.  0.  0. 20. 22.  0.  0.  0.  0.  0.  0.  0.  0.  0.  0.
  0.  0.  0.  0.  0.  0.  0.  0.  0.  0.  0.  0.  0.  0.  0.  0.  0.  0.
  0.  0.  0.  0.  0.  0.  0.  0.  0.  0.  0.  0.  0.  0.  0.  0.  0.  0.
  0.  0.  0.  0.  0.  0.  0.  0.  0.]