[  0.   0.   0.   0.   0.   0.   0.   0.   0.   0.  96.   0.   0.   0.
   0.   0.   0.   0.   0.   0. 101.   0.  90.   0.  95.   0.   0.   0.
   0.   0.   0.   0.   0.   0.  92.   0.   0.   0.  91.   0.  89.  88.
   0.   0.   0.   0.   0.  69.   0.  83.   0.  50.  57.  49.  86.   0.
  55.  87.   0.   0.   0.   0.  68.  82.   0.  47.  45.  48.  52.   0.
  38.  53.  56.   0.   0.   0.  81.   0.  59.  84.  58.  46.   0.  51.
  54.  94.  37.   0.   0.   0.   0.   0.  66.  44.  67.   0.   3.   8.
   0.  93.  31.  34.  35.   0.   0.   0.  80.   0.   0.  41.  10.   0.
   1.   5.   6.   0.  32.  33.   0.   0.   0.   0.  77.  39.  40.  11.
   0.   4.   2.   7.   0.  36.  98.   0.   0.  85.   0.  42.  43.  24.
   0.  12.   9.   0.  18.  17.   0.  97.   0.   0.   0.  78.  72.   0.
  71.  23.   0.  22.  16.  25.  62.  27.  61.   0.   0.   0.  79.  74.
  70.   0.  14.  13.  19.  26.  15.  20.  63.  28.   0.   0.   0.   0.
   0.   0.  73.  75.  76.  21.  29.   0.  64.   0.  60.   0.   0.   0.
   0.   0.   0.   0.   0.   0.   0.  99.  30.  65.   0.   0.   0.   0.
   0.   0.   0.   0.   0.   0.   0.   0.   0. 100.   0.   0.   0.   0.
   0.]