[ 0.  0.  0.  0.  0.  0.  0.  0.  0.  0.  0.  0.  0.  0.  0.  0.  0.  0.
  0.  0.  0.  0.  0.  0.  0.  0.  0.  0.  0.  0.  0.  0.  0.  0.  0.  0.
  0. 29.  0.  0.  0.  0.  0.  0.  0.  0.  0.  0.  0.  0.  0.  0.  0. 28.
  0.  0. 34.  0.  0.  0.  0.  0.  0.  0.  0.  0. 36.  0. 30. 26. 33. 23.
 21.  0.  0.  0.  0.  0.  0.  0.  0.  0. 35. 18. 25. 24. 20.  0.  0.  0.
  0.  0.  0.  0.  0. 13. 32. 17. 31.  0. 16. 22.  0.  0.  0.  0.  0.  0.
 15. 12. 14.  0.  1.  9.  8. 19.  0. 27.  0.  0.  0.  0.  0.  0.  0. 11.
  4.  2.  6.  7.  0.  0.  0.  0.  0.  0.  0.  0.  0.  0.  0.  0.  5.  0.
  3. 10.  0.  0.  0.  0.  0.  0.  0.  0.  0.  0.  0.  0.  0.  0.  0.  0.
  0.  0.  0.  0.  0.  0.  0.  0.  0.  0.  0.  0.  0.  0.  0.  0.  0.  0.
  0.  0.  0.  0.  0.  0.  0.  0.  0.  0.  0.  0.  0.  0.  0.  0.  0.  0.
  0.  0.  0.  0.  0.  0.  0.  0.  0.  0.  0.  0.  0.  0.  0.  0.  0.  0.
  0.  0.  0.  0.  0.  0.  0.  0.  0.]