[ 0.  0.  0.  0.  0.  0.  0.  0.  0.  0.  0.  0.  0.  0.  0.  0.  0.  0.
  0.  0.  0.  0. 31.  0.  0.  0.  0.  0.  0.  0.  0.  0.  0.  0.  0.  0.
  0. 36. 30. 32. 34.  0.  0.  0.  0.  0.  0.  0.  0.  0.  0.  0. 25.  0.
 24. 28. 29.  0.  0.  0.  0.  0.  0.  0.  0.  0.  0.  0.  0. 33. 26.  0.
  0.  0.  0.  0.  0.  0.  0.  0.  0.  0.  0.  3. 22. 35.  0.  0.  0.  0.
  0.  0.  0.  0.  0.  0.  0. 21.  8. 18. 20.  0. 27.  0.  0.  0.  0.  0.
  0.  0.  0. 10.  1.  9. 13. 15. 16.  0.  0.  0.  0.  0.  0.  0.  0.  0.
  5.  2.  0. 14. 12. 17. 23.  0.  0.  0.  0.  0.  0.  0.  7.  4.  0.  6.
 19.  0.  0.  0.  0.  0.  0.  0.  0.  0.  0.  0.  0.  0.  0. 11.  0.  0.
  0.  0.  0.  0.  0.  0.  0.  0.  0.  0.  0.  0.  0.  0.  0.  0.  0.  0.
  0.  0.  0.  0.  0.  0.  0.  0.  0.  0.  0.  0.  0.  0.  0.  0.  0.  0.
  0.  0.  0.  0.  0.  0.  0.  0.  0.  0.  0.  0.  0.  0.  0.  0.  0.  0.
  0.  0.  0.  0.  0.  0.  0.  0.  0.]