[ 0.  0.  0.  0.  0.  0.  0.  0.  0.  0.  0.  0.  0.  0.  0.  0.  0.  0.
  0.  0.  0.  0.  0.  0.  0.  0.  0.  0.  0.  0.  0.  0.  0.  0.  0.  0.
  0.  0.  0.  0.  0.  0.  0.  0.  0.  0.  0.  0.  0.  0.  0.  0.  0.  0.
  0.  0.  0.  0.  0.  0.  0.  0.  0.  0.  0.  0.  0.  0.  0. 10.  0.  0.
  0.  0.  0.  0.  0.  0. 16.  0.  0.  0.  4.  9.  0.  0.  0.  0.  0.  0.
  0.  0.  0.  0. 15.  0.  8.  3. 14.  7.  0.  0.  0.  0.  0.  0.  0.  0.
 20.  0. 11.  5.  1.  6.  0.  0.  0.  0.  0.  0.  0.  0. 32.  0. 36. 12.
 13.  2.  0.  0.  0.  0.  0.  0.  0.  0.  0.  0. 29. 23. 26. 22. 18. 30.
 31.  0.  0.  0.  0.  0.  0.  0. 35. 37. 19.  0. 17.  0.  0.  0.  0.  0.
  0.  0.  0.  0. 33. 34. 25. 21. 27. 28.  0.  0.  0.  0.  0.  0.  0.  0.
  0.  0.  0.  0. 24.  0.  0.  0.  0.  0.  0.  0.  0.  0.  0.  0.  0.  0.
  0.  0.  0.  0.  0.  0.  0.  0.  0.  0.  0.  0.  0.  0.  0.  0.  0.  0.
  0.  0.  0.  0.  0.  0.  0.  0.  0.]