[ 0.  0.  0.  0.  0.  0.  0.  0.  0.  0. 71.  0.  0.  0.  0.  0.  0. 44.
  0.  0.  0.  0.  0. 66. 72. 70.  0.  0.  0.  0.  0. 42. 39.  0.  0.  0.
 36.  0. 65.  0. 26.  0. 69.  0.  0. 60.  0. 37. 38.  0. 29. 33. 34. 27.
 25. 28.  0. 56.  0.  0.  0. 59. 43.  0.  0. 46. 35. 22. 19. 32. 68. 55.
 64.  0.  0.  0.  0. 47. 54. 23. 30.  0.  3.  5. 18. 31. 67.  0.  0.  0.
  0.  0. 48. 45. 24. 41. 40.  0. 10. 21. 12. 15.  0.  0.  0.  0. 57. 58.
 53. 49.  0.  8.  1. 11.  0.  0. 20.  0.  0.  0.  0.  0.  0. 51.  0. 50.
  7.  2.  6. 14.  0. 17.  0.  0.  0.  0.  0. 52. 62.  0. 63.  0. 13.  4.
  0.  0.  0.  0.  0.  0.  0.  0.  0. 61.  0.  0.  0.  0. 16.  9.  0.  0.
  0.  0.  0.  0.  0.  0.  0.  0.  0.  0.  0.  0.  0.  0.  0.  0.  0.  0.
  0.  0.  0.  0.  0.  0.  0.  0.  0.  0.  0.  0.  0.  0.  0.  0.  0.  0.
  0.  0.  0.  0.  0.  0.  0.  0.  0.  0.  0.  0.  0.  0.  0.  0.  0.  0.
  0.  0.  0.  0.  0.  0.  0.  0.  0.]