[ 0.  0.  0.  0.  0.  0.  0.  0.  0.  0.  0.  0.  0.  0.  0.  0.  0.  0.
  0.  0.  0.  0.  0.  0.  0.  0.  0.  0.  0.  0.  0.  0.  0.  0.  0.  0.
  0.  0.  0.  0.  0.  0.  0.  0.  0.  0.  0.  0. 32.  0.  0.  0. 26. 22.
 21.  0.  0.  0.  0.  0.  0.  0.  0.  0. 31. 18. 13. 17.  7.  0. 16.  0.
 15.  0.  0.  0.  0.  0. 35. 33. 25.  0. 12.  0.  3.  0. 14.  0.  0.  0.
  0.  0.  0.  0. 23. 24.  9.  0.  0.  0.  8.  0. 20.  0.  0.  0.  0.  0.
  0. 34.  0.  6.  1.  0. 10. 19.  0.  0.  0.  0.  0.  0.  0.  0.  0.  0.
  4.  0.  2.  5.  0.  0.  0.  0.  0.  0.  0.  0.  0.  0.  0. 29. 11. 27.
 30.  0.  0.  0.  0.  0.  0.  0.  0.  0.  0.  0.  0. 28.  0.  0.  0.  0.
  0.  0.  0.  0.  0.  0.  0.  0.  0.  0.  0.  0.  0.  0.  0.  0.  0.  0.
  0.  0.  0.  0.  0.  0.  0.  0.  0.  0.  0.  0.  0.  0.  0.  0.  0.  0.
  0.  0.  0.  0.  0.  0.  0.  0.  0.  0.  0.  0.  0.  0.  0.  0.  0.  0.
  0.  0.  0.  0.  0.  0.  0.  0.  0.]