[ 0.  0.  0.  0.  0.  0.  0.  0.  0.  0.  0.  0.  0.  0.  0.  0.  0.  0.
  0.  0.  0.  0.  0.  0.  0.  0.  0.  0.  0.  0.  0.  0.  0.  0.  0.  0.
  0.  0.  0.  0.  0.  0.  0.  0.  0.  0.  0.  0.  0.  0.  0.  0.  0.  0.
  0.  0.  0.  0.  0.  0.  0.  0.  0.  0.  0.  0.  0.  0.  0.  0.  0.  0.
  0.  0.  0.  0.  0.  0.  0.  0.  0.  0.  0.  0.  0.  0.  0.  0.  0.  0.
  0.  0.  0.  0.  0.  0.  0.  4.  2.  0.  0.  0.  0.  0.  0.  0.  0.  0.
  0.  0.  0.  0.  1. 10.  0.  8.  0.  0.  0.  0.  0.  0.  0.  0.  0.  0.
 12. 11.  5.  3.  0.  0.  0.  0.  0.  0.  0.  0.  0.  0.  0.  0.  0.  7.
  6.  0.  0.  0.  0.  0.  0.  0.  0.  0.  0.  0.  0.  0.  9. 13.  0.  0.
  0.  0.  0.  0.  0.  0.  0.  0.  0.  0.  0. 15.  0. 14.  0.  0.  0.  0.
  0.  0.  0.  0.  0.  0.  0.  0.  0.  0.  0.  0.  0.  0.  0.  0.  0.  0.
  0.  0.  0.  0.  0.  0.  0.  0.  0.  0.  0.  0.  0.  0.  0.  0.  0.  0.
  0.  0.  0.  0.  0.  0.  0.  0.  0.]