[ 0.  0.  0.  0.  0.  0.  0.  0.  0.  0.  0.  0.  0.  0.  0.  0.  0.  0.
  0.  0.  0.  0.  0.  0.  0.  0.  0.  0.  0.  0.  0.  0.  0.  0.  0.  0.
  0.  0.  0.  0.  0.  0.  0.  0.  0.  0.  0.  0. 37.  0.  0. 35.  0.  0.
  0.  0.  0.  0.  0.  0.  0.  0.  0. 36.  0. 34. 15.  0. 17. 18.  0.  0.
  0.  0.  0.  0.  0. 38. 30. 22. 41.  0.  6.  0.  3.  0.  0.  0.  0.  0.
  0.  0.  0. 32. 31. 21. 16.  9.  4.  0.  8. 29.  0.  0.  0.  0.  0.  0.
  0. 33. 12. 11.  1.  5. 27. 28.  0.  0.  0.  0.  0. 42.  0.  0. 19. 20.
  0. 13.  2. 10.  7.  0.  0.  0.  0.  0.  0.  0.  0. 39.  0. 14. 24. 25.
  0.  0.  0.  0.  0.  0.  0.  0.  0.  0. 40.  0.  0. 23.  0. 26.  0.  0.
  0.  0.  0.  0.  0.  0.  0.  0.  0.  0.  0.  0.  0.  0.  0.  0.  0.  0.
  0.  0.  0.  0.  0.  0.  0.  0.  0.  0.  0.  0.  0.  0.  0.  0.  0.  0.
  0.  0.  0.  0.  0.  0.  0.  0.  0.  0.  0.  0.  0.  0.  0.  0.  0.  0.
  0.  0.  0.  0.  0.  0.  0.  0.  0.]