[ 0.  0.  0.  0.  0.  0.  0.  0.  0.  0.  0.  0.  0.  0.  0.  0.  0.  0.
  0.  0.  0.  0.  0.  0.  0.  0.  0.  0.  0.  0.  0.  0.  0.  0.  0.  0.
  0.  0.  0.  0.  0.  0.  0.  0.  0.  0.  0.  0.  0.  0.  0.  0. 36.  0.
  0. 40.  0.  0.  0.  0.  0.  0.  0.  0.  0.  0.  0. 11.  0.  0. 41. 39.
  0.  0.  0.  0.  0.  0.  0.  9.  0. 10.  0.  7.  0. 38.  0.  0.  0.  0.
  0.  0.  0.  0.  0.  8.  0. 13.  6. 12. 26. 37.  0.  0.  0.  0.  0.  0.
 33. 32. 30.  4.  1. 14. 21. 27. 23.  0.  0.  0.  0.  0.  0. 34.  0. 31.
  5.  2. 19.  3. 20.  0.  0.  0.  0.  0.  0. 35.  0.  0. 28. 15.  0. 16.
 22. 24. 25.  0.  0.  0.  0.  0.  0.  0.  0.  0.  0.  0. 18. 17.  0.  0.
  0.  0.  0.  0.  0.  0.  0.  0.  0.  0. 29.  0.  0.  0.  0.  0.  0.  0.
  0.  0.  0.  0.  0.  0.  0.  0.  0.  0.  0.  0.  0.  0.  0.  0.  0.  0.
  0.  0.  0.  0.  0.  0.  0.  0.  0.  0.  0.  0.  0.  0.  0.  0.  0.  0.
  0.  0.  0.  0.  0.  0.  0.  0.  0.]