[ 0.  0.  0.  0.  0.  0.  0.  0.  0.  0.  0.  0.  0.  0.  0.  0.  0.  0.
  0.  0.  0.  0.  0.  0.  0.  0.  0.  0.  0.  0.  0.  0.  0.  0.  0.  0.
  0.  0. 15.  0.  0.  0.  0.  0.  0.  0.  0. 50.  0. 51.  0.  0. 24. 14.
 13. 19.  0.  0.  0.  0.  0.  0.  0. 49. 52. 34. 40. 21. 12. 18. 20.  0.
  0.  0.  0.  0.  0.  0. 59. 45. 60. 33.  7. 10.  3.  9.  0.  0.  0.  0.
  0.  0.  0. 44. 43. 37. 39. 23.  4.  0. 11.  0.  0.  0. 56.  0.  0.  0.
  0. 35. 36. 31.  1.  5.  6.  0. 57.  0. 55.  0.  0.  0.  0. 38. 46. 16.
 17.  8.  2. 25. 22.  0. 53.  0.  0.  0.  0.  0.  0. 41.  0. 32.  0. 28.
  0. 26. 29.  0. 58.  0.  0.  0.  0.  0. 42.  0. 61.  0.  0. 30. 27.  0.
  0.  0.  0.  0.  0.  0.  0.  0.  0.  0.  0. 64. 54.  0.  0.  0.  0.  0.
  0.  0.  0.  0.  0.  0.  0.  0. 47. 62.  0.  0.  0.  0.  0.  0.  0.  0.
  0.  0.  0.  0. 48.  0. 63.  0.  0.  0.  0.  0.  0.  0.  0.  0.  0.  0.
  0.  0.  0.  0.  0.  0.  0.  0.  0.]