[ 0.  0.  0.  0.  0.  0.  0.  0.  0.  0.  0.  0.  0.  0.  0.  0.  0.  0.
  0.  0.  0.  0.  0. 30.  0.  0.  0.  0.  0.  0.  0.  0. 39.  0.  0.  0.
  0. 25. 21. 26.  0.  0.  0.  0.  0.  0.  0.  0. 38.  0.  0. 15. 18. 27.
  0.  0.  0.  0.  0.  0.  0.  0.  0. 35. 34. 29. 14.  7.  0. 13.  0.  0.
  0.  0.  0.  0.  0. 36.  0. 31. 20.  8. 17. 10. 11. 28.  0.  0.  0.  0.
  0.  0.  0. 32. 33.  5.  6. 43. 12.  3.  0.  0.  0.  0.  0.  0.  0.  0.
  0. 37.  0.  4.  1. 22. 16.  0.  0.  0.  0.  0.  0.  0.  0.  0.  0. 42.
  9.  2. 23.  0.  0.  0.  0.  0.  0.  0.  0.  0.  0. 40. 19.  0.  0.  0.
  0.  0.  0.  0.  0.  0.  0.  0.  0. 45. 24. 41.  0.  0.  0.  0.  0.  0.
  0.  0.  0.  0.  0.  0.  0. 47. 44.  0.  0.  0.  0.  0.  0.  0.  0.  0.
  0.  0.  0.  0. 46.  0. 48.  0.  0.  0.  0.  0.  0.  0.  0.  0.  0.  0.
  0.  0.  0.  0.  0.  0.  0.  0.  0.  0.  0.  0.  0.  0.  0.  0.  0.  0.
  0.  0.  0.  0.  0.  0.  0.  0.  0.]