[ 0.  0.  0.  0.  0.  0.  0.  0.  0.  0.  0.  0.  0.  0.  0.  0.  0.  0.
  0.  0.  0.  0.  0.  0.  0.  0.  0.  0.  0.  0.  0.  0.  0.  0.  0.  0.
  0.  0.  0.  0.  0.  0.  0.  0.  0.  0.  0.  0.  0.  0.  0. 39. 40.  0.
 41.  0.  0.  0.  0.  0.  0.  0.  0.  0.  0.  0.  0.  0.  0. 38.  0.  0.
  0.  0.  0.  0.  0.  0.  0.  0.  0. 24. 37.  0.  0.  0.  0.  0.  0.  0.
  0.  0.  0.  0.  0. 11.  6. 23. 16. 22. 29.  0.  0.  0.  0.  0.  0.  0.
  0.  0. 35.  4.  1. 21. 36. 30.  0. 32.  0.  0.  0.  0.  0.  0.  0. 14.
 15.  2.  0.  3.  0. 31.  0.  0. 56.  0.  0.  0. 33. 17. 34.  7. 25.  8.
  5. 27.  0.  0.  0.  0.  0.  0.  0.  0. 18. 45. 19.  0. 12.  9. 49. 28.
 48.  0.  0.  0.  0.  0.  0. 47. 26. 46.  0. 13. 10. 43. 54.  0.  0.  0.
  0.  0.  0.  0.  0. 44. 51. 20. 50. 42. 52. 53.  0.  0.  0.  0.  0.  0.
  0.  0.  0.  0.  0.  0. 55.  0.  0.  0.  0.  0.  0.  0.  0.  0.  0.  0.
  0.  0.  0.  0.  0.  0.  0.  0.  0.]