[ 0.  0.  0.  0.  0.  0.  0.  0.  0.  0.  0.  0.  0.  0.  0.  0.  0.  0.
  0.  0.  0.  0.  0.  0.  0.  0.  0.  0.  0.  0.  0.  0.  0.  0.  0.  0.
  0.  0.  0.  0.  0.  0.  0.  0.  0.  0.  0.  0.  0.  0.  0.  0. 16. 11.
  0.  0.  0.  0.  0.  0.  0.  0.  0.  0.  0.  0.  5. 10.  9.  0.  0.  0.
  0.  0.  0.  0.  0.  0.  0.  0. 15.  4.  6.  7.  0.  0.  0.  0.  0.  0.
  0.  0.  0.  0.  0.  8.  2. 13. 12.  0.  0.  0.  0.  0.  0.  0.  0.  0.
 22. 17.  0. 14.  1.  0.  0.  0.  0.  0.  0.  0.  0.  0.  0.  0. 20.  3.
 19.  0.  0. 26.  0.  0.  0.  0.  0.  0.  0.  0. 21.  0. 23. 18.  0. 25.
  0.  0.  0.  0.  0.  0.  0.  0.  0.  0.  0.  0.  0.  0.  0.  0.  0.  0.
  0.  0.  0.  0.  0.  0.  0.  0. 24.  0.  0.  0.  0.  0.  0.  0.  0.  0.
  0.  0.  0.  0.  0.  0.  0.  0.  0.  0.  0.  0.  0.  0.  0.  0.  0.  0.
  0.  0.  0.  0.  0.  0.  0.  0.  0.  0.  0.  0.  0.  0.  0.  0.  0.  0.
  0.  0.  0.  0.  0.  0.  0.  0.  0.]