[ 0.  0.  0.  0. 93.  0.  0.  0.  0.  0.  0.  0.  0.  0.  0.  0.  0.  0.
  0. 90.  0.  0.  0.  0.  0.  0.  0.  0.  0.  0.  0. 88.  0. 89. 78.  0.
  0.  0.  0. 53.  0.  0.  0.  0.  0.  0.  0. 85. 77. 92. 91.  0.  0. 59.
 50. 49.  0.  0.  0.  0.  0.  0. 45. 87. 86. 46. 84. 60. 47. 52. 51. 58.
  0.  0.  0.  0.  0.  0. 44. 41.  0.  0. 83. 80. 48. 54. 57. 56.  0.  0.
  0.  0.  0.  0. 38. 15. 35. 14. 79. 81. 82. 55. 63. 64.  0.  0.  0.  0.
 37. 16. 10. 34.  1.  9. 61.  0.  0. 65. 75.  0.  0.  0.  0.  0. 40.  7.
  6.  2.  4. 11. 73. 62. 66. 20. 76.  0.  0.  0. 94. 43.  5. 28.  3.  8.
  0. 18. 74. 19.  0.  0.  0.  0. 97.  0. 42.  0. 39. 27.  0. 12. 33. 17.
 31. 70. 69.  0.  0.  0.  0.  0. 95.  0.  0. 21. 22. 13. 36. 32. 71.  0.
  0.  0.  0.  0.  0. 96.  0.  0.  0. 23. 68. 26. 25.  0.  0.  0.  0.  0.
  0.  0.  0.  0.  0. 24.  0. 29. 72.  0.  0.  0.  0.  0.  0.  0.  0.  0.
  0.  0.  0.  0. 67. 30.  0.  0.  0.]