[ 0.  0.  0.  0.  0.  0.  0.  0.  0.  0.  0.  0.  0.  0.  0.  0.  0.  0.
  0.  0.  0.  0.  0.  0.  0.  0.  0.  0.  0.  0.  0.  0.  0.  0.  0.  0.
  0.  0.  0.  0.  0.  0.  0.  0.  0.  0.  0.  0.  0.  0.  0.  0.  0.  0.
  0.  0.  0.  0.  0.  0.  0.  0.  0.  0.  0.  0.  0.  0. 23.  0.  0.  0.
  0.  0.  0.  0.  0.  0.  0.  0. 30.  0.  3. 22. 10.  0. 36.  0.  0.  0.
  0.  0.  0.  0.  0. 29. 28.  0.  8.  9.  0. 14.  0.  0.  0.  0.  0.  0.
  0.  0. 27.  6.  1. 12.  7. 11.  0. 34.  0.  0.  0.  0.  0.  0.  0. 25.
  0.  2.  4.  5.  0.  0.  0. 35.  0.  0.  0.  0.  0.  0. 32.  0.  0. 13.
 16. 19.  0.  0.  0.  0.  0.  0.  0.  0.  0. 31.  0. 26.  0. 15. 17. 18.
  0.  0.  0.  0.  0.  0.  0.  0.  0.  0. 33. 21.  0. 20.  0.  0.  0.  0.
  0.  0.  0.  0.  0.  0.  0. 24.  0.  0.  0.  0.  0.  0.  0.  0.  0.  0.
  0.  0.  0.  0.  0.  0.  0.  0.  0.  0.  0.  0.  0.  0.  0.  0.  0.  0.
  0.  0.  0.  0.  0.  0.  0.  0.  0.]