[ 0.  0.  0.  0.  0.  0.  0.  0.  0.  0.  0.  0.  0.  0.  0.  0.  0.  0.
  0.  0.  0.  0.  0.  0.  0.  0.  0.  0.  0.  0.  0.  0.  0.  0.  0.  0.
  0.  0.  0.  0.  0.  0.  0.  0.  0.  0.  0.  0.  0.  0.  0.  0.  0.  0.
  0.  0.  0.  0.  0.  0.  0.  0.  0.  0.  0.  0.  0.  0. 14.  0.  0.  0.
  0.  0.  0.  0.  0.  0.  0.  0.  0. 10.  9.  3.  0.  0.  0.  0.  0.  0.
  0.  0.  0.  0. 12.  0. 13.  0.  6.  0.  0.  0.  0.  0.  0.  0.  0.  0.
  0.  0. 11.  4.  1.  0.  0.  0.  0.  0.  0.  0.  0.  0.  0.  0. 16. 18.
  5. 23.  2.  0.  0.  0.  0.  0.  0.  0.  0.  0.  0. 20. 15. 19.  7.  0.
  0.  0.  0.  0.  0.  0.  0.  0.  0.  0. 21. 17.  0.  8.  0.  0.  0.  0.
  0.  0.  0.  0.  0.  0. 22.  0.  0.  0.  0.  0.  0.  0.  0.  0.  0.  0.
  0.  0.  0.  0.  0.  0.  0.  0.  0.  0.  0.  0.  0.  0.  0.  0.  0.  0.
  0.  0.  0.  0.  0.  0.  0.  0.  0.  0.  0.  0.  0.  0.  0.  0.  0.  0.
  0.  0.  0.  0.  0.  0.  0.  0.  0.]