[ 0.  0.  0.  0.  0.  0.  0.  0.  0.  0.  0.  0.  0.  0.  0.  0.  0.  0.
  0.  0.  0.  0.  0.  0.  0.  0.  0.  0.  0.  0.  0.  0.  0.  0.  0.  0.
  0.  0.  0.  0.  0.  0.  0.  0.  0.  0.  0.  0.  0.  0.  0.  0.  0.  0.
  0.  0.  0.  0.  0.  0.  0.  0.  0.  0.  0.  0.  0.  0.  0.  0.  0.  0.
  0.  0.  0.  0.  0.  0.  0.  0.  0.  0.  0.  3.  0.  0.  0.  0.  0.  0.
  0.  0.  0.  0.  0.  0.  0.  0.  6.  0.  0.  0.  0.  0.  0.  0.  0.  0.
  0.  0.  0.  4.  1.  0.  9. 10.  0.  0.  0.  0.  0.  0.  0.  0. 18.  0.
  5.  0.  2.  0.  0.  0.  0.  0.  0.  0.  0. 20. 17. 19. 11.  0.  8.  7.
 25.  0.  0.  0.  0.  0.  0.  0. 38. 36. 12. 30. 15. 21. 24. 23.  0.  0.
  0.  0.  0.  0.  0.  0.  0. 37. 14. 13.  0. 31. 26.  0.  0.  0.  0.  0.
  0.  0.  0.  0.  0. 22. 16. 27.  0.  0.  0.  0.  0.  0.  0.  0.  0.  0.
  0. 35. 32. 34. 28.  0.  0.  0.  0.  0.  0.  0.  0.  0.  0.  0.  0. 33.
  0.  0. 29.  0.  0.  0.  0.  0.  0.]