[ 0.  0.  0.  0.  0.  0.  0.  0.  0.  0.  0.  0.  0.  0.  0.  0.  0.  0.
  0.  0.  0.  0.  0.  0.  0.  0.  0.  0.  0.  0.  0.  0.  0.  0.  0.  0.
  0.  0.  0.  0.  0.  0.  0.  0.  0.  0.  0.  0.  0.  0.  0.  0. 29.  0.
  0.  0.  0.  0.  0.  0.  0.  0.  0.  0.  0.  0.  0.  0.  0.  0.  0.  0.
  0.  0.  0.  0.  0.  0.  0.  0.  0. 12.  3.  5.  0.  0.  0.  0.  0.  0.
  0.  0.  0.  0.  0. 19.  0.  0. 10.  0.  0.  0.  0.  0.  0.  0.  0.  0.
  0.  0.  0.  8.  1. 11.  0. 18. 17. 28.  0.  0.  0.  0.  0.  0.  0.  0.
  7.  2.  6. 15.  0. 14. 24. 26.  0.  0.  0.  0.  0.  0.  0.  0.  0.  4.
  0. 13.  0. 20.  0.  0.  0.  0.  0.  0.  0.  0.  0.  0.  0.  9.  0. 16.
  0. 21.  0.  0.  0.  0.  0.  0.  0.  0.  0. 23. 22. 27.  0. 25.  0.  0.
  0.  0.  0.  0.  0.  0.  0.  0.  0.  0.  0.  0.  0.  0.  0.  0.  0.  0.
  0.  0.  0.  0.  0.  0.  0.  0.  0.  0.  0.  0.  0.  0.  0.  0.  0.  0.
  0.  0.  0.  0.  0.  0.  0.  0.  0.]