[ 0.  0.  0.  0.  0.  0.  0.  0.  0.  0.  0.  0.  0.  0.  0.  0.  0.  0.
  0.  0.  0.  0.  0.  0.  0.  0. 65.  0.  0.  0.  0.  0.  0.  0.  0.  0.
  0.  0.  0. 79. 64. 70. 78.  0.  0.  0.  0.  0. 61.  0.  0.  0. 41. 39.
 52. 80.  0. 77.  0.  0.  0.  0. 60. 62. 58. 63.  0. 48. 40. 49. 73. 51.
 71. 74.  0.  0.  0.  0. 59.  0. 28. 47. 42.  3. 10. 50. 76. 67. 66. 72.
  0.  0.  0.  0. 31. 25. 43. 44.  9. 24. 23. 21. 55. 53. 56.  0.  0.  0.
  0. 29.  0.  8.  1.  0. 11. 20. 22. 54. 69. 68.  0.  0. 57. 30. 34. 38.
  5. 12.  2. 18. 14. 19.  0.  0. 75.  0.  0. 46.  0.  0. 35.  7.  6.  4.
  0. 15.  0.  0.  0.  0.  0.  0.  0. 45. 36. 37. 26. 32. 17. 13.  0.  0.
  0.  0.  0.  0.  0.  0.  0.  0. 27. 33.  0. 16.  0.  0.  0.  0.  0.  0.
  0.  0.  0.  0.  0.  0.  0.  0.  0.  0.  0.  0.  0.  0.  0.  0.  0.  0.
  0.  0.  0.  0.  0.  0.  0.  0.  0.  0.  0.  0.  0.  0.  0.  0.  0.  0.
  0.  0.  0.  0.  0.  0.  0.  0.  0.]