[ 0.  0.  0.  0.  0.  0.  0.  0.  0.  0.  0.  0.  0.  0.  0.  0.  0.  0.
  0.  0.  0. 58.  0.  0.  0.  0.  0.  0.  0.  0.  0.  0.  0.  0.  0.  0.
 59.  0.  0.  0. 56. 52.  0.  0.  0.  0.  0.  0.  0.  0.  0. 48.  0. 50.
  0. 51.  0.  0.  0.  0.  0.  0.  0. 60.  0.  0. 40.  0. 62. 47. 55. 61.
  0.  0.  0.  0.  0.  0. 57.  0.  0. 26.  3.  5.  0. 53. 54. 63.  0.  0.
  0. 46.  0.  0. 42. 25. 49.  0. 10.  0.  0. 27.  0.  0.  0.  0. 39. 41.
 43.  0. 32.  8.  1. 11. 13. 16.  0.  0.  0.  0.  0.  0. 38. 33. 37. 31.
  7.  2.  6. 14. 17.  0.  0.  0.  0.  0.  0.  0. 30.  0. 19.  0. 12.  4.
  0.  0.  0.  0.  0.  0. 44. 45. 36. 28. 22. 29. 18. 15.  0.  9.  0.  0.
  0.  0.  0.  0.  0.  0.  0. 35. 20. 34.  0. 24.  0.  0.  0.  0.  0.  0.
  0.  0.  0.  0. 21.  0. 23.  0.  0.  0.  0.  0.  0.  0.  0.  0.  0.  0.
  0.  0.  0.  0.  0.  0.  0.  0.  0.  0.  0.  0.  0.  0.  0.  0.  0.  0.
  0.  0.  0.  0.  0.  0.  0.  0.  0.]