[ 0.  0.  0.  0.  0.  0.  0.  0.  0.  0.  0.  0.  0.  0.  0.  0.  0.  0.
  0.  0.  0.  0.  0.  0.  0.  0.  0.  0.  0.  0.  0.  0.  0.  0.  0.  0.
  0.  0.  0.  0.  0.  0.  0.  0.  0.  0.  0.  0.  0.  0.  0.  0.  0.  0.
  0.  0.  0.  0.  0.  0.  0.  0.  0.  0.  0.  0.  0.  0.  0.  0.  0.  0.
  0.  0.  0.  0.  0.  0.  0.  0.  0.  0. 27.  0.  0.  0.  0.  0.  0.  0.
  0.  0.  0.  0.  0. 26. 28.  0. 29.  0.  0.  0.  0.  0.  0.  0.  0.  0.
 22.  0. 25.  0.  1.  0. 13. 14.  0.  0.  0.  0.  0.  0.  0. 24. 21. 23.
 15.  0.  2.  0.  0.  0.  0.  0.  0.  0.  0.  0.  0.  0. 17. 20. 10.  5.
  0.  0.  8.  0.  0.  0.  0.  0.  0.  0. 18.  0. 19.  9.  4.  6.  7.  0.
  0.  0.  0.  0.  0.  0.  0.  0.  0. 11.  0. 16.  3.  0.  0.  0.  0.  0.
  0.  0.  0.  0.  0. 12.  0.  0.  0.  0.  0.  0.  0.  0.  0.  0.  0.  0.
  0.  0.  0.  0.  0.  0.  0.  0.  0.  0.  0.  0.  0.  0.  0.  0.  0.  0.
  0.  0.  0.  0.  0.  0.  0.  0.  0.]