[ 0.  0.  0.  0.  0.  0.  0.  0.  0.  0.  0.  0.  0.  0.  0.  0.  0.  0.
  0.  0.  0.  0. 51. 50.  0.  0.  0.  0.  0.  0.  0.  0.  0.  0.  0.  0.
  0. 42. 47. 61.  0.  0.  0.  0.  0.  0.  0.  0.  0.  0.  0. 39. 36. 35.
 46.  0.  0.  0.  0.  0.  0.  0.  0. 40.  0. 41.  0. 48. 49. 34.  0. 17.
  0.  0.  0.  0.  0.  0. 43. 33.  0. 38.  0.  5. 60. 16. 18. 53. 52.  0.
  0.  0.  0.  0.  0. 37. 14.  9.  4. 12. 15. 59. 55.  0.  0.  0.  0.  0.
 28.  0.  0.  7.  1.  8.  3.  0. 54. 58. 62.  0.  0.  0.  0.  0. 23. 10.
  0.  2. 11.  0. 44. 57.  0. 56.  0.  0.  0.  0.  0. 29. 27. 13. 22.  6.
 32. 45.  0.  0.  0.  0.  0.  0.  0.  0. 30. 26. 21. 25.  0. 19. 20.  0.
  0.  0.  0.  0.  0.  0.  0.  0.  0. 24.  0.  0. 31.  0.  0.  0.  0.  0.
  0.  0.  0.  0.  0.  0.  0.  0.  0.  0.  0.  0.  0.  0.  0.  0.  0.  0.
  0.  0.  0.  0.  0.  0.  0.  0.  0.  0.  0.  0.  0.  0.  0.  0.  0.  0.
  0.  0.  0.  0.  0.  0.  0.  0.  0.]