[ 0.  0.  0.  0.  0.  0.  0.  0.  0.  0.  0.  0.  0.  0.  0.  0.  0.  0.
  0.  0.  0.  0.  0.  0.  0.  0.  0.  0.  0.  0.  0.  0.  0.  0. 20.  0.
 25. 14.  0. 12.  0.  0.  0.  0.  0.  0.  0.  0.  0.  0. 19.  0.  0. 11.
  0.  0.  0.  0.  0.  0.  0.  0.  0. 24. 23. 21. 15.  7. 16. 13.  0.  0.
  0.  0.  0.  0.  0.  0.  0.  0. 22.  5.  3.  6.  0.  0.  0.  0.  0.  0.
  0.  0.  0.  0.  0.  9.  4.  8. 17.  0.  0.  0.  0.  0.  0.  0.  0.  0.
  0. 10.  0.  0.  1.  0. 18.  0.  0.  0.  0.  0.  0.  0.  0.  0.  0.  0.
  0.  2.  0.  0.  0.  0.  0.  0.  0.  0.  0.  0.  0.  0.  0.  0.  0.  0.
  0.  0.  0.  0.  0.  0.  0.  0.  0.  0.  0.  0.  0.  0.  0.  0.  0.  0.
  0.  0.  0.  0.  0.  0.  0.  0.  0.  0.  0.  0.  0.  0.  0.  0.  0.  0.
  0.  0.  0.  0.  0.  0.  0.  0.  0.  0.  0.  0.  0.  0.  0.  0.  0.  0.
  0.  0.  0.  0.  0.  0.  0.  0.  0.  0.  0.  0.  0.  0.  0.  0.  0.  0.
  0.  0.  0.  0.  0.  0.  0.  0.  0.]