[ 0.  0.  0.  0.  0.  0.  0.  0.  0.  0.  0.  0.  0.  0.  0.  0.  0.  0.
  0.  0.  0.  0.  0.  0.  0.  0.  0.  0.  0.  0.  0.  0. 69. 68.  0. 58.
  0. 67.  0.  0.  0.  0.  0.  0.  0.  0.  0.  0. 54. 64. 37. 63. 22.  0.
  0.  0.  0.  0.  0.  0.  0.  0. 55. 56. 59. 16.  0. 28. 21.  0.  0.  0.
  0.  0.  0.  0. 36. 65. 57. 33. 66.  9.  4.  0. 19.  0.  0.  0.  0.  0.
 61.  0. 60. 24. 34. 23.  6.  3. 20.  0.  0.  0. 77.  0.  0.  0. 35.  0.
 25. 27. 14.  8.  1.  7.  5.  0. 76.  0.  0.  0. 62.  0. 31. 29. 15. 32.
 13.  2. 12. 10. 74. 75.  0.  0.  0.  0.  0. 30. 44. 40. 17. 49. 39. 11.
 50.  0. 73.  0.  0.  0.  0.  0.  0. 41. 18. 46. 26.  0. 88. 53. 71. 72.
  0.  0.  0.  0.  0.  0. 43. 42. 38. 85. 51. 48.  0. 79. 70. 78.  0.  0.
  0.  0.  0.  0.  0.  0. 45. 52. 86. 87. 82. 80. 83.  0.  0.  0.  0.  0.
  0. 47.  0.  0.  0. 84.  0. 81.  0.  0.  0.  0.  0.  0.  0.  0.  0.  0.
  0.  0.  0.  0.  0.  0.  0.  0.  0.]