[ 0.  0.  0.  0.  0.  0.  0.  0.  0.  0.  0.  0.  0.  0.  0.  0.  0.  0.
  0.  0.  0.  0.  0.  0.  0.  0. 23.  0.  0.  0.  0.  0.  0.  0.  0.  0.
  0.  0.  0.  0. 17.  0.  0.  0.  0.  0.  0.  0.  0.  0.  0.  0.  0.  0.
 21. 18. 10.  0.  0.  0.  0.  0.  0.  0.  0.  0.  0.  0. 15.  0.  9.  0.
  0.  0.  0.  0.  0.  0.  0.  0.  0. 20. 19.  3.  7. 11. 12.  0.  0.  0.
  0.  0.  0.  0.  0.  0. 22.  0.  5.  0. 13.  0.  0.  0.  0.  0.  0.  0.
  0.  0.  0.  4.  1.  6.  0. 14. 16.  0.  0.  0.  0.  0.  0.  0.  0.  0.
  8.  2.  0.  0.  0.  0.  0.  0.  0.  0.  0.  0.  0.  0.  0.  0.  0.  0.
  0.  0.  0.  0.  0.  0.  0.  0.  0.  0.  0.  0.  0.  0.  0.  0.  0.  0.
  0.  0.  0.  0.  0.  0.  0.  0.  0.  0.  0.  0.  0.  0.  0.  0.  0.  0.
  0.  0.  0.  0.  0.  0.  0.  0.  0.  0.  0.  0.  0.  0.  0.  0.  0.  0.
  0.  0.  0.  0.  0.  0.  0.  0.  0.  0.  0.  0.  0.  0.  0.  0.  0.  0.
  0.  0.  0.  0.  0.  0.  0.  0.  0.]