[ 0.  0.  0.  0.  0.  0.  0.  0.  0.  0.  0.  0.  0.  0.  0.  0.  0.  0.
  0.  0.  0.  0.  0.  0.  0.  0.  0.  0.  0.  0.  0.  0.  0.  0.  0.  0.
  0.  0.  0.  0.  0.  0.  0.  0.  0.  0.  0.  0.  0.  0.  0. 30.  0.  0.
 33.  0. 38.  0.  0.  0.  0.  0.  0.  0.  0.  0.  0.  0. 34. 32.  0.  0.
 29.  0.  0.  0.  0.  0.  0.  0.  0. 20.  3.  5.  0.  0. 22. 36. 35.  0.
  0.  0.  0.  0.  0. 19. 31.  0. 10. 16. 12. 17.  0.  0.  0.  0.  0.  0.
  0.  0. 18.  8.  1. 11. 39. 37. 21.  0.  0.  0.  0.  0.  0.  0.  0.  0.
  7.  2.  6. 13. 23. 28.  0.  0.  0.  0.  0.  0.  0.  0.  0.  0. 15.  4.
 24. 14. 25.  0.  0.  0.  0.  0.  0.  0.  0.  0.  0.  0.  0.  9. 26. 27.
  0.  0.  0.  0.  0.  0.  0.  0.  0.  0.  0.  0.  0.  0.  0.  0.  0.  0.
  0.  0.  0.  0.  0.  0.  0.  0.  0.  0.  0.  0.  0.  0.  0.  0.  0.  0.
  0.  0.  0.  0.  0.  0.  0.  0.  0.  0.  0.  0.  0.  0.  0.  0.  0.  0.
  0.  0.  0.  0.  0.  0.  0.  0.  0.]