[ 0.  0.  0.  0.  0.  0.  0.  0.  0.  0.  0.  0.  0.  0.  0.  0.  0.  0.
  0.  0.  0.  0.  0.  0.  0.  0.  0.  0.  0.  0.  0.  0.  0.  0.  0.  0.
  0.  0.  0.  0.  0.  0.  0.  0.  0.  0.  0.  0.  0.  0.  0.  0.  0.  0.
  0.  0.  0.  0.  0.  0.  0.  0.  0.  0.  0.  0.  0.  0.  0.  0.  0.  0.
  0.  0.  0.  0.  0.  0.  0.  0.  0.  0.  0.  0.  0.  0.  0.  0.  0.  0.
  0.  0.  0.  0.  0.  0.  0.  3.  8.  0.  0.  0.  0.  0.  0.  0.  0.  0.
  0.  0.  0. 10.  1.  0.  9. 20.  0.  0.  0.  0.  0.  0.  0.  0.  0.  0.
  7.  2.  4.  6.  0. 11.  0.  0.  0.  0.  0.  0.  0.  0.  0.  0.  0.  5.
  0. 14. 12. 19.  0.  0.  0.  0.  0.  0.  0.  0.  0.  0.  0.  0. 18. 16.
  0.  0.  0.  0.  0.  0.  0.  0.  0.  0. 13.  0. 15.  0.  0. 17.  0.  0.
  0.  0.  0.  0.  0.  0.  0.  0.  0.  0.  0.  0.  0.  0.  0.  0.  0.  0.
  0.  0.  0.  0.  0.  0.  0.  0.  0.  0.  0.  0.  0.  0.  0.  0.  0.  0.
  0.  0.  0.  0.  0.  0.  0.  0.  0.]