[ 0.  0.  0.  0.  0.  0.  0.  0.  0.  0.  0.  0.  0.  0.  0.  0.  0.  0.
  0.  0.  0.  0.  0.  0. 34.  0.  0.  0.  0.  0.  0.  0.  0.  0.  0.  0.
  0.  0.  0. 33.  0. 32.  0.  0.  0.  0.  0.  0.  0.  0.  0.  0.  0.  0.
 29. 27. 30.  0.  0.  0.  0.  0.  0.  0.  0.  0.  0.  0.  0. 31. 28.  0.
  0.  0.  0.  0.  0.  0.  0.  0.  0.  0.  8.  7.  5. 23.  0. 35.  0.  0.
  0.  0.  0.  0.  0.  0.  0. 11.  6. 10. 25. 22. 24.  0.  0.  0.  0.  0.
  0.  0.  0. 16.  1.  4.  9.  0. 19. 21.  0.  0.  0.  0.  0.  0.  0.  0.
  0. 14.  2.  3. 20.  0. 26.  0.  0.  0.  0.  0.  0.  0.  0. 15.  0. 12.
  0.  0.  0.  0.  0.  0.  0.  0.  0.  0.  0.  0.  0. 18. 13. 17.  0.  0.
  0.  0.  0.  0.  0.  0.  0.  0.  0.  0.  0.  0.  0.  0.  0.  0.  0.  0.
  0.  0.  0.  0.  0.  0.  0.  0.  0.  0.  0.  0.  0.  0.  0.  0.  0.  0.
  0.  0.  0.  0.  0.  0.  0.  0.  0.  0.  0.  0.  0.  0.  0.  0.  0.  0.
  0.  0.  0.  0.  0.  0.  0.  0.  0.]