[ 0.  0.  0.  0.  0.  0.  0.  0.  0.  0.  0.  0.  0.  0.  0.  0.  0.  0.
  0. 53.  0.  0.  0.  0.  0.  0.  0.  0.  0.  0.  0.  0.  0.  0.  0. 52.
  0.  0.  0.  0.  0.  0.  0.  0.  0.  0.  0.  0.  0.  0. 57. 50.  0.  0.
  0.  0.  0.  0.  0.  0.  0.  0.  0.  0. 58.  0. 51. 18.  0.  0.  0.  0.
  0. 56.  0.  0.  0.  0. 49. 54.  0.  0. 17.  0.  0. 36.  0. 55.  0.  0.
  0.  0.  0.  0. 42. 11. 10.  8.  0.  0. 19. 23. 34.  0.  0.  0.  0.  0.
 39.  0. 12. 15.  1.  5. 16. 33. 24. 31.  0.  0.  0.  0. 41. 28. 40.  9.
  6.  2.  4.  7. 20.  0.  0.  0.  0.  0.  0.  0.  0. 25.  0. 14. 13. 30.
  3. 22. 21.  0.  0.  0.  0.  0.  0. 26.  0. 27. 37. 29.  0. 32.  0.  0.
  0.  0.  0.  0.  0.  0.  0.  0. 38.  0. 44. 45.  0. 35. 48.  0.  0.  0.
  0.  0.  0.  0.  0.  0.  0.  0. 43. 46.  0.  0.  0.  0.  0.  0.  0.  0.
  0.  0.  0.  0.  0.  0. 47.  0.  0.  0.  0.  0.  0.  0.  0.  0.  0.  0.
  0.  0.  0.  0.  0.  0.  0.  0.  0.]