[ 0.  0.  0.  0.  0.  0.  0.  0.  0.  0.  0.  0.  0.  0.  0.  0.  0.  0.
  0.  0.  0.  0.  0.  0.  0.  0.  0.  0.  0.  0.  0.  0.  0.  0.  0.  0.
  0.  0.  0.  0.  0.  0.  0.  0.  0.  0.  0.  0.  0.  0.  0.  0.  0.  0.
  0.  0.  0.  0.  0.  0.  0.  0.  0.  0.  0. 16.  0.  0.  0.  0.  0.  0.
  0.  0.  0.  0.  0.  0. 13. 18. 17.  9.  0.  0.  0.  0.  0.  0.  0.  0.
  0.  0.  0.  0. 12. 14.  8. 15.  0.  3.  0.  0.  0.  0.  0.  0.  0.  0.
  0.  0. 10.  4.  1.  0.  0.  0.  0.  0.  0.  0.  0.  0.  0.  0. 11.  0.
  6.  2.  7.  0.  0.  0.  0.  0.  0.  0.  0.  0.  0.  0.  0.  0.  0.  5.
  0.  0.  0.  0.  0.  0.  0.  0.  0.  0.  0.  0.  0.  0.  0.  0.  0.  0.
  0.  0.  0.  0.  0.  0.  0.  0.  0.  0.  0.  0.  0.  0.  0.  0.  0.  0.
  0.  0.  0.  0.  0.  0.  0.  0.  0.  0.  0.  0.  0.  0.  0.  0.  0.  0.
  0.  0.  0.  0.  0.  0.  0.  0.  0.  0.  0.  0.  0.  0.  0.  0.  0.  0.
  0.  0.  0.  0.  0.  0.  0.  0.  0.]