[ 0.  0.  0.  0.  0.  0.  0.  0.  0.  0.  0.  0.  0.  0.  0.  0.  0.  0.
  0.  0.  0.  0.  0.  0.  0.  0.  0.  0.  0.  0.  0.  0.  0.  0.  0.  0.
  0.  0.  0.  0.  0. 24.  0.  0.  0.  0.  0.  0.  0.  0.  0.  0. 19. 25.
  0. 23.  0.  0.  0.  0.  0.  0.  0.  0.  0. 18.  0.  0. 21. 15.  0.  0.
  0.  0.  0.  0.  0.  0.  0.  0.  0. 17. 20.  3. 22.  8.  0.  0.  0.  0.
  0.  0.  0.  0.  0.  0.  0. 13.  0.  6.  7.  0.  0.  0.  0.  0.  0.  0.
  0.  0.  0. 16.  1.  9. 10.  5.  0.  0.  0.  0.  0.  0.  0.  0.  0.  0.
  4. 14.  2. 11.  0.  0.  0.  0.  0.  0.  0.  0.  0.  0.  0.  0.  0.  0.
  0. 12.  0.  0.  0.  0.  0.  0.  0.  0.  0.  0.  0.  0.  0.  0.  0.  0.
  0.  0.  0.  0.  0.  0.  0.  0.  0.  0.  0.  0.  0.  0.  0.  0.  0.  0.
  0.  0.  0.  0.  0.  0.  0.  0.  0.  0.  0.  0.  0.  0.  0.  0.  0.  0.
  0.  0.  0.  0.  0.  0.  0.  0.  0.  0.  0.  0.  0.  0.  0.  0.  0.  0.
  0.  0.  0.  0.  0.  0.  0.  0.  0.]