[ 0.  0.  0.  0.  0.  0.  0.  0.  0.  0.  0.  0.  0.  0.  0.  0.  0.  0.
  0.  0.  0.  0.  0.  0.  0.  0.  0.  0.  0.  0.  0.  0.  0.  0.  0.  0.
  0. 34.  0.  0. 37. 36.  0.  0.  0.  0.  0.  0.  0.  0.  0.  0.  0. 33.
  0. 35.  0.  0.  0.  0.  0.  0.  0.  0.  0.  0.  0. 12. 39. 13.  0.  0.
  0.  0.  0.  0.  0.  0.  0. 31. 32. 11. 29.  3. 30.  7.  0.  0.  0.  0.
  0.  0.  0.  0.  0.  9. 10.  5.  0.  6. 38.  0.  0.  0.  0.  0.  0.  0.
  0.  0. 28.  8.  1.  4.  0.  0.  0.  0.  0.  0.  0.  0.  0.  0. 26. 27.
 16.  2. 18. 19.  0.  0.  0.  0.  0.  0.  0.  0.  0.  0. 25. 14. 24. 20.
  0.  0.  0.  0.  0.  0.  0.  0.  0.  0.  0. 15. 17.  0. 21. 22.  0.  0.
  0.  0.  0.  0.  0.  0.  0.  0.  0.  0.  0.  0.  0. 23.  0.  0.  0.  0.
  0.  0.  0.  0.  0.  0.  0.  0.  0.  0.  0.  0.  0.  0.  0.  0.  0.  0.
  0.  0.  0.  0.  0.  0.  0.  0.  0.  0.  0.  0.  0.  0.  0.  0.  0.  0.
  0.  0.  0.  0.  0.  0.  0.  0.  0.]