[ 0.  0.  0.  0.  0.  0.  0.  0.  0.  0.  0.  0.  0.  0.  0.  0.  0.  0.
  0.  0.  0.  0.  0.  0.  0.  0.  0.  0.  0.  0.  0.  0.  0.  0.  0.  0.
  0.  0.  0.  0.  0.  0.  0.  0.  0.  0.  0.  0.  0.  0.  0.  0.  0.  0.
  0.  0.  0.  0.  0.  0.  0.  0.  0.  0.  0.  0.  0.  0. 14.  0.  0.  0.
  0.  0.  0.  0.  0.  0.  0.  0.  0. 43. 25. 15.  0.  0.  0.  0.  0.  0.
  0.  0.  0. 31.  0. 42.  0.  0.  6. 11. 21.  0.  0.  0.  0.  0.  0. 32.
 33. 28. 24.  0.  1.  8. 16. 20. 22. 23.  0.  0.  0.  0. 39. 34.  0. 26.
  5.  2.  4. 13. 12. 19.  0.  0.  0.  0.  0. 36.  0.  0. 27. 10.  7.  9.
  3. 18. 17.  0.  0.  0.  0. 37. 38.  0. 29. 35.  0.  0.  0.  0.  0.  0.
  0.  0.  0.  0.  0.  0. 30.  0.  0.  0.  0.  0.  0.  0.  0.  0.  0.  0.
  0.  0.  0.  0. 40.  0.  0.  0.  0.  0.  0.  0.  0.  0.  0.  0.  0.  0.
  0.  0. 41.  0.  0.  0.  0.  0.  0.  0.  0.  0.  0.  0.  0.  0.  0.  0.
  0.  0.  0.  0.  0.  0.  0.  0.  0.]