[ 0.  0.  0.  0.  0.  0.  0.  0.  0.  0.  0.  0.  0.  0.  0.  0.  0.  0.
  0.  0.  0.  0.  0.  0.  0.  0.  0.  0.  0.  0.  0.  0.  0.  0.  0.  0.
  0.  0.  0.  0.  0.  0.  0.  0.  0.  0.  0.  0.  0.  0.  0. 18.  0.  0.
  0.  0.  0.  0.  0.  0.  0.  0.  0.  0. 20.  7. 19. 17. 22.  0.  0.  0.
  0.  0.  0.  0.  0.  0.  0.  9.  8.  6.  0. 11.  0.  0.  0.  0.  0.  0.
  0.  0.  0.  0.  0.  3.  0.  2. 24. 15. 32.  0.  0.  0.  0.  0.  0.  0.
  0.  0.  5. 10.  1.  4. 21.  0.  0.  0.  0.  0.  0. 39.  0.  0. 38.  0.
 13. 14. 27. 30. 23.  0.  0.  0.  0.  0.  0.  0.  0. 37.  0. 12. 25. 16.
  0. 31.  0.  0.  0.  0.  0.  0.  0.  0.  0. 28.  0. 33. 26.  0. 36.  0.
  0.  0.  0.  0.  0.  0.  0. 29.  0.  0.  0. 34.  0. 35.  0.  0.  0.  0.
  0.  0.  0.  0.  0.  0.  0.  0.  0.  0.  0.  0.  0.  0.  0.  0.  0.  0.
  0.  0.  0.  0.  0.  0.  0.  0.  0.  0.  0.  0.  0.  0.  0.  0.  0.  0.
  0.  0.  0.  0.  0.  0.  0.  0.  0.]