[ 0.  0.  0.  0.  0.  0.  0.  0.  0.  0.  0.  0.  0.  0.  0.  0.  0.  0.
  0.  0.  0.  0.  0.  0.  0.  0.  0.  0.  0.  0.  0.  0.  0.  0.  0.  0.
  0.  0.  0.  0.  0.  0.  0.  0.  0.  0.  0.  0.  0.  0.  0.  0.  0.  0.
  0.  0.  0.  0.  0.  0.  0.  0.  0.  0.  0.  0.  0.  0. 27. 30.  0.  0.
  0.  0.  0.  0.  0.  0.  0.  0.  0.  0. 26. 29. 28. 25.  0.  0.  0.  0.
  0.  0.  0.  0.  0. 23. 24.  0.  7. 10.  0.  0.  0.  0.  0.  0.  0.  0.
  0. 20.  0.  0.  1.  6.  5.  0.  0.  0.  0.  0.  0.  0.  0.  0.  0.  9.
  8.  2.  4. 13. 12.  0.  0.  0.  0.  0.  0.  0.  0. 21.  0. 11. 17. 18.
  3.  0.  0.  0.  0.  0.  0.  0.  0.  0. 33. 22.  0.  0. 14. 15.  0.  0.
  0.  0.  0.  0.  0.  0.  0. 31.  0.  0.  0. 19. 16.  0.  0.  0.  0.  0.
  0.  0.  0.  0.  0.  0.  0. 32.  0.  0.  0.  0.  0.  0.  0.  0.  0.  0.
  0.  0.  0.  0.  0.  0.  0.  0.  0.  0.  0.  0.  0.  0.  0.  0.  0.  0.
  0.  0.  0.  0.  0.  0.  0.  0.  0.]