[ 0.  0.  0.  0.  0.  0.  0.  0.  0.  0.  0.  0.  0.  0.  0.  0.  0.  0.
  0.  0.  0.  0.  0.  0.  0.  0.  0.  0.  0.  0.  0.  0.  0.  0.  0.  0.
  0.  0.  0. 41.  0.  0.  0.  0.  0.  0.  0.  0.  0.  0. 37.  0. 29.  0.
 40.  0.  0.  0.  0.  0.  0.  0.  0.  0.  0.  0. 34. 27. 19. 32. 28. 26.
  0.  0.  0.  0.  0.  0.  0. 35. 33. 36.  3.  5. 18. 31. 23.  0.  0.  0.
  0.  0.  0.  0.  0.  0. 21. 30. 10. 38. 12. 15.  0.  0.  0.  0.  0.  0.
  0.  0. 22.  8.  1. 11. 39. 20.  0.  0.  0.  0.  0.  0.  0.  0.  0.  0.
  7.  2.  6. 14.  0. 17.  0.  0.  0.  0.  0.  0.  0.  0.  0.  0. 13.  4.
  0.  0.  0.  0.  0.  0.  0.  0.  0.  0.  0.  0.  0.  0. 16.  9.  0.  0.
  0.  0.  0.  0.  0.  0.  0.  0.  0.  0.  0. 24.  0.  0.  0.  0.  0.  0.
  0.  0.  0.  0.  0.  0.  0.  0. 25.  0.  0.  0.  0.  0.  0.  0.  0.  0.
  0.  0.  0.  0.  0.  0.  0.  0.  0.  0.  0.  0.  0.  0.  0.  0.  0.  0.
  0.  0.  0.  0.  0.  0.  0.  0.  0.]