[ 0.  0.  0.  0.  0.  0.  0.  0.  0.  0.  0.  0.  0.  0.  0.  0.  0.  0.
  0.  0.  0.  0.  0.  0.  0.  0.  0.  0.  0.  0.  0.  0.  0.  0.  0.  0.
  0.  0.  0.  0.  0.  0.  0.  0.  0.  0.  0.  0.  0.  0.  0.  0.  0.  0.
  0.  0.  0.  0.  0.  0.  0.  0.  0.  0.  0. 17.  0.  4.  0.  0.  0.  0.
  0.  0.  0.  0.  0.  0.  0. 13. 16.  7.  3.  0. 10. 44.  0. 46.  0.  0.
  0.  0. 26. 23. 15. 14.  2.  8.  6.  9.  0.  0.  0.  0.  0.  0.  0. 24.
 25. 22. 12. 11.  1.  5. 35. 36.  0.  0.  0.  0.  0.  0. 31. 30. 21. 18.
 41. 20. 38. 40. 42. 43.  0.  0.  0.  0.  0. 32. 29.  0. 19.  0. 37.  0.
  0. 45.  0.  0.  0.  0.  0. 33.  0.  0. 34.  0. 27.  0.  0.  0.  0.  0.
  0.  0.  0.  0.  0.  0.  0.  0. 39.  0. 28.  0.  0.  0.  0.  0.  0.  0.
  0.  0.  0.  0.  0.  0.  0.  0.  0.  0.  0.  0.  0.  0.  0.  0.  0.  0.
  0.  0.  0.  0.  0.  0.  0.  0.  0.  0.  0.  0.  0.  0.  0.  0.  0.  0.
  0.  0.  0.  0.  0.  0.  0.  0.  0.]