[ 0.  0.  0.  0.  0.  0.  0. 78.  0.  0.  0.  0. 77.  0.  0.  0.  0.  0.
  0.  0. 59.  0. 79. 65. 61. 71. 76.  0.  0.  0.  0.  0.  0. 57. 63. 58.
 73. 72. 60. 70. 74. 75.  0.  0.  0.  0.  0.  0. 52. 54. 38. 37. 68. 64.
 40. 69. 46. 47.  0.  0.  0.  0. 53. 80. 62. 56. 67. 66. 34. 33. 39. 49.
 50.  0.  0.  0.  0.  0. 55. 20.  0. 10.  3.  0. 35. 36. 48.  0.  0.  0.
  0.  0. 23. 24.  0. 21. 13. 16.  0.  0. 51.  0.  0.  0.  0.  0. 26. 25.
  0. 17. 11. 18.  1.  9.  6.  0.  0.  0.  0.  0.  0.  0. 30.  0. 14. 15.
 12.  4.  2.  5.  0.  0.  0.  0.  0.  0.  0. 29.  0. 28. 22.  8.  7.  0.
 44. 42. 45.  0.  0.  0.  0.  0.  0.  0. 31. 27. 19. 32.  0. 41.  0.  0.
  0.  0.  0.  0.  0.  0.  0.  0.  0.  0.  0.  0.  0.  0.  0.  0.  0.  0.
  0.  0.  0.  0.  0.  0.  0.  0.  0. 43.  0.  0.  0.  0.  0.  0.  0.  0.
  0.  0.  0.  0.  0.  0.  0.  0.  0.  0.  0.  0.  0.  0.  0.  0.  0.  0.
  0.  0.  0.  0.  0.  0.  0.  0.  0.]