[ 0.  0.  0.  0.  0.  0.  0.  0.  0.  0.  0.  0.  0.  0.  0.  0.  0.  0.
  0.  0.  0.  0.  0.  0.  0.  0.  0.  0.  0.  0.  0.  0.  0.  0.  0.  0.
  0.  0.  0.  0.  0.  0.  0.  0.  0.  0.  0.  0.  0.  0.  0.  0. 20.  0.
 22.  0.  0.  0.  0.  0.  0.  0.  0.  0.  0. 25. 19. 23. 15. 21. 24.  0.
  0.  0.  0.  0.  0.  0.  0.  0. 17.  0.  4.  0. 13.  0. 12.  0.  0.  0.
  0.  0.  0.  0.  0.  0. 18.  3.  8.  7. 11.  0.  0.  0.  0.  0.  0.  0.
  0.  0.  0.  0.  1.  6.  5.  0. 16.  0.  0.  0.  0.  0.  0.  0.  0.  0.
  0.  2.  9. 14.  0.  0.  0.  0.  0.  0.  0.  0.  0.  0.  0. 10.  0.  0.
  0.  0.  0.  0.  0.  0.  0.  0.  0.  0.  0.  0.  0.  0.  0.  0.  0.  0.
  0.  0.  0.  0.  0.  0.  0.  0.  0.  0.  0.  0.  0.  0.  0.  0.  0.  0.
  0.  0.  0.  0.  0.  0.  0.  0.  0.  0.  0.  0.  0.  0.  0.  0.  0.  0.
  0.  0.  0.  0.  0.  0.  0.  0.  0.  0.  0.  0.  0.  0.  0.  0.  0.  0.
  0.  0.  0.  0.  0.  0.  0.  0.  0.]