[ 0.  0.  0.  0.  0.  0.  0.  0.  0.  0.  0.  0.  0.  0.  0.  0.  0.  0.
  0.  0.  0.  0.  0.  0.  0.  0.  0.  0.  0.  0.  0.  0.  0.  0.  0.  0.
  0.  0.  0.  0.  0.  0.  0.  0.  0.  0.  0.  0.  0.  0.  0.  0. 22.  0.
  0. 25.  0.  0.  0.  0.  0.  0.  0.  0.  0.  0.  0. 13.  0. 19.  0.  0.
  0.  0.  0.  0.  0.  0.  0.  0. 12.  3.  5. 11. 20.  0.  0.  0.  0.  0.
  0.  0.  0.  0.  0.  0.  0. 21. 10.  9.  0.  0.  0.  0.  0.  0.  0.  0.
  0.  0.  0. 23.  1.  4.  0. 18.  0.  0.  0.  0.  0.  0.  0.  0.  0. 24.
  7.  6.  2.  0.  0.  0.  0.  0.  0.  0.  0.  0.  0.  0.  0.  8.  0. 14.
  0.  0.  0.  0.  0.  0.  0.  0.  0.  0.  0. 16.  0.  0. 15.  0.  0.  0.
  0.  0.  0.  0.  0.  0.  0. 17.  0.  0.  0.  0.  0.  0.  0.  0.  0.  0.
  0.  0.  0.  0.  0.  0.  0.  0.  0.  0.  0.  0.  0.  0.  0.  0.  0.  0.
  0.  0.  0.  0.  0.  0.  0.  0.  0.  0.  0.  0.  0.  0.  0.  0.  0.  0.
  0.  0.  0.  0.  0.  0.  0.  0.  0.]