[ 0.  0.  0.  0.  0.  0.  0.  0.  0. 36.  0.  0.  0.  0.  0.  0.  0.  0.
  0. 38.  0. 32.  0. 33.  0.  0.  0.  0.  0.  0.  0.  0.  0.  0.  0. 37.
  0. 31. 34. 30.  0.  0.  0.  0.  0.  0.  0.  0.  0.  0. 39. 19.  0. 27.
 28.  0.  0.  0.  0.  0.  0.  0.  0.  0. 14. 35. 20. 25. 23. 29.  0.  0.
  0.  0.  0.  0.  0.  0.  0. 16. 13. 15.  3. 21. 22.  0.  0.  0.  0.  0.
  0.  0.  0.  0.  0.  0. 11.  8. 24. 26.  0.  0.  0.  0.  0.  0.  0.  0.
  0.  0. 10.  9.  1.  5.  6.  0.  0.  0.  0.  0.  0.  0.  0.  0.  0.  0.
 12.  2. 17.  7.  0.  0.  0.  0.  0.  0.  0.  0.  0.  0.  0.  0.  0.  4.
 18.  0.  0.  0.  0.  0.  0.  0.  0.  0.  0.  0.  0.  0.  0.  0.  0.  0.
  0.  0.  0.  0.  0.  0.  0.  0.  0.  0.  0.  0.  0.  0.  0.  0.  0.  0.
  0.  0.  0.  0.  0.  0.  0.  0.  0.  0.  0.  0.  0.  0.  0.  0.  0.  0.
  0.  0.  0.  0.  0.  0.  0.  0.  0.  0.  0.  0.  0.  0.  0.  0.  0.  0.
  0.  0.  0.  0.  0.  0.  0.  0.  0.]