[ 0.  0.  0.  0.  0.  0.  0.  0. 40.  0.  0.  0.  0.  0.  0.  0.  0.  0.
  0.  0. 34. 43. 39.  0.  0.  0.  0.  0.  0.  0.  0.  0.  0.  0.  0.  0.
 33. 16.  0. 15.  0.  0.  0.  0.  0.  0.  0.  0.  0.  0. 37. 44. 17. 14.
 41.  0.  0.  0. 61.  0.  0.  0. 30.  0. 29.  9.  5. 12.  0. 42.  0.  0.
 60.  0.  0.  0.  0.  0. 38. 11.  6.  8. 10. 13. 35. 45. 54. 63.  0.  0.
  0.  0.  0.  0.  0. 19.  3.  2. 36. 51. 46. 67. 56.  0.  0.  0.  0. 20.
  0. 18. 25.  4.  1. 22. 52.  0. 55. 62.  0.  0.  0.  0.  0.  0. 24.  7.
 23. 50. 21. 49. 53. 57. 58.  0.  0.  0.  0.  0.  0. 27. 31. 73. 28. 68.
 47.  0. 59. 64.  0.  0.  0.  0.  0.  0. 26. 32.  0.  0.  0. 69. 48. 66.
 65.  0.  0.  0.  0.  0.  0. 72.  0.  0. 70.  0.  0. 74.  0.  0.  0.  0.
  0.  0.  0.  0.  0.  0.  0. 71.  0.  0.  0.  0.  0.  0.  0.  0.  0.  0.
  0.  0.  0.  0.  0.  0.  0.  0.  0.  0.  0.  0.  0.  0.  0.  0.  0.  0.
  0.  0.  0.  0.  0.  0.  0.  0.  0.]