[ 0.  0.  0.  0.  0.  0.  0.  0.  0.  0.  0.  0.  0.  0.  0.  0.  0.  0.
  0.  0.  0.  0.  0.  0.  0.  0.  0.  0.  0.  0.  0.  0.  0.  0.  0.  0.
  0.  0.  0.  0.  0.  0.  0.  0.  0.  0.  0.  0. 40.  0. 43.  0.  0. 46.
 29.  0.  0.  0.  0.  0.  0.  0.  0.  0. 39. 45. 34. 38.  0. 44.  0.  0.
  0.  0.  0.  0.  0.  0.  0. 41. 33.  0. 42. 23. 20. 22. 26. 27.  0.  0.
  0.  0.  0.  0. 31. 30. 35.  0.  0. 24. 19. 25. 12.  0.  0.  0.  0.  0.
  0. 36. 32. 16.  1.  0. 10. 28. 11.  0.  0.  0.  0.  0.  0. 37.  0.  0.
  7.  2.  4. 17.  9. 21.  0.  0.  0.  0.  0.  0.  0.  0.  8. 15.  0.  5.
  3.  6.  0.  0.  0.  0.  0.  0.  0.  0.  0.  0. 13. 18. 14.  0.  0.  0.
  0.  0.  0.  0.  0.  0.  0.  0.  0.  0.  0.  0.  0.  0.  0.  0.  0.  0.
  0.  0.  0.  0.  0.  0.  0.  0.  0.  0.  0.  0.  0.  0.  0.  0.  0.  0.
  0.  0.  0.  0.  0.  0.  0.  0.  0.  0.  0.  0.  0.  0.  0.  0.  0.  0.
  0.  0.  0.  0.  0.  0.  0.  0.  0.]