[ 0.  0. 88.  0.  0.  0.  0.  0.  0.  0.  0.  0.  0.  0.  0.  0.  0. 90.
 87. 89. 85. 83. 91.  0.  0.  0.  0.  0.  0.  0.  0.  0.  0.  0. 77.  0.
 84.  0.  0.  0.  0. 65.  0.  0.  0.  0.  0.  0. 81. 82. 75. 73. 79. 80.
 59. 48. 64. 56. 66. 67.  0.  0. 86.  0. 76.  0. 71. 70.  0. 68. 58. 49.
 57. 41.  0.  0.  0.  0.  0.  0. 72. 63. 78.  0. 18. 47. 46. 40.  0.  0.
  0.  0.  0.  0.  0. 69. 74. 62. 11.  5. 13. 14. 20. 28. 45.  0.  0.  0.
  0.  0.  0.  0.  1.  4. 12. 10. 15.  0. 23. 44.  0.  0.  0.  0.  0. 51.
 50.  2. 16.  6.  9. 29. 17. 27. 30.  0.  0.  0.  0.  0.  0. 52.  8.  3.
 19.  7. 21. 22. 25. 42.  0.  0.  0.  0.  0. 60. 55. 39. 53. 38. 24. 36.
 33. 32. 26.  0.  0.  0.  0. 61.  0.  0. 54. 37.  0.  0. 35.  0. 31. 43.
  0.  0.  0.  0.  0.  0.  0.  0.  0.  0.  0.  0.  0.  0. 34.  0.  0.  0.
  0.  0.  0.  0.  0.  0.  0.  0.  0.  0.  0.  0.  0.  0.  0.  0.  0.  0.
  0.  0.  0.  0.  0.  0.  0.  0.  0.]