[ 0.  0.  0.  0.  0.  0.  0.  0.  0.  0.  0.  0.  0.  0.  0.  0.  0.  0.
  0.  0.  0.  0.  0.  0.  0.  0.  0.  0.  0.  0.  0.  0.  0.  0.  0.  0.
  0.  0.  0.  0.  0.  0.  0.  0.  0.  0.  0.  0.  0.  0.  0.  0.  0.  0.
  0.  0.  0.  0.  0.  0.  0.  0.  0.  0.  0.  0. 30. 33.  0.  0.  0.  0.
  0.  0.  0.  0.  0.  0.  0. 32. 27. 31.  0.  0.  0.  0.  0.  0.  0.  0.
  0.  0.  0.  0. 29. 23.  0. 25. 26.  0.  0.  0.  0.  0.  0.  0.  0.  0.
  0.  0. 28.  6.  1.  3.  0.  0.  0.  0.  0.  0.  0.  0.  0. 22.  0. 18.
  7.  4.  2. 10. 11.  0.  0.  0.  0.  0.  0. 20. 21. 12.  8. 13.  0.  9.
 24.  0.  0.  0.  0.  0.  0.  0.  0. 19. 16. 15.  5.  0.  0.  0.  0.  0.
  0.  0.  0.  0.  0.  0.  0. 17.  0. 14.  0.  0.  0.  0.  0.  0.  0.  0.
  0.  0.  0.  0.  0.  0.  0.  0.  0.  0.  0.  0.  0.  0.  0.  0.  0.  0.
  0.  0.  0.  0.  0.  0.  0.  0.  0.  0.  0.  0.  0.  0.  0.  0.  0.  0.
  0.  0.  0.  0.  0.  0.  0.  0.  0.]