[ 0.  0.  0.  0.  0.  0.  0.  0.  0.  0.  0.  0.  0.  0.  0.  0.  0.  0.
  0.  0.  0.  0.  0. 36.  0.  0.  0.  0.  0.  0.  0.  0.  0.  0.  0.  0.
  0.  0. 33.  0. 43.  0.  0.  0.  0.  0.  0.  0.  0.  0.  0.  0. 28. 31.
 41.  0. 30.  0.  0.  0.  0.  0.  0.  0.  0.  0. 47. 37. 27. 38. 29.  0.
  0.  0.  0.  0.  0.  0.  0.  0.  0. 39. 46.  0.  3. 32. 42. 18.  0.  0.
  0.  0.  0.  0.  0. 40. 45.  8. 44. 26. 19. 15. 25.  0.  0.  0.  0.  0.
  0.  0.  0.  0.  1.  0.  6. 17. 21. 16.  0.  0.  0.  0.  0.  0.  0.  0.
  4.  0.  2.  5. 20. 24. 22. 34. 35.  0.  0.  0.  0.  0.  0.  0.  7.  9.
 12. 11. 23.  0.  0.  0.  0.  0.  0.  0.  0.  0.  0. 10.  0.  0.  0. 13.
  0.  0.  0.  0.  0.  0.  0.  0.  0.  0.  0.  0.  0.  0.  0. 14.  0.  0.
  0.  0.  0.  0.  0.  0.  0.  0.  0.  0.  0.  0.  0.  0.  0.  0.  0.  0.
  0.  0.  0.  0.  0.  0.  0.  0.  0.  0.  0.  0.  0.  0.  0.  0.  0.  0.
  0.  0.  0.  0.  0.  0.  0.  0.  0.]