[ 0.  0.  0.  0.  0.  0.  0.  0.  0.  0.  0.  0.  0.  0.  0.  0.  0.  0.
  0.  0.  0.  0.  0.  0.  0.  0.  0.  0.  0.  0.  0.  0.  0.  0.  0.  0.
  0.  0.  0.  0.  0.  0.  0.  0.  0.  0.  0.  0.  0.  0.  0.  0.  0.  0.
  0.  0.  0.  0.  0.  0.  0.  0.  0.  0.  0.  0.  0.  0.  0.  0.  0. 19.
  0.  0.  0.  0.  0.  0.  0.  0.  0.  0.  0. 14.  0. 16.  0.  0.  0.  0.
  0.  0.  0.  0.  0.  0.  0.  5.  3. 18. 17.  0.  0.  0.  0.  0.  0.  0.
  0.  0. 21. 13.  1. 12.  7.  0.  0.  0.  0.  0.  0.  0.  0.  0.  0.  9.
  4.  8.  2. 11. 10.  0.  0.  0.  0.  0.  0.  0.  0.  0.  0. 15.  6. 28.
  0.  0.  0.  0.  0.  0.  0.  0.  0.  0.  0. 31. 30. 22. 20. 24. 25.  0.
  0.  0.  0.  0.  0.  0.  0.  0.  0.  0. 23. 29. 27.  0.  0.  0.  0.  0.
  0.  0.  0.  0. 32.  0.  0.  0.  0.  0. 26.  0.  0.  0.  0.  0.  0.  0.
  0.  0.  0.  0.  0.  0.  0.  0.  0.  0.  0.  0.  0.  0.  0.  0.  0.  0.
  0.  0.  0.  0.  0.  0.  0.  0.  0.]