[ 0.  0.  0.  0.  0.  0.  0.  0.  0.  0.  0.  0.  0.  0.  0.  0.  0.  0.
  0.  0.  0.  0.  0.  0.  0.  0.  0.  0.  0.  0.  0.  0.  0.  0.  0.  0.
  0.  0.  0.  0.  0.  0.  0.  0.  0.  0.  0.  0.  0.  0.  0.  0.  0.  0.
  0.  0.  0.  0.  0.  0.  0.  0.  0.  0.  0.  0.  0.  0.  0.  0.  0.  0.
  0.  0.  0.  0.  0.  0.  0.  0.  0.  0.  0.  4.  0.  0.  0.  0.  0.  0.
  0.  0.  0.  0. 19.  0. 21.  0.  0.  3.  8.  0.  0.  0.  0.  0.  0.  0.
  0. 17. 10.  5.  1.  7.  6.  0.  0.  0.  0.  0.  0.  0.  0.  0.  0. 15.
  0. 12.  2.  0.  0.  0.  0.  0.  0.  0.  0.  0.  0. 13. 14. 11.  9.  0.
  0.  0.  0.  0.  0.  0.  0.  0.  0. 16. 20.  0.  0. 18.  0.  0.  0.  0.
  0.  0.  0.  0.  0.  0.  0.  0.  0.  0.  0.  0.  0.  0.  0.  0.  0.  0.
  0.  0.  0.  0.  0.  0.  0.  0.  0.  0.  0.  0.  0.  0.  0.  0.  0.  0.
  0.  0.  0.  0.  0.  0.  0.  0.  0.  0.  0.  0.  0.  0.  0.  0.  0.  0.
  0.  0.  0.  0.  0.  0.  0.  0.  0.]