[ 0.  0.  0.  0.  0.  0.  0.  0.  0.  0.  0.  0.  0.  0.  0.  0.  0.  0.
  0.  0.  0.  0.  0.  0.  0.  0.  0.  0.  0.  0.  0.  0.  0.  0.  0.  0.
  0.  0.  0.  0.  0.  0.  0.  0.  0.  0.  0.  0.  0.  0.  0.  0. 18.  0.
  0.  0.  0.  0.  0.  0.  0.  0.  0.  0.  0.  0.  0. 15. 12.  0.  0.  0.
  0.  0.  0.  0.  0. 72.  0. 70. 50. 14.  9. 13. 11. 20.  0.  0.  0.  0.
  0.  0.  0. 54. 10.  0.  3.  0.  6. 16. 17. 22.  0.  0.  0.  0.  0. 71.
 53.  0.  0.  8.  1.  7. 24. 23. 19. 31.  0.  0.  0. 64. 52. 47.  0. 48.
  5.  4.  2. 29. 26. 38. 32.  0.  0.  0.  0. 57. 51. 42. 41.  0.  0. 21.
 28. 25. 27.  0.  0.  0.  0.  0.  0. 49. 43. 56. 36.  0. 35. 37.  0. 30.
  0.  0.  0.  0.  0.  0. 44. 63. 39. 34. 68. 33.  0.  0.  0.  0.  0.  0.
  0.  0.  0. 62. 61. 55. 45. 59. 40.  0.  0.  0.  0.  0.  0.  0.  0.  0.
  0. 66. 67. 60. 46. 58.  0. 69.  0.  0.  0.  0.  0.  0.  0.  0. 65.  0.
  0.  0.  0.  0.  0.  0.  0.  0.  0.]