[ 0.  0.  0.  0.  0.  0.  0.  0.  0.  0.  0.  0.  0.  0.  0.  0.  0.  0.
  0.  0.  0.  0.  0.  0.  0.  0.  0.  0.  0.  0.  0.  0.  0.  0.  0.  0.
 48. 49.  0.  0.  0. 57.  0.  0.  0.  0.  0.  0.  0.  0.  0. 47.  0.  0.
 28.  0.  0. 56.  0.  0.  0.  0.  0.  0.  0. 50.  0. 26. 27. 53.  0. 55.
  0.  0.  0.  0.  0.  0.  0. 39. 24. 23.  3.  5. 52. 51.  0.  0.  0.  0.
  0.  0.  0.  0. 40.  0. 45.  0. 10. 25.  0. 54.  0.  0.  0.  0.  0.  0.
 41.  0. 46.  8.  1.  0. 15.  0. 20.  0.  0.  0.  0.  0.  0. 34. 33. 29.
  7.  2.  6. 18. 19.  0.  0.  0.  0.  0.  0.  0.  0. 43. 42. 30. 12.  4.
 17. 16.  0.  0.  0.  0.  0.  0.  0.  0. 32.  0. 14. 13. 11.  9. 22. 21.
  0.  0.  0.  0.  0.  0. 44.  0. 31. 37. 35. 38.  0.  0.  0.  0.  0.  0.
  0.  0.  0.  0.  0.  0. 36.  0.  0.  0.  0.  0.  0.  0.  0.  0.  0.  0.
  0.  0.  0.  0.  0.  0.  0.  0.  0.  0.  0.  0.  0.  0.  0.  0.  0.  0.
  0.  0.  0.  0.  0.  0.  0.  0.  0.]