[ 0.  0.  0.  0.  0.  0.  0.  0.  0.  0.  0.  0.  0.  0.  0.  0.  0.  0.
  0.  0.  0. 60.  0.  0.  0.  0.  0.  0.  0.  0.  0. 56.  0. 57. 50. 59.
  0.  0.  0.  0.  0.  0.  0.  0.  0.  0.  0. 53. 51. 49. 54.  0. 22.  0.
  0.  0.  0.  0.  0.  0.  0. 62. 61. 55. 47. 46.  0.  0.  0.  0.  0.  0.
  0.  0.  0.  0.  0.  0. 58. 45. 52. 20.  3.  5.  0.  0.  0.  0.  0.  0.
  0.  0. 38. 43. 37. 19. 21. 44. 10. 14. 12. 15.  0.  0.  0.  0.  0. 39.
 32. 48. 18.  8.  1. 11.  0.  0.  0.  0.  0.  0.  0.  0. 26. 25. 23.  0.
  7.  2.  6. 13.  0.  0.  0.  0.  0.  0. 36. 30. 31. 28. 24. 41. 17.  4.
  0. 16.  0.  0.  0.  0.  0.  0. 35. 29.  0. 66. 67. 42. 63.  9.  0.  0.
  0.  0.  0.  0.  0.  0. 33. 40. 27. 68.  0.  0. 64.  0.  0.  0.  0.  0.
  0.  0.  0. 34. 69.  0. 65.  0.  0.  0.  0.  0.  0.  0.  0.  0.  0.  0.
 70.  0. 71.  0.  0.  0.  0.  0.  0.  0.  0.  0.  0.  0.  0.  0.  0.  0.
  0.  0.  0.  0.  0.  0.  0.  0.  0.]