[ 0.  0.  0.  0.  0.  0.  0.  0.  0.  0.  0.  0.  0.  0.  0.  0.  0.  0.
  0.  0.  0.  0. 58.  0.  0.  0.  0.  0.  0.  0.  0.  0.  0.  0.  0.  0.
  0.  0. 57. 54. 44.  0.  0.  0.  0.  0.  0.  0. 40. 41.  0. 17. 20.  0.
 27. 53.  0.  0.  0.  0.  0.  0.  0.  0. 39. 34. 30. 35. 43. 46. 25. 45.
  0.  0.  0.  0.  0. 38.  0. 42. 31. 12.  0.  3. 24. 26. 28. 47.  0.  0.
  0.  0.  0. 33.  0. 15.  0.  0. 14. 18. 19. 51. 48. 56. 55.  0.  0.  0.
 36. 37. 16.  8.  1.  7. 22.  0. 21.  0.  0.  0.  0.  0.  0. 67.  0. 64.
 13.  2.  4.  5. 23.  0. 49. 50.  0.  0.  0.  0. 29. 60. 59.  0. 11.  6.
  0. 10. 81.  0. 73.  0.  0.  0.  0. 65. 32. 62. 80. 63. 72.  9.  0. 82.
  0.  0. 74.  0.  0.  0.  0. 61.  0. 66. 71. 78. 52. 76.  0. 83.  0.  0.
  0.  0.  0.  0.  0. 70.  0. 68. 79. 75.  0.  0.  0.  0.  0.  0.  0.  0.
  0.  0.  0.  0.  0. 69.  0. 77.  0.  0.  0.  0.  0.  0.  0.  0.  0.  0.
  0.  0.  0.  0.  0.  0.  0.  0.  0.]