[ 0.  0.  0.  0.  0.  0.  0.  0.  0.  0.  0.  0.  0.  0.  0.  0.  0.  0.
  0.  0.  0.  0.  0.  0.  0.  0.  0.  0.  0.  0.  0.  0.  0.  0.  0.  0.
  0.  0.  0.  0.  0.  0.  0.  0.  0.  0.  0.  0.  0.  0.  0. 29. 30.  0.
  0.  0.  0.  0.  0.  0.  0.  0.  0.  0.  0.  0.  0.  0. 28. 27.  0.  0.
  0.  0.  0.  0.  0.  0.  0. 31.  0. 16.  3.  5.  0. 24.  0.  0.  0.  0.
  0.  0.  0. 44. 32.  0.  0.  0. 10.  0. 25. 26.  0.  0.  0.  0.  0.  0.
 39.  0.  0.  8.  1. 13.  0. 14. 23. 20.  0.  0.  0.  0.  0.  0. 46.  0.
  7.  2.  6. 15.  0. 19. 38. 37.  0.  0.  0.  0. 52.  0. 45.  0. 11.  4.
 34. 17.  0. 40.  0.  0.  0.  0.  0.  0. 49. 43. 53. 54. 12.  9.  0. 18.
 41.  0.  0.  0.  0.  0. 50.  0. 47. 42. 35. 21. 33. 36.  0.  0.  0.  0.
  0.  0.  0.  0.  0. 48. 51. 22.  0.  0.  0.  0.  0.  0.  0.  0.  0.  0.
  0. 55.  0.  0.  0.  0.  0.  0.  0.  0.  0.  0.  0.  0.  0.  0.  0.  0.
  0.  0.  0.  0.  0.  0.  0.  0.  0.]