[ 0.  0.  0.  0.  0.  0.  0.  0.  0.  0.  0.  0.  0.  0.  0.  0.  0.  0.
  0.  0.  0.  0.  0.  0.  0.  0.  0.  0.  0.  0.  0.  0.  0.  0.  0.  0.
  0.  0.  0.  0.  0.  0.  0.  0.  0.  0.  0.  0.  0.  0.  0. 22.  0.  0.
  0.  0.  0.  0.  0.  0.  0.  0.  0.  0.  0.  0. 21. 23. 11. 19.  0.  0.
  0.  0.  0.  0.  0.  0.  0.  0.  0.  5.  6. 20.  0. 12.  0.  0.  0.  0.
  0.  0.  0.  0.  0. 16. 17.  3.  4. 14.  0.  0.  0.  0.  0.  0.  0.  0.
  0.  0.  0. 15.  1.  2.  7. 10.  0.  0.  0.  0.  0.  0.  0.  0.  0.  0.
 18. 13.  8.  0.  0.  0.  0.  0.  0.  0.  0.  0.  0.  0.  0.  0.  0.  9.
  0.  0.  0.  0.  0.  0.  0.  0.  0.  0.  0.  0.  0.  0.  0.  0.  0.  0.
  0.  0.  0.  0.  0.  0.  0.  0.  0.  0.  0.  0.  0.  0.  0.  0.  0.  0.
  0.  0.  0.  0.  0.  0.  0.  0.  0.  0.  0.  0.  0.  0.  0.  0.  0.  0.
  0.  0.  0.  0.  0.  0.  0.  0.  0.  0.  0.  0.  0.  0.  0.  0.  0.  0.
  0.  0.  0.  0.  0.  0.  0.  0.  0.]