[ 0.  0.  0.  0.  0.  0.  0.  0.  0.  0.  0.  0.  0.  0.  0.  0.  0.  0.
  0.  0.  0.  0.  0. 62.  0.  0.  0.  0.  0.  0.  0.  0.  0.  0. 66. 37.
  0.  0.  0.  0.  0.  0.  0.  0.  0.  0.  0.  0.  0. 65. 36. 64. 58. 40.
 59.  0.  0.  0.  0.  0.  0.  0.  0. 38. 35. 32. 60.  0.  0. 25. 28.  0.
  0.  0.  0.  0.  0.  0. 33. 31. 34. 19.  4. 63.  0. 11.  0. 53.  0.  0.
  0.  0.  0. 29. 61. 20.  6.  3. 13. 10.  0. 39.  0.  0.  0.  0.  0.  0.
  0. 30.  7. 18.  1.  8. 12. 46.  0. 49.  0.  0.  0.  0.  0.  0.  0. 15.
 14.  2.  5. 45. 56. 55. 51. 50.  0.  0.  0.  0.  0.  0.  9. 17. 22. 21.
 43. 26. 52. 54. 57.  0.  0.  0.  0.  0.  0. 16.  0. 23. 42. 27. 41.  0.
  0.  0.  0.  0.  0.  0.  0.  0.  0.  0.  0. 24. 47.  0. 44.  0.  0.  0.
  0.  0.  0.  0.  0.  0.  0.  0.  0. 48.  0.  0.  0.  0.  0.  0.  0.  0.
  0.  0.  0.  0.  0.  0.  0.  0.  0.  0.  0.  0.  0.  0.  0.  0.  0.  0.
  0.  0.  0.  0.  0.  0.  0.  0.  0.]