[ 0.  0.  0.  0.  0.  0.  0.  0.  0.  0.  0.  0.  0.  0.  0.  0.  0.  0.
  0.  0.  0.  0.  0.  0.  0.  0.  0.  0.  0.  0.  0.  0.  0.  0.  0.  0.
  0.  0.  0.  0.  0.  0.  0.  0.  0.  0.  0.  0.  0.  0.  0.  0.  0.  0.
  0.  0. 22.  0.  0.  0.  0.  0.  0.  0.  0.  0.  0. 21.  0.  0.  0.  0.
  0.  0.  0.  0.  0.  0.  0.  0.  0.  0.  0. 20.  3.  0.  0.  0.  0.  0.
  0.  0.  0.  0.  0. 29.  0. 12. 17.  8.  0. 16.  0.  0.  0.  0.  0.  0.
  0. 31. 30. 10.  1.  9.  5. 13. 14.  0.  0.  0.  0.  0.  0.  0.  0. 11.
  4.  6.  2.  7.  0. 19.  0.  0.  0.  0.  0.  0.  0.  0. 27. 25. 28. 15.
  0.  0. 18.  0.  0.  0.  0.  0.  0.  0.  0.  0.  0. 23.  0.  0.  0.  0.
  0.  0.  0.  0.  0.  0.  0.  0.  0. 24.  0. 26.  0.  0.  0.  0.  0.  0.
  0.  0.  0.  0.  0.  0.  0.  0.  0.  0.  0.  0.  0.  0.  0.  0.  0.  0.
  0.  0.  0.  0.  0.  0.  0.  0.  0.  0.  0.  0.  0.  0.  0.  0.  0.  0.
  0.  0.  0.  0.  0.  0.  0.  0.  0.]