[ 0.  0.  0.  0.  0.  0.  0.  0.  0.  0.  0.  0.  0.  0.  0.  0.  0.  0.
  0.  0.  0.  0.  0.  0.  0.  0.  0.  0.  0.  0.  0.  0.  0.  0.  0.  0.
  0.  0.  0.  0.  0.  0.  0.  0.  0.  0.  0.  0.  0.  0. 44. 31.  0.  0.
 28.  0.  0.  0.  0.  0.  0.  0.  0. 45.  0.  0.  0. 30. 25. 29.  0.  0.
  0.  0.  0.  0. 47. 40. 46. 22.  0. 39. 27.  0. 26.  0.  0.  0.  0.  0.
  0. 42. 41. 33. 37. 38.  9.  4.  0. 16. 21.  0.  0.  0.  0. 43.  0.  0.
 32. 34.  0.  6.  1.  3.  0. 18.  0.  0.  0.  0.  0.  0.  0. 51. 10.  7.
  0. 35.  2.  0.  0. 19.  0.  0.  0.  0.  0.  0. 50. 23.  8. 11.  5. 15.
  0. 20.  0.  0.  0.  0.  0.  0.  0. 24. 49. 36. 13. 12.  0.  0.  0.  0.
  0.  0.  0.  0.  0.  0. 48. 17.  0. 14.  0.  0.  0.  0.  0.  0.  0.  0.
  0.  0.  0. 52.  0. 54.  0.  0.  0.  0.  0.  0.  0.  0.  0.  0.  0.  0.
 53.  0.  0.  0.  0.  0.  0.  0.  0.  0.  0.  0.  0.  0.  0.  0.  0.  0.
  0.  0.  0.  0.  0.  0.  0.  0.  0.]