[ 0.  0.  0.  0.  0.  0.  0.  0.  0.  0.  0.  0.  0.  0.  0.  0.  0.  0.
  0.  0.  0.  0.  0.  0.  0.  0.  0.  0.  0.  0.  0.  0.  0. 16.  0.  0.
  0.  0.  0.  0.  0.  0.  0.  0.  0.  0.  0.  0.  0. 15. 12.  0. 10. 18.
  0.  0.  0.  0.  0.  0.  0.  0.  0. 22. 21. 11. 13.  9. 14.  0.  0.  0.
  0.  0.  0.  0.  0.  0.  0. 23. 25.  5.  3.  6.  0.  0.  0.  0.  0.  0.
  0.  0.  0.  0. 24. 17.  4.  0.  7.  0.  0.  0.  0.  0.  0.  0.  0.  0.
  0. 19.  0.  0.  1.  0.  8.  0.  0.  0.  0.  0.  0.  0.  0. 20.  0.  0.
  0.  2.  0.  0.  0.  0.  0.  0.  0.  0.  0.  0.  0.  0.  0.  0.  0.  0.
  0.  0.  0.  0.  0.  0.  0.  0.  0.  0.  0.  0.  0.  0.  0.  0.  0.  0.
  0.  0.  0.  0.  0.  0.  0.  0.  0.  0.  0.  0.  0.  0.  0.  0.  0.  0.
  0.  0.  0.  0.  0.  0.  0.  0.  0.  0.  0.  0.  0.  0.  0.  0.  0.  0.
  0.  0.  0.  0.  0.  0.  0.  0.  0.  0.  0.  0.  0.  0.  0.  0.  0.  0.
  0.  0.  0.  0.  0.  0.  0.  0.  0.]