[ 0.  0.  0.  0.  0.  0.  0.  0.  0.  0.  0.  0.  0.  0.  0.  0.  0.  0.
  0.  0.  0.  0.  0.  0.  0.  0.  0.  0.  0.  0.  0.  0.  0.  0.  0.  0.
  0.  0.  0.  0.  0.  0.  0.  0.  0.  0.  0.  0.  0.  0.  0.  0.  0.  0.
  0.  0.  0.  0.  0.  0.  0.  0.  0.  0.  0.  0.  0. 11.  0.  0.  0.  0.
  0.  0.  0.  0.  0.  0.  0.  0.  0.  5.  3.  0. 19. 14.  0.  0.  0.  0.
  0.  0.  0.  0.  0.  0. 10. 16.  0. 15.  0.  0.  0.  0.  0.  0.  0.  0.
  0.  0.  0. 12.  1.  8. 17.  0.  0.  0.  0.  0.  0.  0.  0.  0.  0.  0.
  6.  2.  7.  0.  0.  0.  0.  0.  0.  0.  0.  0.  0.  0.  0.  4. 18.  0.
  0.  0.  0.  0.  0.  0.  0.  0.  0.  0.  0.  9. 13.  0.  0.  0.  0.  0.
  0.  0.  0.  0.  0.  0.  0.  0.  0.  0.  0.  0.  0.  0.  0.  0.  0.  0.
  0.  0.  0.  0.  0.  0.  0.  0.  0.  0.  0.  0.  0.  0.  0.  0.  0.  0.
  0.  0.  0.  0.  0.  0.  0.  0.  0.  0.  0.  0.  0.  0.  0.  0.  0.  0.
  0.  0.  0.  0.  0.  0.  0.  0.  0.]