[ 0.  0.  0.  0.  0.  0.  0.  0.  0.  0.  0.  0.  0.  0.  0.  0.  0.  0.
  0.  0.  0.  0.  0.  0.  0.  0.  0.  0.  0.  0.  0.  0.  0.  0.  0.  0.
  0.  0.  0.  0.  0.  0.  0.  0.  0.  0.  0.  0.  0.  0.  0.  0.  0.  0.
  0.  0.  0.  0.  0.  0.  0.  0.  0.  0.  0.  0.  0.  0.  0.  0.  0.  0.
 24.  0.  0.  0.  0.  0.  0.  7. 12.  0. 26.  5. 25. 21. 23. 27.  0.  0.
  0.  0.  0.  0.  0.  6. 11.  0. 10.  0. 19.  0.  0.  0.  0.  0.  0.  0.
  0.  0.  0.  4.  1.  3. 15. 22.  0.  0.  0.  0.  0.  0.  0.  0.  0.  0.
  8.  2.  9. 18.  0.  0.  0.  0.  0.  0.  0.  0.  0.  0.  0.  0. 20. 16.
 13.  0.  0.  0.  0.  0.  0.  0.  0.  0.  0.  0.  0.  0.  0. 17. 14.  0.
  0.  0.  0.  0.  0.  0.  0.  0.  0.  0.  0.  0.  0.  0.  0.  0.  0.  0.
  0.  0.  0.  0.  0.  0.  0.  0.  0.  0.  0.  0.  0.  0.  0.  0.  0.  0.
  0.  0.  0.  0.  0.  0.  0.  0.  0.  0.  0.  0.  0.  0.  0.  0.  0.  0.
  0.  0.  0.  0.  0.  0.  0.  0.  0.]