[ 0.  0.  0.  0.  0.  0.  0.  0.  0.  0.  0.  0.  0.  0.  0.  0.  0.  0.
  0.  0.  0.  0.  0.  0.  0.  0.  0.  0.  0.  0.  0.  0.  0.  0.  0.  0.
  0.  0.  0.  0.  0.  0.  0.  0.  0.  0.  0.  0.  0.  0.  0.  0.  0.  0.
  0.  0.  0.  0.  0.  0.  0.  0.  0.  0.  0.  0.  0.  0.  0.  0.  0.  0.
  0.  0.  0.  0.  0.  0.  0.  0.  0.  0.  0.  0.  0. 26.  0.  3.  0.  0.
  0.  0.  0.  0.  0.  0.  8.  0.  6. 13.  0. 35.  0.  0.  0.  0.  0.  0.
  0.  0.  0.  0.  1.  4. 18. 11. 22.  0.  0.  0.  0.  0.  0.  0.  0.  0.
  5. 10.  7.  9. 19. 16.  0. 28.  0.  0.  0.  0.  0.  0.  0.  0.  0. 12.
 17. 25. 34. 27. 33.  0.  0.  0.  0.  0.  0.  0.  0.  0. 21. 14. 20. 23.
  0.  0.  0.  0.  0.  0.  0.  0.  0.  0.  0. 24.  0. 15. 31. 29. 32.  0.
  0.  0.  0.  0.  0.  0.  0.  2.  0.  0.  0.  0.  0. 30.  0.  0.  0.  0.
  0.  0.  0.  0.  0.  0.  0.  0.  0.  0.  0.  0.  0.  0.  0.  0.  0.  0.
  0.  0.  0.  0.  0.  0.  0.  0.  0.]