[ 0.  0.  0.  0.  0.  0.  0.  0.  0.  0.  0.  0.  0.  0.  0.  0.  0.  0.
  0.  0.  0.  0.  0.  0.  0.  0.  0.  0.  0.  0.  0.  0.  0.  0.  0.  0.
  0.  0. 32.  0.  0.  0.  0.  0.  0.  0.  0.  0.  0.  0.  0.  0. 28. 31.
  0.  0. 26. 35.  0.  0.  0.  0.  0.  0. 24.  0.  0. 29. 27. 30. 25.  0.
 42. 64.  0.  0.  0.  0. 21.  0. 23. 40. 12.  0.  3. 34. 43. 33. 65.  0.
 75. 79.  0. 85. 18.  0.  9.  7. 13. 14.  0. 45. 41.  0. 76.  0. 74.  0.
 20. 19.  0.  6.  1. 10.  0. 63. 48. 62. 44.  0.  0. 78. 22. 80.  0. 39.
  4. 11.  2.  5.  0.  0. 77.  0.  0.  0. 36. 67. 66.  0. 70.  8. 15. 46.
  0.  0. 60. 61.  0.  0. 37.  0.  0.  0. 68.  0. 17. 16. 47.  0. 56. 57.
  0.  0.  0.  0. 83. 84. 73. 81. 69. 82. 49. 38. 55.  0. 59. 58.  0.  0.
  0.  0.  0.  0. 71.  0. 52.  0. 53. 50.  0.  0.  0.  0.  0.  0.  0.  0.
 72.  0.  0.  0.  0.  0. 54. 51.  0.  0.  0.  0.  0.  0.  0.  0.  0.  0.
  0.  0.  0.  0.  0.  0.  0.  0.  0.]