[  0.   0.   0.   0.   0.   0.   0.   0.   0.   0. 100.   0.   0.   0.
   0.   0.   0.   0.   0.   0.   0.   0.  51.   0.  98.  97.  93.   0.
   0.   0.   0.   0.  77.  76.   0.   0.  52.  57.  56.   0.  99.  90.
   0.  95.   0.   0.  74.   0.  73.   0.  45.  46.  55.   0.  49.   0.
   0.  94.   0.   0.   0.  75.  64.   0.  72.   0.  53.  58.  54.   0.
  47.  92.   0.  96.   0.   0.   0.   0.   0.  19.  14.  13.   3.   5.
  22.  48.  50.  91.   0.   0.   0.   0.  67.  36.   0.  18.  21.  20.
  10.  16.  17.  63.   0.   0.   0.   0.   0.   0.   0.  35.  30.   8.
   1.  11.  59.  15.  26.   0.   0.   0.   0.  82.  68.   0.  83.  31.
   7.   2.   6.  60.  23.   0.   0.   0.   0.   0.  69.   0.  71.  34.
  39.  38.  12.   4.  25.  24.   0.   0.   0.   0.   0.   0.  84.  89.
  70.  65.  32.  29.   0.   9.  62.  61.   0.   0.   0.   0.   0.  85.
  80.   0.  33.  42.   0.  37.  27.   0.  78.   0.   0.   0.   0.   0.
  81.   0.  86.  66.  40.  43.   0.  28.  79.   0.   0.   0.   0.   0.
   0.   0.  88.   0.  87.  41.   0.   0.   0.   0.   0.   0.   0.   0.
   0.   0.   0.   0.   0.  44.   0.   0.   0.   0.   0.   0.   0.   0.
   0.]