[ 0.  0.  0.  0.  0.  0.  0.  0.  0.  0.  0.  0.  0.  0.  0.  0.  0.  0.
  0.  0.  0.  0.  0.  0.  0.  0.  0.  0.  0.  0.  0.  0.  0.  0.  0.  0.
  0.  0.  0.  0.  0.  0.  0.  0.  0.  0.  0.  0.  0.  0.  0.  0.  0.  0.
  0.  0.  0.  0.  0.  0.  0.  0.  0.  0.  0. 37. 48.  0. 28.  0.  0.  0.
  0.  0.  0.  0.  0. 47.  0.  0. 38.  0. 49. 23.  3. 26.  0.  0.  0.  0.
  0.  0.  0. 46.  0. 13. 16.  8.  0. 21. 27. 29. 30.  0. 44.  0.  0. 39.
 45. 14.  0.  0.  1. 22.  6. 24. 25.  0. 43.  0.  0. 57.  0. 40.  0.  0.
  4. 15.  2.  5.  0. 32. 33.  0.  0.  0.  0. 56.  0. 19. 20. 11.  7.  9.
 12.  0. 31.  0. 34.  0.  0.  0.  0. 54. 59. 17.  0. 10.  0.  0. 41.  0.
  0.  0.  0. 60.  0.  0. 52. 18. 53. 35.  0.  0. 42.  0.  0.  0.  0.  0.
  0.  0. 58. 55.  0.  0. 50. 36. 51.  0.  0.  0.  0.  0.  0.  0.  0.  0.
  0.  0.  0.  0.  0.  0.  0.  0.  0.  0.  0.  0.  0.  0.  0.  0.  0.  0.
  0.  0.  0.  0.  0.  0.  0.  0.  0.]