[ 0.  0.  0.  0.  0.  0.  0.  0.  0.  0.  0.  0.  0.  0.  0.  0.  0.  0.
  0.  0.  0.  0.  0.  0.  0.  0.  0.  0.  0.  0.  0.  0.  0.  0.  0.  0.
  0.  0. 47.  0.  0.  0.  0.  0.  0.  0.  0.  0.  0. 43. 38.  0. 42. 45.
 44.  0.  0.  0.  0.  0.  0.  0.  0.  0. 40. 37.  0.  0.  0. 52. 46.  0.
 50.  0.  0.  0.  0. 35. 41. 36.  0. 10. 39.  0. 14.  0. 49. 51.  0.  0.
  0.  0.  0. 34.  0. 33. 31.  3. 32. 19. 11. 20. 48.  0.  0.  0.  0.  0.
  0.  0. 22.  0.  1.  9.  8. 12. 13.  0.  0.  0.  0.  0.  0.  0.  0. 30.
 21.  4.  2.  7. 17. 15.  0.  0.  0.  0.  0.  0.  0. 27.  0.  6.  0.  5.
  0. 18. 16.  0.  0.  0.  0.  0.  0. 29. 28. 24.  0. 23.  0.  0.  0.  0.
  0.  0.  0.  0.  0.  0.  0.  0. 25. 26.  0.  0.  0.  0.  0.  0.  0.  0.
  0.  0.  0.  0.  0.  0.  0.  0.  0.  0.  0.  0.  0.  0.  0.  0.  0.  0.
  0.  0.  0.  0.  0.  0.  0.  0.  0.  0.  0.  0.  0.  0.  0.  0.  0.  0.
  0.  0.  0.  0.  0.  0.  0.  0.  0.]