[ 0.  0.  0.  0.  0.  0.  0.  0.  0.  0.  0.  0.  0.  0.  0.  0.  0.  0.
  0.  0.  0.  0.  0.  0.  0.  0.  0.  0.  0.  0.  0.  0.  0.  0.  0.  0.
  0.  0.  0.  0.  0.  0.  0.  0.  0.  0.  0.  0.  0.  0.  0.  0.  0.  0.
  0.  0.  0.  0.  0.  0.  0.  0.  0.  0.  0.  0.  0.  0.  0.  0.  0.  0.
  0.  0.  0.  0.  0.  0.  0.  0.  0.  0.  0.  3.  0.  0. 21.  0.  0.  0.
  0.  0.  0.  0.  0.  0.  0.  0.  0.  0. 20.  0.  0.  0.  0.  0.  0.  0.
  0.  0.  0.  0.  1.  5.  6. 23.  0.  0.  0.  0.  0.  0.  0.  0.  0.  0.
  0.  0.  2.  7. 22.  0.  0.  0.  0.  0.  0.  0.  0.  0.  0.  0.  8.  4.
 11. 10.  0.  0.  0.  0.  0.  0.  0.  0.  0.  0.  9.  0. 16. 12. 18. 19.
 24.  0.  0.  0.  0.  0.  0.  0.  0.  0.  0. 14.  0. 13.  0.  0.  0.  0.
  0.  0.  0.  0.  0.  0.  0. 15. 17.  0.  0.  0.  0.  0.  0.  0.  0.  0.
  0.  0.  0.  0.  0.  0.  0.  0.  0.  0.  0.  0.  0.  0.  0.  0.  0.  0.
  0.  0.  0.  0.  0.  0.  0.  0.  0.]