[ 0.  0.  0.  0.  0.  0.  0.  0.  0.  0.  0.  0.  0.  0.  0.  0.  0.  0.
  0.  0.  0.  0.  0.  0.  0.  0.  0.  0.  0.  0.  0.  0.  0.  0.  0.  0.
  0.  0.  0.  0.  0.  0.  0.  0.  0.  0.  0.  0.  0.  0.  0.  0.  0.  0.
  0.  0.  0.  0.  0.  0.  0.  0.  0.  0.  0.  0.  0.  0. 27. 26.  0.  0.
  0.  0.  0.  0.  0.  0.  0.  0.  0.  0.  0.  0. 25.  0.  0.  0.  0.  0.
  0.  0.  0.  0.  0. 13. 29. 10.  0.  3. 28.  0.  0.  0.  0.  0.  0.  0.
  0. 14. 23.  6.  1.  0.  0.  0.  0.  0.  0.  0.  0.  0.  0.  0.  0. 11.
  8.  2.  0.  5. 21. 16.  0.  0.  0.  0.  0.  0.  0.  0. 24.  9.  0.  4.
 12. 15.  0.  0.  0.  0.  0.  0.  0.  0.  0.  0.  0.  0. 20.  7. 19. 17.
  0.  0.  0.  0.  0.  0.  0.  0.  0.  0.  0.  0.  0. 22.  0. 18.  0.  0.
  0.  0.  0.  0.  0.  0.  0.  0.  0.  0.  0.  0.  0.  0.  0.  0.  0.  0.
  0.  0.  0.  0.  0.  0.  0.  0.  0.  0.  0.  0.  0.  0.  0.  0.  0.  0.
  0.  0.  0.  0.  0.  0.  0.  0.  0.]