[ 0.  0.  0.  0.  0.  0.  0.  0.  0. 55.  0.  0.  0.  0.  0.  0.  0.  0.
  0.  0. 56.  0.  0. 54.  0.  0.  0.  0.  0.  0.  0.  0.  0.  0.  0.  0.
 44. 50. 51.  0.  0.  0.  0.  0.  0.  0.  0.  0. 48. 37. 45. 52. 42. 43.
  0.  0.  0.  0.  0.  0.  0. 47.  0. 46. 36. 38. 39.  0.  0. 24.  0.  0.
  0.  0.  0.  0.  0.  0. 49. 53. 35. 40.  0. 23.  0.  0.  0.  0.  0.  0.
  0.  0.  0. 34.  0.  0.  0. 41.  6. 11.  0.  0.  0.  0.  0.  0.  0. 33.
  0. 26. 32.  0.  1. 10.  9. 16.  0.  0.  0.  0.  0.  0. 30. 27. 29. 25.
  5.  2.  4. 12.  0. 15.  0.  0.  0.  0.  0.  0. 31. 28. 20. 21.  8.  7.
  3. 13. 14.  0.  0.  0.  0.  0.  0.  0.  0.  0. 19.  0.  0. 18.  0.  0.
  0.  0.  0.  0.  0.  0.  0.  0.  0. 22. 17.  0.  0.  0.  0.  0.  0.  0.
  0.  0.  0.  0.  0.  0.  0.  0.  0.  0.  0.  0.  0.  0.  0.  0.  0.  0.
  0.  0.  0.  0.  0.  0.  0.  0.  0.  0.  0.  0.  0.  0.  0.  0.  0.  0.
  0.  0.  0.  0.  0.  0.  0.  0.  0.]