[ 0.  0.  0.  0.  0.  0.  0.  0.  0.  0.  0.  0.  0.  0.  0.  0.  0.  0.
  0.  0.  0.  0.  0.  0.  0.  0.  0.  0.  0.  0.  0.  0.  0.  0.  0. 37.
  0.  0.  0.  0.  0.  0.  0.  0.  0.  0.  0.  0. 30. 40.  0.  0.  0.  0.
 38.  0.  0.  0.  0.  0.  0. 36.  0. 29.  0. 32.  0.  0. 10.  0.  0.  0.
  0.  0.  0.  0. 34. 33. 23. 31.  0. 41. 18.  3.  0.  0.  0.  0.  0.  0.
  0.  0. 24. 25. 22.  0. 39. 28.  9.  0.  0.  0.  0.  0.  0.  0.  0.  0.
 21. 35. 16. 13.  1.  7.  0. 20.  0.  0.  0.  0.  0.  0.  0. 26. 19.  0.
 12.  2.  5. 27.  0.  0.  0.  0.  0.  0.  0.  0.  0.  0. 11.  4. 14.  8.
  6. 15.  0.  0.  0.  0.  0.  0.  0.  0.  0.  0.  0.  0. 17.  0.  0.  0.
  0.  0.  0.  0.  0.  0.  0.  0.  0.  0.  0.  0.  0.  0.  0.  0.  0.  0.
  0.  0.  0.  0.  0.  0.  0.  0.  0.  0.  0.  0.  0.  0.  0.  0.  0.  0.
  0.  0.  0.  0.  0.  0.  0.  0.  0.  0.  0.  0.  0.  0.  0.  0.  0.  0.
  0.  0.  0.  0.  0.  0.  0.  0.  0.]