[ 0.  0.  0.  0.  0.  0.  0.  0.  0.  0.  0.  0.  0.  0.  0.  0.  0.  0.
  0.  0.  0.  0.  0.  0. 34.  0.  0.  0.  0.  0.  0.  0.  0.  0.  0.  0.
  0.  0.  0.  0. 31.  0.  0.  0.  0.  0.  0.  0.  0.  0. 23.  0. 28. 33.
 30. 32.  0.  0.  0.  0.  0.  0.  0.  0.  0. 24. 10.  0. 26. 27.  0.  0.
  0.  0.  0.  0.  0.  0.  0. 25.  0. 15.  4. 29.  0.  0.  0.  0.  0.  0.
  0.  0.  0.  0.  0. 16.  6.  3. 22.  0.  0.  0.  0.  0.  0.  0.  0.  0.
  0.  0.  7. 14.  1.  8.  0.  0.  0.  0.  0.  0.  0.  0.  0.  0.  0. 11.
  0.  2.  5.  0.  0.  0.  0.  0.  0.  0.  0.  0.  0.  0.  9. 13. 18. 17.
  0.  0.  0.  0.  0.  0.  0.  0.  0.  0. 21. 12.  0. 19.  0.  0.  0.  0.
  0.  0.  0.  0.  0.  0.  0.  0.  0.  0.  0. 20.  0.  0.  0.  0.  0.  0.
  0.  0.  0.  0.  0.  0.  0.  0.  0.  0.  0.  0.  0.  0.  0.  0.  0.  0.
  0.  0.  0.  0.  0.  0.  0.  0.  0.  0.  0.  0.  0.  0.  0.  0.  0.  0.
  0.  0.  0.  0.  0.  0.  0.  0.  0.]