[ 0.  0.  0.  0.  0.  0.  0.  0.  0.  0.  0.  0.  0.  0.  0.  0.  0.  0.
  0.  0.  0.  0.  0.  0.  0.  0.  0.  0.  0.  0.  0.  0.  0.  0.  0.  0.
  0.  0.  0.  0.  0.  0.  0.  0.  0.  0.  0.  0.  0.  0.  0.  0.  0.  0.
  0.  0.  0.  0.  0.  0.  0.  0.  0.  0. 22. 20.  0.  0.  0.  0.  0.  0.
  0.  0.  0.  0.  0.  0.  0.  0. 19.  0.  0.  0.  0.  0.  0.  0.  0.  0.
  0.  0.  0.  0. 23. 11. 21.  0.  0.  0.  0.  0.  0.  0.  0.  0.  0.  0.
  0. 12. 17. 10.  1.  0.  0.  0.  0.  0.  0.  0.  0.  0.  0.  0.  0.  9.
  4.  2.  0.  7.  0. 16.  0.  0.  0.  0.  0.  0.  0.  0. 18.  5.  0.  8.
  6. 13.  0.  0.  0.  0.  0.  0.  0.  0.  0.  0.  0.  0.  3. 15.  0. 14.
  0.  0.  0.  0.  0.  0.  0.  0.  0.  0.  0.  0.  0.  0.  0.  0.  0.  0.
  0.  0.  0.  0.  0.  0.  0.  0.  0.  0.  0.  0.  0.  0.  0.  0.  0.  0.
  0.  0.  0.  0.  0.  0.  0.  0.  0.  0.  0.  0.  0.  0.  0.  0.  0.  0.
  0.  0.  0.  0.  0.  0.  0.  0.  0.]