[ 0.  0.  0.  0.  0.  0.  0.  0.  0.  0.  0.  0.  0.  0.  0.  0.  0.  0.
  0.  0.  0.  0.  0.  0.  0.  0.  0.  0.  0.  0.  0.  0.  0.  0.  0.  0.
  0.  0.  0.  0.  0.  0.  0.  0.  0.  0.  0.  0.  0.  0.  0.  0.  0.  0.
  0.  0.  0.  0.  0.  0.  0.  0.  0.  0.  0.  0.  0.  0.  0.  0.  0.  0.
  0.  0.  0.  0.  0.  0.  0.  0.  0.  0.  0. 16.  0.  0.  0.  0.  0.  0.
  0.  0.  0. 22. 31.  0. 18.  0.  6.  0.  0.  0.  0.  0.  0.  0.  0.  0.
  0. 19. 20. 15.  1. 17.  8.  0.  0.  0.  0.  0.  0.  0.  0.  0. 29. 21.
  5.  4.  2.  0.  7.  0.  0.  0.  0.  0.  0.  0. 26. 23. 25. 13. 11. 14.
  3.  0.  0.  0.  0.  0.  0.  0.  0. 24. 27.  0.  0.  0.  9.  0.  0.  0.
  0.  0.  0.  0.  0.  0. 28. 30.  0.  0. 10.  0. 12.  0.  0.  0.  0.  0.
  0.  0.  0.  0.  0.  0.  0.  0.  0.  0.  0.  0.  0.  0.  0.  0.  0.  0.
  0.  0.  0.  0.  0.  0.  0.  0.  0.  0.  0.  0.  0.  0.  0.  0.  0.  0.
  0.  0.  0.  0.  0.  0.  0.  0.  0.]