[ 0.  0.  0.  0.  0.  0.  0.  0.  0.  0.  0.  0.  0.  0.  0.  0.  0.  0.
  0.  0.  0.  0.  0.  0.  0.  0.  0.  0.  0.  0.  0.  0.  0.  0.  0.  0.
  0.  0.  0.  0.  0.  0.  0.  0.  0.  0.  0.  0.  0.  0.  0.  0.  0.  0.
  0.  0.  0.  0.  0.  0.  0.  0.  0.  0.  0.  0.  0.  0.  0.  9.  0.  0.
  0.  0.  0.  0.  0.  0.  0.  0.  0.  0.  0.  6.  0. 11.  0.  0.  0.  0.
  0.  0.  0.  0.  0. 15.  0.  4.  0.  3. 17.  0.  0.  0.  0.  0.  0.  0.
  0.  0.  0.  8.  1.  7. 10.  5.  0.  0.  0.  0.  0.  0.  0.  0.  0.  0.
 13. 12.  2.  0.  0.  0.  0.  0.  0.  0.  0.  0.  0. 18.  0.  0. 16. 14.
  0.  0.  0.  0.  0.  0.  0.  0.  0.  0.  0.  0.  0.  0.  0.  0.  0.  0.
  0.  0.  0.  0.  0.  0.  0.  0.  0.  0.  0.  0.  0.  0.  0.  0.  0.  0.
  0.  0.  0.  0.  0.  0.  0.  0.  0.  0.  0.  0.  0.  0.  0.  0.  0.  0.
  0.  0.  0.  0.  0.  0.  0.  0.  0.  0.  0.  0.  0.  0.  0.  0.  0.  0.
  0.  0.  0.  0.  0.  0.  0.  0.  0.]