[ 0.  0.  0.  0.  0.  0.  0.  0.  0.  0.  0.  0.  0.  0.  0.  0.  0.  0.
  0.  0.  0.  0.  0.  0.  0.  0.  0.  0.  0.  0.  0.  0.  0.  0.  0.  0.
  0.  0.  0.  0. 29.  0.  0.  0.  0.  0.  0.  0.  0.  0.  0.  0.  0.  0.
  0.  0.  0.  0.  0.  0.  0.  0.  0.  0.  0.  0.  0. 22. 17. 21. 24.  0.
 23.  0.  0.  0.  0.  0.  0.  0.  0.  0. 19.  0. 18. 16.  0.  0. 27.  0.
  0.  0.  0.  0.  0.  0.  5.  4.  0. 15. 13. 26. 25.  0.  0.  0.  0.  0.
  0.  0. 20.  6.  1.  3. 12.  0. 28.  0.  0.  0.  0.  0.  0.  0.  0.  7.
  0.  8.  2. 10. 11.  0.  0.  0.  0.  0.  0.  0.  0.  0.  0.  0.  0.  9.
  0. 14.  0.  0.  0.  0.  0.  0.  0.  0.  0.  0.  0.  0.  0.  0.  0.  0.
  0.  0.  0.  0.  0.  0.  0.  0.  0.  0.  0.  0.  0.  0.  0.  0.  0.  0.
  0.  0.  0.  0.  0.  0.  0.  0.  0.  0.  0.  0.  0.  0.  0.  0.  0.  0.
  0.  0.  0.  0.  0.  0.  0.  0.  0.  0.  0.  0.  0.  0.  0.  0.  0.  0.
  0.  0.  0.  0.  0.  0.  0.  0.  0.]