[ 0.  0.  0.  0.  0.  0.  0.  0.  0.  0.  0.  0.  0.  0.  0.  0.  0.  0.
  0.  0.  0.  0.  0.  0.  0.  0.  0.  0.  0.  0.  0.  0.  0.  0.  0.  0.
  0.  0.  0.  0.  0.  0.  0.  0.  0.  0.  0.  0.  0. 30.  0. 21. 23. 24.
 28.  0.  0.  0.  0.  0.  0.  0.  0.  0.  0. 22.  0. 18. 11. 27.  0.  0.
  0.  0.  0.  0.  0. 39. 37. 25.  0. 26.  3. 10.  5.  0.  0.  0.  0.  0.
  0.  0. 33. 34. 38. 29. 14. 15.  8. 19. 12.  0.  0.  0.  0.  0.  0.  0.
 36.  0. 13.  6.  1.  0. 17.  0.  0.  0.  0.  0.  0.  0.  0.  0. 35. 32.
  7.  4.  2. 20.  0.  0.  0.  0.  0.  0.  0.  0.  0.  0. 31.  0. 16.  9.
  0.  0.  0.  0.  0.  0.  0.  0.  0.  0.  0.  0.  0.  0.  0.  0.  0.  0.
  0.  0.  0.  0.  0.  0.  0.  0.  0.  0.  0.  0.  0.  0.  0.  0.  0.  0.
  0.  0.  0.  0.  0.  0.  0.  0.  0.  0.  0.  0.  0.  0.  0.  0.  0.  0.
  0.  0.  0.  0.  0.  0.  0.  0.  0.  0.  0.  0.  0.  0.  0.  0.  0.  0.
  0.  0.  0.  0.  0.  0.  0.  0.  0.]