[ 0.  0.  0.  0.  0.  0.  0.  0.  0.  0.  0.  0.  0.  0.  0.  0.  0.  0.
  0.  0.  0.  0.  0.  0.  0.  0.  0.  0.  0.  0.  0.  0.  0.  0.  0.  0.
  0.  0.  0.  0.  0.  0.  0.  0.  0.  0.  0.  0.  0.  0.  0. 32.  0. 19.
  0.  0.  0. 30.  0.  0.  0.  0.  0.  0. 28. 31.  0. 18.  0. 23.  0. 29.
  0.  0.  0.  0.  0.  0.  0. 13. 27. 16.  0. 20. 24. 25.  0.  0.  0.  0.
  0.  0.  0.  0.  0. 12. 17. 22.  5. 21.  0. 26.  0.  0.  0.  0.  0.  0.
  0.  0.  0. 10.  1.  0.  0.  0.  0.  0.  0.  0.  0.  0.  0.  0.  0.  7.
  4.  2.  6.  9. 39. 41.  0.  0.  0.  0.  0.  0.  0.  0.  0.  8.  3.  0.
 34.  0. 40. 42.  0.  0.  0.  0.  0.  0.  0. 14. 11.  0. 38. 33. 37.  0.
  0.  0.  0.  0.  0.  0.  0. 15. 36. 35.  0.  0.  0.  0.  0.  0.  0.  0.
  0.  0.  0.  0.  0.  0.  0.  0.  0.  0.  0.  0.  0.  0.  0.  0.  0.  0.
  0.  0.  0.  0.  0.  0.  0.  0.  0.  0.  0.  0.  0.  0.  0.  0.  0.  0.
  0.  0.  0.  0.  0.  0.  0.  0.  0.]