[ 0.  0.  0.  0.  0.  0.  0.  0.  0.  0.  0.  0.  0.  0.  0.  0.  0.  0.
  0.  0.  0.  0.  0.  0.  0.  0.  0.  0.  0.  0.  0.  0.  0.  0.  0.  0.
  0.  0.  0.  0.  0.  0.  0.  0.  0.  0.  0.  0.  0.  0.  0.  0.  0.  0.
  0.  0.  0.  0.  0.  0.  0.  0.  0.  0.  0.  0.  0.  0.  0.  0.  0.  0.
  0.  0.  0.  0.  0.  0.  0.  0.  0.  0. 12.  3.  8.  0.  0.  0.  0.  0.
  0.  0.  0.  0.  0.  0.  0.  0.  7. 14.  0. 29.  0.  0.  0.  0.  0.  0.
  0. 20.  0. 10.  1. 13. 11.  0. 24.  0.  0.  0.  0.  0.  0.  0.  0. 17.
  5. 15.  2.  0. 23. 28.  0.  0.  0.  0.  0.  0.  0.  0. 16.  9.  6.  4.
  0.  0. 26.  0.  0.  0.  0.  0.  0.  0.  0.  0.  0. 19. 21. 22. 27.  0.
  0.  0.  0.  0.  0.  0.  0.  0.  0. 18. 25.  0.  0.  0. 30.  0.  0.  0.
  0.  0.  0.  0.  0.  0.  0.  0.  0.  0.  0.  0.  0.  0.  0.  0.  0.  0.
  0.  0.  0.  0.  0.  0.  0.  0.  0.  0.  0.  0.  0.  0.  0.  0.  0.  0.
  0.  0.  0.  0.  0.  0.  0.  0.  0.]