[ 0.  0.  0.  0.  0.  0.  0.  0.  0.  0.  0.  0.  0.  0.  0.  0.  0.  0.
  0.  0.  0.  0.  0.  0.  0.  0.  0.  0.  0.  0.  0.  0.  0.  0.  0.  0.
  0.  0.  0.  0.  0.  0.  0.  0.  0.  0.  0.  0.  0.  0.  0.  0.  0.  0.
  0.  0.  0.  0.  0.  0.  0.  0.  0.  0.  0.  0.  0.  0.  0.  0.  0.  0.
  0.  0.  0.  0.  0.  0.  0.  0.  0.  7.  8.  3.  0.  0.  0.  0.  0.  0.
  0.  0.  0.  0. 17. 16.  6. 10.  0. 15.  0.  0.  0.  0.  0.  0.  0. 43.
  0. 12. 11.  9.  1. 14. 13. 21.  0.  0.  0.  0.  0.  0.  0. 42.  0.  5.
  4.  2. 19. 18. 31. 24.  0.  0.  0.  0.  0. 45.  0. 34. 35. 26. 20. 48.
 29. 22.  0.  0.  0.  0.  0. 44.  0.  0. 47. 36. 40. 46. 28. 25. 27. 23.
 32.  0.  0.  0.  0.  0.  0. 37.  0. 38.  0.  0. 33.  0. 30.  0.  0.  0.
  0.  0.  0.  0.  0.  0. 41. 39.  0.  0.  0.  0.  0.  0.  0.  0.  0.  0.
  0.  0.  0.  0.  0.  0.  0.  0.  0.  0.  0.  0.  0.  0.  0.  0.  0.  0.
  0.  0.  0.  0.  0.  0.  0.  0.  0.]