[ 0.  0.  0.  0.  0.  0.  0.  0.  0.  0.  0.  0.  0.  0.  0.  0.  0.  0.
  0.  0.  0.  0.  0.  0.  0.  0.  0.  0.  0.  0.  0.  0.  0.  0.  0.  0.
  0.  0.  0.  0.  0.  0.  0.  0.  0.  0.  0.  0.  0.  0.  0.  0.  0.  0.
  0.  0.  0.  0.  0.  0.  0.  0.  0.  0.  0.  0.  0.  0.  0.  0.  0.  0.
  0.  0.  0.  0.  0.  0.  0. 13.  0. 16.  3.  0.  0.  0.  0.  0.  0.  0.
  0.  0.  0.  0.  0. 12.  0. 15.  8. 14.  0.  0. 24.  0.  0.  0.  0.  0.
  0.  0.  0. 10.  1.  9.  7. 22. 21.  0.  0.  0.  0.  0.  0.  0.  0.  0.
  0.  2.  4.  5. 23.  0.  0.  0.  0.  0.  0.  0.  0.  0.  0.  0.  0.  6.
 19. 18.  0.  0.  0.  0.  0.  0.  0.  0.  0.  0.  0.  0. 17. 11.  0.  0.
  0.  0.  0.  0.  0.  0.  0.  0.  0.  0. 25.  0. 20.  0.  0.  0.  0.  0.
  0.  0.  0.  0.  0.  0.  0.  0.  0.  0.  0.  0.  0.  0.  0.  0.  0.  0.
  0.  0.  0.  0.  0.  0.  0.  0.  0.  0.  0.  0.  0.  0.  0.  0.  0.  0.
  0.  0.  0.  0.  0.  0.  0.  0.  0.]