[ 0.  0.  0.  0.  0.  0.  0.  0.  0.  0.  0.  0.  0.  0.  0.  0.  0.  0.
  0.  0.  0.  0.  0.  0.  0.  0.  0.  0.  0.  0.  0.  0.  0.  0.  0.  0.
  0.  0.  0.  0.  0.  0.  0.  0.  0.  0.  0.  0.  0.  0.  0.  0.  0.  0.
  0.  0.  0.  0.  0.  0.  0.  0.  0.  0.  0.  0.  0.  0.  0.  0.  0.  0.
  0.  0.  0.  0.  0.  0.  0.  0.  0.  0.  0.  0.  0.  0.  0.  0.  0.  0.
  0.  0.  0.  0.  0.  0.  8.  0.  0. 11.  0.  0.  0.  0.  0.  0.  0.  0.
  0.  0.  0. 13.  1.  4. 18.  0.  0.  0.  0.  0.  0.  0.  0.  0.  0.  0.
  0.  2.  5.  3.  0.  0.  0.  0.  0.  0.  0.  0.  0. 16. 14.  6. 17. 12.
 15.  0.  0.  0.  0.  0.  0.  0.  0.  0.  0.  7. 10.  9. 22.  0. 19.  0.
  0.  0.  0.  0.  0.  0.  0.  0.  0.  0.  0.  0. 21. 25. 20.  0.  0.  0.
  0.  0.  0.  0.  0.  0.  0.  0. 23.  0.  0.  0.  0.  0.  0.  0.  0.  0.
  0.  0.  0.  0. 24.  0.  0.  0.  0.  0.  0.  0.  0.  0.  0.  0.  0.  0.
  0.  0.  0.  0.  0.  0.  0.  0.  0.]