[ 0.  0.  0.  0.  0.  0.  0.  0.  0.  0.  0.  0.  0.  0.  0.  0.  0.  0.
  0.  0.  0. 20.  0.  0.  0.  0.  0.  0.  0.  0.  0.  0.  0.  0.  0.  0.
 19.  0.  0.  0.  0.  0.  0.  0.  0.  0.  0.  0.  0.  0. 26. 17. 15. 25.
  0.  0.  0.  0.  0.  0.  0.  0.  0.  0.  0. 23. 13. 24. 21.  0.  0.  0.
  0.  0.  0.  0.  0.  0.  0.  8. 16.  3. 14.  0. 22.  0.  0.  0.  0.  0.
  0.  0.  0.  0.  7.  6. 18. 27.  0.  0.  0.  0.  0.  0.  0.  0.  0.  0.
  0.  5. 10.  9.  1.  0.  0.  0.  0.  0.  0.  0.  0.  0.  0.  0.  0. 11.
  4.  0.  2.  0.  0.  0.  0.  0.  0.  0.  0.  0.  0. 12.  0.  0.  0.  0.
  0.  0.  0.  0.  0.  0.  0.  0.  0.  0.  0.  0.  0.  0.  0.  0.  0.  0.
  0.  0.  0.  0.  0.  0.  0.  0.  0.  0.  0.  0.  0.  0.  0.  0.  0.  0.
  0.  0.  0.  0.  0.  0.  0.  0.  0.  0.  0.  0.  0.  0.  0.  0.  0.  0.
  0.  0.  0.  0.  0.  0.  0.  0.  0.  0.  0.  0.  0.  0.  0.  0.  0.  0.
  0.  0.  0.  0.  0.  0.  0.  0.  0.]