[ 0.  0.  0.  0.  0.  0.  0.  0.  0.  0.  0.  0.  0.  0.  0.  0.  0.  0.
  0.  0.  0.  0.  0.  0.  0.  0.  0.  0.  0.  0.  0.  0.  0.  0.  0.  0.
  0.  0.  0.  0.  0.  0.  0.  0.  0.  0.  0.  0.  0.  0.  0. 34.  0.  0.
  0.  0.  0.  0.  0.  0.  0.  0.  0.  0. 33.  0.  0.  0.  0.  0.  0.  0.
  0.  0.  0.  0.  0.  0.  0.  0.  0. 14.  3.  5.  0. 32.  0.  0.  0.  0.
  0.  0.  0.  0. 35. 15.  0.  0. 10. 22. 31.  0.  0.  0.  0.  0.  0.  0.
  0.  0. 39.  8.  1. 11. 13. 19. 20.  0.  0.  0.  0.  0.  0.  0.  0. 38.
  7.  2.  6. 18.  0. 21.  0.  0.  0.  0.  0.  0.  0. 37. 24. 23. 12.  4.
  0.  0.  0.  0.  0.  0.  0.  0.  0.  0.  0. 36. 29. 16.  0.  9.  0.  0.
  0.  0.  0.  0.  0.  0.  0.  0. 26. 30. 17.  0.  0.  0.  0.  0.  0.  0.
  0.  0.  0.  0.  0. 25. 27. 28.  0.  0.  0.  0.  0.  0.  0.  0.  0.  0.
  0.  0.  0.  0.  0.  0.  0.  0.  0.  0.  0.  0.  0.  0.  0.  0.  0.  0.
  0.  0.  0.  0.  0.  0.  0.  0.  0.]