[ 0.  0.  0.  0.  0.  0.  0.  0.  0.  0.  0.  0.  0.  0.  0.  0.  0.  0.
  0.  0.  0.  0.  0.  0.  0.  0.  0.  0.  0.  0.  0.  0.  0.  0.  0.  0.
  0.  0.  0.  0.  0.  0.  0.  0.  0.  0.  0.  0.  0.  0.  0.  0.  0.  0.
  0.  0.  0.  0.  0.  0.  0.  0.  0.  0.  0.  0.  0.  0.  0.  0. 29. 26.
  0.  0.  0.  0.  0.  0.  0.  0.  0.  0.  0. 25. 27. 28.  9.  0. 16.  0.
  0.  0.  0.  0.  0.  0.  0. 10.  0. 13.  8. 12. 15.  0.  0.  0.  0.  0.
  0.  0.  0.  0.  1.  0.  4.  0. 11. 23.  0.  0.  0.  0.  0.  0.  0.  0.
 14. 21.  2.  0.  5. 24.  0.  0.  0.  0.  0.  0.  0.  0.  0.  0.  6.  3.
 18.  0.  0.  0.  0.  0.  0.  0.  0.  0.  0.  0.  7. 20. 17. 19.  0.  0.
  0.  0.  0.  0.  0.  0.  0.  0.  0.  0.  0.  0.  0. 22.  0.  0.  0.  0.
  0.  0.  0.  0.  0.  0.  0.  0.  0.  0.  0.  0.  0.  0.  0.  0.  0.  0.
  0.  0.  0.  0.  0.  0.  0.  0.  0.  0.  0.  0.  0.  0.  0.  0.  0.  0.
  0.  0.  0.  0.  0.  0.  0.  0.  0.]