[ 0.  0.  0.  0.  0.  0.  0.  0.  0.  0.  0.  0.  0.  0.  0.  0.  0.  0.
  0.  0. 39. 34.  0.  0.  0.  0.  0.  0.  0.  0.  0.  0.  0.  0.  0.  0.
 36. 33.  0.  0.  0.  0.  0.  0.  0.  0.  0.  0.  0.  0. 35. 37. 38. 31.
  0. 30.  0.  0.  0.  0.  0.  0.  0.  0.  0. 40.  0. 42. 32. 29.  0.  0.
  0.  0.  0.  0.  0.  0. 23.  0.  0. 14. 24. 25.  0. 44.  0.  0.  0.  0.
  0.  0.  0. 28. 22. 13. 15.  0. 47. 41. 19. 43. 45. 46.  0.  0.  0.  0.
 27.  0. 16. 12.  1.  5.  8.  0. 20.  0.  0.  0.  0.  0.  0.  0.  0.  9.
  6.  2.  4.  7.  0.  0.  0.  0.  0.  0.  0.  0.  0.  0.  0.  0. 11.  0.
  3. 10.  0.  0.  0.  0.  0.  0.  0.  0. 26.  0.  0. 18.  0.  0.  0.  0.
  0.  0.  0.  0.  0.  0.  0.  0.  0. 17.  0.  0.  0.  0.  0.  0.  0.  0.
  0.  0.  0.  0.  0.  0.  0.  0.  0. 21.  0.  0.  0.  0.  0.  0.  0.  0.
  0.  0.  0.  0.  0.  0.  0.  0.  0.  0.  0.  0.  0.  0.  0.  0.  0.  0.
  0.  0.  0.  0.  0.  0.  0.  0.  0.]