[ 0.  0.  0.  0.  0.  0.  0.  0.  0.  0.  0.  0.  0.  0.  0.  0.  0.  0.
  0.  0.  0.  0.  0.  0.  0.  0.  0.  0.  0.  0.  0.  0.  0.  0.  0.  0.
  0.  0.  0.  0.  0.  0.  0.  0.  0.  0.  0.  0. 16.  0. 13. 15. 11. 14.
  0.  0.  0.  0.  0.  0.  0.  0.  0.  0.  0.  0. 12.  0.  0.  0.  0.  0.
  0.  0.  0.  0.  0.  0.  0.  0. 20.  7.  8.  5.  0.  0.  0.  0.  0.  0.
  0.  0.  0.  0.  0.  0. 19.  2. 18.  0.  0.  0.  0.  0.  0.  0.  0. 28.
 26.  0.  3. 10.  1.  6.  0.  0.  0.  0.  0.  0.  0.  0.  0. 25. 22.  4.
  9.  0.  0.  0.  0.  0.  0.  0.  0.  0.  0.  0. 23. 21. 17. 24.  0.  0.
  0.  0.  0.  0.  0.  0.  0.  0.  0.  0. 32. 27.  0.  0.  0.  0.  0.  0.
  0.  0.  0.  0.  0.  0. 31. 33.  0. 29.  0.  0.  0.  0.  0.  0.  0.  0.
  0.  0.  0.  0.  0.  0.  0. 30.  0.  0.  0.  0.  0.  0.  0.  0.  0.  0.
  0.  0.  0.  0.  0.  0.  0.  0.  0.  0.  0.  0.  0.  0.  0.  0.  0.  0.
  0.  0.  0.  0.  0.  0.  0.  0.  0.]