[ 0.  0.  0.  0.  0.  0.  0.  0.  0.  0.  0.  0.  0.  0.  0.  0.  0.  0.
  0.  0.  0.  0.  0.  0.  0.  0.  0.  0.  0.  0.  0.  0.  0.  0.  0.  0.
  0.  0.  0.  0.  0.  0.  0.  0.  0.  0.  0.  0.  0.  0.  0.  0. 38.  0.
  0.  0.  0.  0.  0.  0.  0.  0.  0.  0.  0.  0. 37.  0.  0.  0.  0.  0.
  0.  0.  0.  0.  0.  0.  0.  0. 35. 25. 36.  0. 14.  0.  0.  0.  0.  0.
  0.  0.  0.  0. 31. 24. 26. 10.  7.  0.  0.  0.  0.  0.  0.  0.  0.  0.
 33.  0.  0. 17.  1.  4.  3.  0. 13.  0.  0.  0.  0.  0. 39.  0. 34.  0.
 28.  9.  2.  6.  8. 15.  0.  0.  0.  0.  0.  0.  0.  0. 27. 29. 30.  5.
 12. 11.  0.  0.  0.  0.  0.  0.  0.  0.  0.  0.  0.  0. 21. 18. 20. 22.
  0.  0.  0.  0.  0.  0.  0.  0.  0.  0.  0. 32. 16.  0. 23.  0.  0.  0.
  0.  0.  0.  0.  0.  0.  0.  0.  0. 19.  0.  0.  0.  0.  0.  0.  0.  0.
  0.  0.  0.  0.  0.  0.  0.  0.  0.  0.  0.  0.  0.  0.  0.  0.  0.  0.
  0.  0.  0.  0.  0.  0.  0.  0.  0.]