[  0.   0.   0.   0.   0.   0.   0.   0.   0.   0.   0.   0.   0.   0.
   0.   0.   0.   0.   0.   0.  87.   0.  88.   0.   0.   0.   0.  78.
   0.   0.   0.   0.   0.  77.   0.  76.   0.  47.   0.  75.  90.  94.
   0. 104.   0.   0.   0.  86.   0.   0.   0.  37.   0.  20.   0.  79.
  91.  89.  92.   0.   0.   0.   0.  85.  40.  48.  19.  36.  11.  46.
   0.  81.  74.   0.   0.   0.  84.  80.  31.  57.  21.  38.   4.   6.
   7.  13.  93.  82.   0.   0.   0.   0.  83.  54.  26.  39.   0.   3.
   8.  12.  14.  15.  45.   0.   0.   0.   0.  52.  53.   0.  30.   0.
   1.  10.   9.   0.  18.   0.   0.   0.   0.   0.   0.  51.  41.  23.
  22.   2.  27.  16.   0.  17.   0.   0.   0.   0.  96.   0.  49.  70.
  42.  24.  33.   5.  28.   0. 103.  44. 102.   0.   0.  99.  95.  56.
  50.  25.  29.  67.  32.   0.  60.  43.  59.   0.   0.   0.  98.   0.
  55.  97.  34.  69.  35.  64.  61.  63.  58.   0.   0.   0.   0.   0.
   0.   0.   0.   0. 101.  65.   0.  66.   0.   0.  73.   0.   0.   0.
   0.   0.   0. 100.   0.   0.  68.  71.   0.  62.   0.   0.   0.   0.
   0.   0.   0.   0.   0.   0.   0.   0.   0.  72.   0.   0.   0.   0.
   0.]