[ 0.  0.  0.  0.  0.  0.  0.  0.  0.  0.  0.  0.  0.  0.  0.  0.  0.  0.
  0.  0.  0.  0.  0.  0.  0.  0.  0.  0.  0.  0.  0.  0.  0.  0.  0.  0.
  0.  0.  0.  0.  0.  0.  0.  0.  0.  0.  0.  0.  0.  0.  0.  0.  0.  0.
 25.  0.  0.  0.  0.  0.  0.  0.  0.  0.  0. 42. 33. 36. 14. 30. 18. 23.
  0.  0.  0.  0.  0.  0. 38.  0. 39. 31. 32. 21. 13. 17. 22. 19. 20.  0.
  0.  0.  0.  0. 37. 41. 34.  0.  8.  0. 11. 16. 24. 26.  0.  0.  0.  0.
 40. 47. 35. 48.  1.  9. 10.  0. 15.  0. 27.  0.  0.  0.  0.  0. 50. 44.
  7.  2.  4.  0.  5. 28.  0.  0.  0.  0.  0. 51.  0. 49. 43.  0.  0.  0.
  3. 12.  0.  0.  0.  0.  0.  0.  0.  0. 45.  0.  0.  0.  6. 29.  0.  0.
  0.  0.  0.  0.  0.  0. 46.  0.  0.  0.  0.  0.  0.  0.  0.  0.  0.  0.
  0.  0.  0.  0.  0.  0.  0.  0.  0.  0.  0.  0.  0.  0.  0.  0.  0.  0.
  0.  0.  0.  0.  0.  0.  0.  0.  0.  0.  0.  0.  0.  0.  0.  0.  0.  0.
  0.  0.  0.  0.  0.  0.  0.  0.  0.]