[ 0.  0.  0.  0.  0.  0.  0.  0.  0.  0.  0.  0.  0.  0.  0.  0.  0.  0.
  0.  0.  0.  0.  0.  0.  0.  0.  0.  0.  0.  0.  0.  0.  0.  0.  0.  0.
  0.  0.  0.  0.  0.  0.  0.  0.  0.  0.  0.  0.  0.  0.  0.  0.  0. 22.
  0.  0. 28.  0.  0.  0.  0.  0.  0.  0.  0.  0.  0. 23. 21. 26. 25.  0.
  0.  0.  0.  0.  0.  0.  0.  0.  0.  0. 16. 19. 27. 31. 32. 29.  0.  0.
  0.  0.  0.  0.  0.  0.  0. 20. 17. 24. 33. 30.  0.  0.  0.  0.  0.  0.
  0.  0. 18. 15.  1.  5.  6. 13.  0.  0.  0.  0.  0.  0.  0.  0.  0.  9.
  8.  2.  4. 11. 10.  0.  0.  0.  0.  0.  0.  0.  0.  0.  0.  0.  7.  0.
  3. 12.  0.  0.  0.  0.  0.  0.  0.  0.  0.  0.  0. 14.  0.  0.  0.  0.
  0.  0.  0.  0.  0.  0.  0.  0.  0.  0.  0.  0.  0.  0.  0.  0.  0.  0.
  0.  0.  0.  0.  0.  0.  0.  0.  0.  0.  0.  0.  0.  0.  0.  0.  0.  0.
  0.  0.  0.  0.  0.  0.  0.  0.  0.  0.  0.  0.  0.  0.  0.  0.  0.  0.
  0.  0.  0.  0.  0.  0.  0.  0.  0.]