[ 0.  0.  0.  0.  0.  0.  0.  0.  0.  0.  0.  0.  0.  0.  0.  0.  0.  0.
  0.  0.  0.  0.  0.  0.  0.  0.  0.  0.  0.  0.  0.  0.  0.  0.  0.  0.
  0.  0.  0.  0.  0. 28.  0.  0.  0.  0.  0.  0.  0.  0.  0.  0.  0.  0.
 24. 25.  0.  0.  0.  0.  0.  0.  0.  0.  0.  0.  0. 22.  0. 23.  0.  0.
  0.  0.  0.  0.  0.  0.  0.  0.  0. 16. 15.  3.  5. 29. 30.  0.  0.  0.
  0.  0.  0.  0.  0. 11.  0.  0.  8. 21.  0. 31.  0.  0.  0.  0.  0.  0.
  0.  0.  0. 10.  1.  9. 19. 17. 20. 32.  0.  0.  0.  0.  0.  0.  0.  0.
  7.  6.  2. 14. 27. 26.  0.  0.  0.  0.  0.  0.  0.  0.  0.  0.  0.  4.
 18.  0.  0.  0.  0.  0.  0.  0.  0.  0.  0.  0.  0.  0.  0. 12.  0.  0.
  0.  0.  0.  0.  0.  0.  0.  0.  0.  0.  0.  0.  0. 13.  0.  0.  0.  0.
  0.  0.  0.  0.  0.  0.  0.  0.  0.  0.  0.  0.  0.  0.  0.  0.  0.  0.
  0.  0.  0.  0.  0.  0.  0.  0.  0.  0.  0.  0.  0.  0.  0.  0.  0.  0.
  0.  0.  0.  0.  0.  0.  0.  0.  0.]