[ 0.  0.  0.  0.  0.  0.  0.  0.  0.  0.  0.  0.  0.  0.  0.  0.  0.  0.
  0.  0.  0.  0.  0.  0.  0.  0.  0.  0.  0.  0.  0.  0.  0.  0.  0.  0.
  0.  0.  0.  0.  0.  0.  0.  0.  0.  0.  0.  0.  0.  0.  0.  0.  0.  0.
  0.  0.  0.  0.  0.  0.  0.  0.  0.  0.  0.  0.  0.  0.  0.  0.  0.  0.
  0.  0.  0.  0.  0.  0.  0.  0.  0.  0.  3.  0.  0.  0.  0.  0.  0.  0.
  0.  0.  0.  0.  0.  0.  0.  0.  0.  0.  0.  0.  0.  0.  0.  0.  0.  0.
  0.  0. 19.  8.  1.  0.  5.  0.  0.  0.  0.  0.  0.  0.  0. 26. 22. 16.
  0.  2.  7. 15.  6.  0.  0.  0.  0.  0.  0.  0.  0. 17. 18. 11. 10.  4.
 12.  0.  0.  0.  0.  0.  0.  0.  0.  0.  0. 25.  0. 14. 13.  9.  0.  0.
  0.  0.  0.  0.  0.  0.  0.  0.  0.  0. 20.  0.  0.  0.  0.  0.  0.  0.
  0.  0.  0.  0.  0. 24.  0. 21. 23.  0.  0.  0.  0.  0.  0.  0.  0.  0.
  0.  0.  0.  0.  0.  0.  0.  0.  0.  0.  0.  0.  0.  0.  0.  0.  0.  0.
  0.  0.  0.  0.  0.  0.  0.  0.  0.]