[ 0.  0.  0.  0.  0.  0.  0.  0.  0.  0.  0.  0.  0.  0.  0.  0.  0.  0.
  0.  0.  0.  0.  0.  0.  0.  0.  0.  0.  0.  0.  0.  0.  0.  0.  0.  0.
  0.  0. 26.  0.  0.  0.  0.  0.  0.  0.  0.  0.  0.  0. 17.  0. 18.  0.
  0.  0.  0.  0.  0.  0.  0.  0.  0.  0.  0.  0. 16. 22. 20. 23.  0.  0.
  0.  0.  0.  0.  0.  0.  0.  0. 14.  0.  0.  7. 21.  0.  0.  0.  0.  0.
  0.  0.  0.  0. 19. 13.  2.  8. 12. 25. 24.  0.  0.  0.  0.  0.  0.  0.
  0. 10.  9.  3.  1.  5.  6.  0.  0.  0.  0.  0.  0.  0.  0.  0.  0. 11.
  0.  4.  0.  0. 15.  0.  0.  0.  0.  0.  0.  0.  0.  0.  0.  0.  0.  0.
  0.  0.  0.  0.  0.  0.  0.  0.  0.  0.  0.  0.  0.  0.  0.  0.  0.  0.
  0.  0.  0.  0.  0.  0.  0.  0.  0.  0.  0.  0.  0.  0.  0.  0.  0.  0.
  0.  0.  0.  0.  0.  0.  0.  0.  0.  0.  0.  0.  0.  0.  0.  0.  0.  0.
  0.  0.  0.  0.  0.  0.  0.  0.  0.  0.  0.  0.  0.  0.  0.  0.  0.  0.
  0.  0.  0.  0.  0.  0.  0.  0.  0.]