[ 0.  0.  0.  0.  0.  0.  0.  0.  0.  0.  0.  0.  0.  0.  0.  0.  0.  0.
  0.  0.  0.  0.  0.  0.  0.  0.  0.  0.  0.  0.  0.  0.  0.  0.  0.  0.
 28.  0.  0.  0.  0.  0.  0.  0.  0.  0.  0.  0. 46.  0.  0. 27.  0. 48.
  0.  0.  0.  0.  0.  0.  0.  0. 43.  0. 45. 32. 17.  0.  0.  0.  0.  0.
  0.  0.  0.  0.  0.  0. 40. 19.  0. 15.  0. 47.  0.  0.  0.  0.  0.  0.
  0.  0. 44. 29. 38. 11. 23. 16.  0.  0.  0.  0.  0.  0.  0.  0.  0. 31.
 30. 12. 14. 24.  1.  9.  6.  0.  0.  0.  0.  0.  0. 42. 39.  0. 18. 13.
  0.  2.  4.  5.  0.  0.  0.  0.  0. 41. 36.  0. 22. 20. 25.  8.  7.  0.
  3. 10.  0.  0.  0.  0.  0.  0. 34. 33. 21. 51. 52. 49.  0.  0.  0.  0.
  0.  0.  0.  0. 35.  0. 26.  0.  0. 50.  0.  0.  0.  0.  0.  0.  0.  0.
  0.  0.  0.  0. 37.  0.  0.  0.  0.  0.  0.  0.  0.  0.  0.  0.  0.  0.
  0.  0.  0.  0.  0.  0.  0.  0.  0.  0.  0.  0.  0.  0.  0.  0.  0.  0.
  0.  0.  0.  0.  0.  0.  0.  0.  0.]