[ 0.  0.  0.  0.  0.  0.  0.  0.  0.  0.  0.  0.  0.  0.  0.  0.  0.  0.
  0.  0.  0.  0.  0.  0.  0.  0.  0.  0.  0.  0.  0.  0.  0.  0.  0.  0.
  0.  0.  0.  0.  0.  0.  0.  0.  0.  0.  0.  0.  0.  0. 24.  0.  0.  0.
  0.  0.  0.  0.  0.  0.  0.  0.  0.  0. 20.  0.  0.  0.  0.  0.  0.  0.
  0.  0.  0.  0.  0.  0. 22. 21. 19. 16.  0.  0.  0.  0.  0.  0.  0.  0.
  0.  0.  0.  0. 18. 17.  0.  7.  3. 12.  0.  0.  0.  0.  0.  0.  0.  0.
  0. 25. 23.  9.  1. 13. 14.  0.  0.  0.  0.  0.  0.  0.  0.  0.  0. 10.
  6.  8. 11. 15.  0.  0.  0.  0.  0.  0.  0.  0.  0.  0.  0.  0.  5.  4.
  2.  0.  0.  0.  0.  0.  0.  0.  0.  0.  0.  0.  0.  0.  0.  0.  0.  0.
  0.  0.  0.  0.  0.  0.  0.  0.  0.  0.  0.  0.  0.  0.  0.  0.  0.  0.
  0.  0.  0.  0.  0.  0.  0.  0.  0.  0.  0.  0.  0.  0.  0.  0.  0.  0.
  0.  0.  0.  0.  0.  0.  0.  0.  0.  0.  0.  0.  0.  0.  0.  0.  0.  0.
  0.  0.  0.  0.  0.  0.  0.  0.  0.]