[ 0.  0.  0.  0.  0.  0.  0.  0.  0.  0.  0.  0.  0.  0.  0.  0.  0.  0.
  0.  0.  0.  0.  0.  0.  0.  0.  0.  0.  0.  0.  0.  0.  0.  0.  0.  0.
  0.  0. 18. 27.  0.  0.  0. 20.  0.  0.  0.  0.  0.  0.  0.  0.  0. 17.
  0.  0. 22. 19.  0.  0.  0.  0.  0.  0.  0.  0.  0.  0. 15. 10.  0. 11.
  0.  0.  0.  0.  0.  0.  0.  0.  0.  0.  0.  3.  6.  9. 21. 24.  0.  0.
  0.  0.  0.  0.  0.  0.  0.  4.  5.  7. 14. 13. 23.  0.  0.  0.  0.  0.
  0.  0.  0.  0.  1. 12. 16.  8. 25.  0.  0.  0.  0.  0.  0.  0.  0.  0.
  0.  0.  2. 28.  0. 26.  0.  0.  0.  0.  0.  0.  0.  0.  0.  0.  0.  0.
  0.  0.  0.  0.  0.  0.  0.  0.  0.  0.  0.  0.  0.  0.  0.  0.  0.  0.
  0.  0.  0.  0.  0.  0.  0.  0.  0.  0.  0.  0.  0.  0.  0.  0.  0.  0.
  0.  0.  0.  0.  0.  0.  0.  0.  0.  0.  0.  0.  0.  0.  0.  0.  0.  0.
  0.  0.  0.  0.  0.  0.  0.  0.  0.  0.  0.  0.  0.  0.  0.  0.  0.  0.
  0.  0.  0.  0.  0.  0.  0.  0.  0.]