[ 0.  0.  0.  0.  0.  0.  0.  0.  0.  0.  0.  0.  0.  0.  0.  0.  0.  0.
  0.  0.  0.  0.  0.  0.  0.  0.  0.  0.  0.  0.  0.  0.  0.  0.  0.  0.
  0.  0.  0.  0.  0.  0.  0.  0.  0.  0.  0.  0.  0.  0.  0.  0.  0.  0.
  0.  0.  0.  0.  0.  0.  0.  0.  0.  0.  0.  0.  0.  0.  0.  0.  0.  0.
  0.  0.  0.  0.  0.  0.  0.  0.  0.  0.  0.  0.  0.  0. 25.  0.  0.  0.
  0.  0.  0.  0.  0.  9.  0.  0. 10.  5. 24.  0.  0.  0.  0.  0.  0.  0.
  0.  0.  0.  4.  1.  3. 12. 23. 20.  0.  0.  0.  0.  0.  0.  0.  0.  0.
  7.  6.  2.  0. 13.  0. 26.  0.  0.  0.  0.  0.  0.  0.  0.  0. 14.  8.
 19.  0.  0.  0.  0.  0.  0.  0.  0.  0.  0.  0. 15. 18. 17. 11.  0.  0.
  0.  0.  0.  0.  0.  0.  0.  0.  0.  0.  0. 22.  0.  0.  0.  0.  0.  0.
  0.  0.  0.  0.  0.  0.  0. 21. 16.  0.  0.  0.  0.  0.  0.  0.  0.  0.
  0.  0.  0.  0.  0.  0.  0.  0.  0.  0.  0.  0.  0.  0.  0.  0.  0.  0.
  0.  0.  0.  0.  0.  0.  0.  0.  0.]