[ 0.  0.  0.  0.  0. 49.  0.  0.  0.  0.  0.  0.  0.  0.  0.  0.  0.  0.
  0. 51. 50.  0. 48.  0.  0.  0.  0.  0.  0.  0.  0.  0.  0.  0.  0. 43.
 47.  0.  0.  0.  0.  0.  0.  0.  0.  0.  0.  0. 36. 44. 45.  0. 22.  0.
  0.  0.  0.  0.  0.  0.  0. 39. 40. 35. 33. 37. 38. 21.  0.  0.  0.  0.
  0.  0.  0.  0.  0. 41.  0. 34. 46. 24.  3.  5. 16.  0.  0.  0.  0.  0.
  0.  0. 30. 29. 25. 23. 31. 32. 10. 14. 15.  0.  0.  0.  0.  0.  0.  0.
  0. 42. 28.  8.  1. 11. 17. 13. 18.  0.  0.  0.  0.  0.  0.  0.  0.  0.
  7.  2.  6. 12. 19.  0.  0.  0.  0.  0.  0.  0.  0.  0.  0.  0. 27.  4.
 26. 20.  0.  0.  0.  0.  0.  0.  0.  0.  0.  0.  0.  0.  0.  9.  0.  0.
  0.  0.  0.  0.  0.  0.  0.  0.  0.  0.  0.  0.  0.  0.  0.  0.  0.  0.
  0.  0.  0.  0.  0.  0.  0.  0.  0.  0.  0.  0.  0.  0.  0.  0.  0.  0.
  0.  0.  0.  0.  0.  0.  0.  0.  0.  0.  0.  0.  0.  0.  0.  0.  0.  0.
  0.  0.  0.  0.  0.  0.  0.  0.  0.]