[ 0.  0.  0.  0.  0.  0.  0.  0.  0.  0.  0.  0.  0.  0.  0.  0.  0.  0.
  0.  0.  0.  0.  0.  0.  0.  0.  0.  0.  0.  0.  0.  0.  0.  0.  0.  0.
  0.  0.  0.  0.  0.  0.  0.  0.  0.  0.  0.  0.  0.  0.  0.  0.  0. 26.
  0. 22. 30.  0.  0.  0.  0.  0.  0.  0.  0.  0.  0.  0. 13. 21. 28. 27.
  0.  0.  0.  0.  0.  0.  0.  0.  3.  0. 10. 19. 31. 23. 29. 32.  0.  0.
  0.  0.  0.  0.  0.  0.  4.  9.  6. 24.  0. 25.  0.  0.  0.  0.  0.  0.
  0.  0.  8.  5.  1.  7. 11. 12. 33.  0.  0.  0.  0.  0.  0.  0.  0. 20.
  0. 15.  2. 14.  0.  0.  0.  0.  0.  0.  0.  0.  0.  0.  0.  0. 18. 16.
  0.  0.  0.  0.  0.  0.  0.  0.  0.  0.  0.  0.  0. 17.  0.  0.  0.  0.
  0.  0.  0.  0.  0.  0.  0.  0.  0.  0.  0.  0.  0.  0.  0.  0.  0.  0.
  0.  0.  0.  0.  0.  0.  0.  0.  0.  0.  0.  0.  0.  0.  0.  0.  0.  0.
  0.  0.  0.  0.  0.  0.  0.  0.  0.  0.  0.  0.  0.  0.  0.  0.  0.  0.
  0.  0.  0.  0.  0.  0.  0.  0.  0.]