[ 0.  0.  0.  0.  0.  0.  0.  0.  0.  0.  0.  0.  0.  0.  0.  0.  0. 59.
 77.  0.  0. 82.  0.  0.  0.  0.  0.  0.  0.  0.  0.  0. 81. 58. 78. 62.
  0.  0. 42. 45. 26. 43.  0.  0.  0.  0.  0.  0. 76. 54. 75.  0. 71.  0.
 25. 36. 35.  0.  0.  0. 80.  0.  0. 60.  0. 46. 73. 72. 23. 28. 27. 44.
  0.  0.  0.  0. 79. 61. 64. 57. 74. 22. 21. 56. 24.  0. 29.  0.  0.  0.
  0. 70. 69. 67. 65. 63. 68. 55.  6. 31.  9. 33. 30.  0.  0.  0.  0.  0.
 51. 66. 20. 19.  1.  7.  8. 32. 34.  0.  0.  0.  0.  0.  0. 50. 49. 47.
  5.  2.  4.  0. 10. 13.  0.  0.  0.  0.  0.  0.  0. 41. 52. 38.  0. 12.
  3.  0. 11.  0.  0.  0.  0.  0.  0. 48. 40. 53. 37. 39.  0. 14. 17. 16.
  0.  0.  0.  0.  0.  0.  0.  0.  0.  0.  0.  0. 18. 15.  0.  0.  0.  0.
  0.  0.  0.  0.  0.  0.  0.  0.  0.  0.  0.  0.  0.  0.  0.  0.  0.  0.
  0.  0.  0.  0.  0.  0.  0.  0.  0.  0.  0.  0.  0.  0.  0.  0.  0.  0.
  0.  0.  0.  0.  0.  0.  0.  0.  0.]