[ 0.  0.  0.  0.  0.  0.  0.  0.  0.  0.  0.  0.  0.  0.  0.  0.  0.  0.
  0.  0.  0.  0.  0.  0.  0.  0.  0.  0.  0.  0.  0.  0.  0.  0.  0.  0.
  0.  0.  0. 54.  0.  0. 53.  0.  0.  0.  0.  0.  0.  0.  0. 26. 30.  0.
 55. 51. 48. 42.  0.  0.  0.  0.  0.  0.  0.  0. 35. 25. 33. 38. 52. 41.
  0.  0.  0.  0. 65.  0.  0. 21.  0. 32.  3.  5. 44. 39. 43.  0.  0.  0.
  0.  0. 60. 61. 36. 20. 34. 37. 10. 19. 27. 45.  0.  0.  0.  0.  0.  0.
 64.  0. 31.  8.  1.  0. 24. 49.  0.  0.  0.  0.  0. 63. 58. 56. 62. 28.
  7.  2.  6. 17. 40. 50.  0.  0.  0.  0. 66. 59. 57.  0. 18. 15. 12.  4.
 23. 22. 47.  0.  0.  0.  0.  0.  0.  0.  0. 29. 13. 14. 11.  9.  0.  0.
 46.  0.  0.  0.  0.  0.  0.  0.  0. 16.  0.  0.  0.  0.  0.  0.  0.  0.
  0.  0.  0.  0.  0.  0.  0.  0.  0.  0.  0.  0.  0.  0.  0.  0.  0.  0.
  0.  0.  0.  0.  0.  0.  0.  0.  0.  0.  0.  0.  0.  0.  0.  0.  0.  0.
  0.  0.  0.  0.  0.  0.  0.  0.  0.]