[ 0.  0.  0.  0.  0.  0.  0.  0.  0.  0.  0.  0.  0.  0.  0.  0.  0.  0.
  0.  0.  0.  0.  0. 72. 87.  0.  0.  0.  0.  0.  0.  0.  0.  0.  0.  0.
  0. 73.  0.  0. 70.  0.  0.  0.  0.  0.  0.  0.  0.  0. 45. 44. 30. 53.
  0. 71. 64.  0.  0.  0.  0. 32.  0. 55. 46. 52. 27. 33. 42.  0. 58. 63.
  0.  0.  0.  0. 41. 31.  0. 26. 29. 54. 48.  0. 47. 60. 57. 59.  0.  0.
  0. 38. 28. 25. 11.  0. 43. 24.  0.  0.  0. 61. 68. 74.  0. 35.  0.  0.
 40. 13.  8.  5.  1. 19. 50. 49. 65.  0.  0.  0.  0. 34. 39.  0. 16.  7.
  4.  2.  6. 62. 51. 66.  0.  0.  0.  0.  0. 22. 17.  9.  3. 18.  0.  0.
 67. 56.  0.  0.  0.  0.  0. 37. 36. 10. 14. 12. 15.  0. 76. 79.  0.  0.
  0.  0.  0.  0.  0.  0.  0. 20.  0. 82. 75. 81. 69. 83. 84.  0.  0.  0.
  0.  0.  0. 21.  0. 23.  0.  0. 78. 80.  0. 85.  0.  0.  0.  0.  0.  0.
  0.  0.  0.  0.  0.  0. 77.  0.  0. 86.  0.  0.  0.  0.  0.  0.  0.  0.
  0.  0.  0.  0.  0.  0.  0.  0.  0.]