[ 0.  0.  0.  0.  0.  0.  0.  0.  0.  0.  0.  0.  0.  0.  0.  0.  0.  0.
  0.  0.  0.  0. 30. 37.  0.  0.  0.  0.  0.  0.  0.  0.  0.  0.  0.  0.
 33. 29.  0.  0.  0.  0.  0.  0.  0.  0.  0.  0.  0.  0. 32. 31. 25.  0.
  0.  0.  0.  0.  0.  0.  0.  0.  0.  0. 20. 35. 26. 27. 34.  0.  0.  0.
  0.  0.  0.  0.  0.  0. 18. 19. 21.  0. 23.  0.  0.  0.  0.  0.  0.  0.
  0.  0.  0. 36. 17. 22. 24. 28.  0.  0.  0.  0.  0.  0.  0.  0.  0.  0.
  0.  0. 15. 16.  1.  5.  6.  0.  0.  0.  0.  0.  0.  0.  0.  0.  0.  0.
 13.  2.  4.  8.  9.  0.  0.  0.  0.  0.  0.  0.  0.  0. 14.  0.  7. 11.
  3. 12.  0.  0.  0.  0.  0.  0.  0.  0.  0.  0.  0.  0. 10.  0.  0.  0.
  0.  0.  0.  0.  0.  0.  0.  0.  0.  0.  0.  0.  0.  0.  0.  0.  0.  0.
  0.  0.  0.  0.  0.  0.  0.  0.  0.  0.  0.  0.  0.  0.  0.  0.  0.  0.
  0.  0.  0.  0.  0.  0.  0.  0.  0.  0.  0.  0.  0.  0.  0.  0.  0.  0.
  0.  0.  0.  0.  0.  0.  0.  0.  0.]