[ 0.  0.  0.  0.  0.  0.  0.  0.  0.  0.  0.  0.  0.  0.  0.  0.  0.  0.
  0.  0.  0.  0.  0.  0.  0.  0.  0. 39.  0.  0.  0.  0.  0.  0.  0.  0.
  0.  0. 34. 31. 29. 33. 37. 38.  0.  0.  0.  0.  0.  0.  0.  0.  0.  0.
 30. 23.  0.  0.  0.  0.  0.  0.  0.  0.  0.  0.  0.  0.  0.  0.  0.  0.
 35.  0.  0.  0.  0.  0.  0. 25.  0. 12.  3.  5. 22. 32. 36.  0.  0.  0.
  0.  0.  0.  0.  0. 24. 27. 26. 10. 21. 19.  0.  0.  0.  0.  0.  0.  0.
  0.  0. 28.  8.  1. 11.  0. 18. 17.  0.  0.  0.  0.  0.  0.  0.  0.  0.
  7.  2.  6. 15.  0. 14.  0.  0.  0.  0.  0.  0.  0.  0.  0.  0.  0.  4.
 20. 13.  0.  0.  0.  0.  0.  0.  0.  0.  0.  0.  0.  0.  0.  9.  0. 16.
  0.  0.  0.  0.  0.  0.  0.  0.  0.  0.  0.  0.  0.  0.  0.  0.  0.  0.
  0.  0.  0.  0.  0.  0.  0.  0.  0.  0.  0.  0.  0.  0.  0.  0.  0.  0.
  0.  0.  0.  0.  0.  0.  0.  0.  0.  0.  0.  0.  0.  0.  0.  0.  0.  0.
  0.  0.  0.  0.  0.  0.  0.  0.  0.]