[ 0.  0.  0.  0.  0.  0.  0.  0.  0.  0.  0.  0.  0.  0.  0.  0.  0.  0.
  0.  0.  0.  0.  0.  0.  0.  0.  0.  0.  0.  0.  0.  0.  0.  0.  0.  0.
  0.  0.  0.  0.  0.  0.  0.  0.  0.  0.  0.  0.  0.  0.  0.  0.  0.  0.
  0.  0.  0.  0.  0.  0.  0.  0.  0.  0.  0.  0.  0.  0.  0.  0.  0.  0.
  0.  0.  0.  0.  0.  0.  0.  0.  0.  0.  0.  0.  0.  0.  0.  0.  0.  0.
  0.  0.  0.  0.  0.  0.  6.  0.  3.  0.  0.  0.  0.  0.  0.  0.  0.  0.
  0. 10.  0.  0.  1.  0.  8. 16.  0.  0.  0.  0.  0.  0.  0.  0.  0.  9.
  4.  2.  5. 15.  0.  0.  0.  0.  0.  0.  0.  0. 28. 18. 30.  7. 13. 11.
 14.  0.  0.  0.  0.  0.  0.  0.  0.  0. 25.  0. 23. 20. 12.  0.  0.  0.
  0.  0.  0.  0.  0.  0.  0. 22. 21. 26. 17. 19.  0.  0.  0.  0.  0.  0.
  0.  0.  0.  0. 24. 32. 27. 31. 29.  0.  0.  0.  0.  0.  0.  0.  0.  0.
  0.  0.  0. 33.  0.  0.  0.  0.  0.  0.  0.  0.  0.  0.  0.  0.  0.  0.
  0.  0.  0.  0.  0.  0.  0.  0.  0.]