[ 0.  0.  0.  0.  0.  0.  0.  0.  0.  0.  0.  0.  0.  0.  0.  0.  0.  0.
  0.  0.  0.  0.  0.  0.  0.  0.  0.  0.  0.  0.  0.  0.  0.  0.  0.  0.
  0. 23.  0.  0.  0.  0.  0.  0.  0.  0.  0.  0.  0.  0.  0.  0.  0. 22.
  0.  0.  0.  0.  0.  0.  0.  0.  0.  0.  0.  0.  0.  0. 27. 20. 26. 24.
 28. 29.  0.  0.  0.  0.  0.  0.  0.  0.  0.  0.  3. 18. 25. 30.  0.  0.
  0.  0.  0.  0.  0.  0.  0.  0. 10. 11.  0.  0.  0.  0.  0.  0.  0.  0.
  0.  0.  0.  4.  1. 13.  7. 15. 16.  0.  0.  0.  0.  0.  0.  0.  0. 19.
  9.  5.  2. 12.  0.  0.  0.  0.  0.  0.  0.  0.  0.  0. 21.  8.  6. 14.
 17.  0.  0.  0.  0.  0.  0.  0.  0.  0.  0.  0.  0.  0.  0.  0.  0.  0.
  0.  0.  0.  0.  0.  0.  0.  0.  0.  0.  0.  0.  0.  0.  0.  0.  0.  0.
  0.  0.  0.  0.  0.  0.  0.  0.  0.  0.  0.  0.  0.  0.  0.  0.  0.  0.
  0.  0.  0.  0.  0.  0.  0.  0.  0.  0.  0.  0.  0.  0.  0.  0.  0.  0.
  0.  0.  0.  0.  0.  0.  0.  0.  0.]