[ 0.  0.  0.  0.  0.  0.  0.  0.  0.  0.  0.  0.  0.  0.  0.  0.  0.  0.
  0.  0.  0.  0.  0.  0.  0.  0.  0.  0.  0.  0.  0.  0.  0.  0.  0.  0.
  0.  0.  0.  0.  0.  0.  0.  0.  0.  0.  0.  0.  0.  0.  0.  0.  0.  0.
  0.  0.  0.  0.  0.  0.  0.  0.  0.  0.  0.  0.  0.  0. 12.  0.  0.  0.
  0.  0.  0.  0.  0.  0.  0.  0.  6. 20.  9.  8.  0.  0.  0.  0.  0.  0.
  0.  0.  0.  0.  0.  0.  5. 11. 13. 14.  0.  0.  0.  0.  0.  0.  0.  0.
  0.  0.  7. 16.  1. 15.  0.  0.  0.  0.  0.  0.  0.  0.  0. 18. 10. 19.
  4.  2.  3.  0.  0.  0.  0.  0.  0.  0.  0.  0.  0.  0.  0.  0. 27. 21.
 23. 17. 25. 26.  0.  0.  0.  0.  0.  0.  0.  0.  0.  0. 22.  0. 24.  0.
  0.  0.  0.  0.  0.  0.  0.  0.  0.  0.  0.  0.  0.  0.  0.  0.  0.  0.
  0.  0.  0.  0.  0.  0.  0.  0.  0.  0.  0.  0.  0.  0.  0.  0.  0.  0.
  0.  0.  0.  0.  0.  0.  0.  0.  0.  0.  0.  0.  0.  0.  0.  0.  0.  0.
  0.  0.  0.  0.  0.  0.  0.  0.  0.]