[ 0.  0.  0.  0.  0.  0.  0.  0.  0.  0.  0.  0.  0.  0.  0.  0.  0.  0.
  0.  0.  0. 52.  0. 53.  0. 34.  0.  0.  0.  0.  0.  0.  0.  0.  0.  0.
  0. 51.  0. 33.  0.  0.  0.  0.  0.  0.  0.  0.  0.  0.  0. 54. 32. 31.
  0.  0.  0.  0.  0.  0.  0.  0.  0.  0.  0.  0.  0. 21. 24. 27.  0. 57.
  0.  0.  0.  0.  0.  0.  0.  0.  0.  0. 17. 20.  0. 56.  0.  0.  0.  0.
  0.  0.  0.  0.  0.  0.  0. 26.  0. 16.  7. 55.  0.  0.  0.  0.  0.  0.
  0. 30. 15. 29.  1. 25.  6. 10. 11.  0.  0.  0.  0.  0.  0.  0. 23. 22.
 14.  2. 18.  9.  8. 43. 41.  0.  0.  0.  0.  0.  0. 28.  0. 19.  4.  3.
  0. 45. 12. 42. 44.  0.  0.  0.  0.  0. 36.  0.  0.  5. 46. 48. 39.  0.
 13.  0.  0.  0.  0.  0.  0.  0. 35.  0. 40. 37. 38.  0.  0.  0.  0.  0.
  0.  0.  0.  0.  0.  0.  0.  0.  0. 49. 47.  0.  0.  0.  0.  0.  0.  0.
  0.  0.  0.  0.  0.  0.  0. 50.  0.  0.  0.  0.  0.  0.  0.  0.  0.  0.
  0.  0.  0.  0.  0.  0.  0.  0.  0.]