[ 0.  0.  0.  0.  0.  0.  0.  0.  0.  0.  0.  0.  0.  0.  0.  0.  0.  0.
  0.  0.  0.  0.  0.  0.  0.  0.  0.  0.  0.  0.  0.  0.  0.  0.  0.  0.
  0.  0.  0.  0.  0.  0.  0.  0.  0.  0.  0.  0.  0.  0.  0.  0.  0.  0.
  0.  0.  0.  0.  0.  0.  0.  0.  0.  0.  0.  0.  0.  0.  0.  0.  0.  0.
  0.  0.  0.  0.  0.  0.  0.  0.  0.  0.  0.  3.  0.  0.  0.  0.  0.  0.
  0.  0.  0.  0.  0.  0.  0.  0.  8. 21.  0.  0.  0.  0.  0.  0.  0.  0.
  0.  0.  0.  0.  1. 25.  0. 19.  0.  0.  0.  0.  0.  0.  0.  0. 14.  0.
  5.  0.  2. 23. 20. 22.  0.  0.  0.  0.  0.  0.  0.  0.  7. 12.  6.  4.
 17.  0. 26.  0.  0.  0.  0.  0.  0.  0.  0.  0.  9. 10. 24.  0.  0.  0.
  0.  0.  0.  0.  0.  0.  0.  0. 16. 11. 13. 15. 18.  0.  0.  0.  0.  0.
  0.  0.  0.  0.  0.  0.  0.  0.  0.  0.  0.  0.  0.  0.  0.  0.  0.  0.
  0.  0.  0.  0.  0.  0.  0.  0.  0.  0.  0.  0.  0.  0.  0.  0.  0.  0.
  0.  0.  0.  0.  0.  0.  0.  0.  0.]