[ 0.  0.  0.  0.  0.  0.  0.  0.  0.  0.  0.  0.  0.  0.  0.  0.  0.  0.
  0.  0.  0.  0.  0.  0.  0.  0.  0.  0.  0.  0.  0.  0.  0.  0.  0.  0.
  0.  0.  0.  0.  0. 28.  0.  0.  0.  0.  0.  0.  0.  0.  0. 23.  0. 31.
  0. 26.  0. 32.  0.  0.  0.  0.  0.  0.  0.  0.  0. 22. 25. 24.  0.  0.
  0.  0.  0.  0.  0.  0.  0.  0.  0.  0.  0. 29.  0. 30.  0. 27.  0.  0.
  0.  0.  0.  0.  0.  0.  0. 13.  6. 12. 15.  0.  0.  0.  0.  0.  0.  0.
  0.  0.  0.  8.  1.  7. 21. 16. 14. 20.  0.  0.  0.  0.  0.  0.  0.  0.
 11.  0.  2. 18.  9. 17.  0.  0.  0.  0.  0.  0.  0.  0.  0.  0.  4. 19.
  3.  0.  0.  0.  0.  0.  0.  0.  0.  0.  0.  0.  5.  0. 10.  0.  0.  0.
  0.  0.  0.  0.  0.  0.  0.  0.  0.  0.  0.  0.  0.  0.  0.  0.  0.  0.
  0.  0.  0.  0.  0.  0.  0.  0.  0.  0.  0.  0.  0.  0.  0.  0.  0.  0.
  0.  0.  0.  0.  0.  0.  0.  0.  0.  0.  0.  0.  0.  0.  0.  0.  0.  0.
  0.  0.  0.  0.  0.  0.  0.  0.  0.]