[ 0.  0.  0.  0.  0.  0.  0.  0.  0.  0.  0.  0.  0.  0.  0.  0.  0.  0.
  0.  0.  0. 83.  0.  0.  0.  0.  0.  0.  0.  0.  0.  0.  0.  0. 85. 84.
  0. 48. 47.  0. 76. 89. 88.  0.  0.  0.  0. 56.  0. 43. 29. 46.  0. 50.
  0. 75.  0.  0.  0.  0.  0.  0.  0. 55. 86.  0. 28. 49. 25.  0.  0.  0.
 81.  0.  0.  0.  0.  0. 44. 45. 24. 27. 26.  0. 38. 59. 58. 82. 90.  0.
  0.  0. 97.  0.  0.  0.  3.  0.  6. 11. 37. 51. 53. 54.  0.  0. 96.  0.
 21. 22.  9.  0.  1. 10. 13. 34. 52. 57. 91.  0.  0.  0.  0.  0. 20. 17.
  5.  2.  4.  0. 36. 33. 77. 60.  0.  0.  0. 87. 19. 14. 18.  8. 12.  7.
  0. 30. 92. 78. 93.  0.  0.  0.  0. 68. 23. 15. 69. 16. 72. 62. 41. 35.
 61. 79. 80.  0.  0. 94.  0.  0. 32.  0. 31. 63. 64. 39. 42.  0.  0.  0.
  0.  0.  0. 95.  0.  0.  0.  0. 67. 40. 66.  0.  0.  0.  0.  0.  0.  0.
  0.  0.  0.  0. 74. 71. 65.  0. 73.  0.  0.  0.  0.  0.  0.  0.  0.  0.
  0.  0.  0.  0. 70.  0.  0.  0.  0.]