[ 0.  0.  0.  0.  0.  0.  0.  0.  0.  0.  0.  0.  0.  0.  0.  0.  0.  0.
  0.  0.  0.  0.  0.  0.  0.  0.  0.  0.  0.  0.  0.  0.  0.  0.  0.  0.
  0.  0.  0.  0.  0.  0.  0.  0.  0.  0.  0.  0.  0.  0.  0.  0.  0.  0.
  0.  0.  0.  0.  0.  0.  0.  0.  0.  0.  0.  0.  0.  0.  0. 15.  0. 12.
  0.  0.  0.  0.  0.  0.  0.  0.  0.  0.  0. 13. 16. 11.  0. 19.  0.  0.
  0.  0.  0. 30.  0. 17.  0.  6.  4.  7.  0. 18.  0.  0.  0.  0.  0.  0.
  0.  0.  0. 10.  1.  9.  3. 14.  0.  0.  0.  0.  0.  0.  0.  0.  0. 22.
 23.  0.  2.  8. 21.  0.  0.  0.  0.  0.  0.  0. 27. 24. 26. 20.  0.  5.
  0.  0.  0.  0.  0.  0.  0.  0.  0. 25.  0. 28.  0.  0.  0.  0.  0.  0.
  0.  0.  0.  0.  0.  0.  0.  0. 29.  0.  0.  0.  0.  0.  0.  0.  0.  0.
  0.  0.  0.  0.  0.  0.  0.  0.  0.  0.  0.  0.  0.  0.  0.  0.  0.  0.
  0.  0.  0.  0.  0.  0.  0.  0.  0.  0.  0.  0.  0.  0.  0.  0.  0.  0.
  0.  0.  0.  0.  0.  0.  0.  0.  0.]