[ 0.  0.  0.  0.  0.  0.  0.  0.  0.  0.  0.  0.  0.  0.  0.  0.  0.  0.
  0.  0.  0.  0.  0.  0.  0.  0.  0.  0.  0.  0.  0.  0.  0.  0.  0.  0.
  0.  0.  0.  0.  0.  0.  0.  0.  0.  0.  0.  0.  0.  0.  0.  0.  0. 28.
 24. 31.  0.  0.  0.  0.  0.  0.  0.  0.  0.  0.  0. 16.  0. 23.  0.  0.
  0.  0.  0.  0.  0.  0.  0.  0.  0. 14.  3.  5. 21. 19. 22.  0.  0.  0.
  0.  0.  0.  0.  0. 17.  0.  0. 10. 15.  0. 25. 29.  0.  0.  0.  0.  0.
  0.  0.  0.  8.  1. 11. 13. 30. 18.  0.  0.  0.  0.  0.  0.  0.  0.  0.
  7.  2.  6. 20. 27. 26.  0.  0.  0.  0.  0.  0.  0.  0.  0.  0. 12.  4.
  0.  0.  0.  0.  0.  0.  0.  0.  0.  0.  0.  0.  0.  0.  0.  9.  0.  0.
  0.  0.  0.  0.  0.  0.  0.  0.  0.  0.  0.  0.  0.  0.  0.  0.  0.  0.
  0.  0.  0.  0.  0.  0.  0.  0.  0.  0.  0.  0.  0.  0.  0.  0.  0.  0.
  0.  0.  0.  0.  0.  0.  0.  0.  0.  0.  0.  0.  0.  0.  0.  0.  0.  0.
  0.  0.  0.  0.  0.  0.  0.  0.  0.]