[ 0.  0.  0.  0.  0.  0.  0.  0.  0.  0.  0.  0.  0.  0.  0.  0.  0.  0.
  0.  0.  0.  0.  0.  0.  0.  0.  0.  0.  0.  0.  0.  0.  0.  0.  0.  0.
  0.  0.  0.  0.  0.  0.  0.  0.  0.  0.  0.  0.  0. 30.  0.  0. 31.  0.
  0.  0.  0.  0.  0.  0.  0.  0.  0.  0. 29.  0.  0.  0. 23.  0.  0.  0.
  0.  0.  0.  0.  0.  0.  0. 21.  0.  0.  3.  5. 19. 22.  0.  0.  0.  0.
  0.  0.  0.  0. 25. 20. 24. 18. 10. 11.  0.  0.  0.  0.  0.  0.  0.  0.
  0.  0.  0.  8.  1. 13. 28. 15.  0.  0.  0.  0.  0.  0.  0.  0.  0.  0.
  7.  2.  6. 17. 14. 16.  0.  0.  0.  0.  0.  0.  0.  0.  0.  0.  0.  4.
  0.  0. 26.  0.  0.  0.  0.  0.  0.  0.  0.  0.  0.  0. 12.  9.  0.  0.
 27.  0.  0.  0.  0.  0.  0.  0.  0.  0.  0.  0.  0.  0.  0.  0.  0.  0.
  0.  0.  0.  0.  0.  0.  0.  0.  0.  0.  0.  0.  0.  0.  0.  0.  0.  0.
  0.  0.  0.  0.  0.  0.  0.  0.  0.  0.  0.  0.  0.  0.  0.  0.  0.  0.
  0.  0.  0.  0.  0.  0.  0.  0.  0.]