[ 0.  0.  0.  0.  0.  0.  0.  0.  0.  0.  0.  0.  0.  0.  0.  0.  0.  0.
  0.  0.  0.  0.  0.  0. 29.  0.  0.  0.  0.  0.  0.  0.  0.  0.  0.  0.
  0.  0.  0. 26. 27. 24.  0.  0.  0.  0.  0.  0.  0.  0.  0.  0.  0.  0.
 28. 25. 23. 22.  0.  0.  0.  0.  0.  0.  0.  0.  0.  0. 17.  0. 20. 21.
 30.  0.  0.  0.  0.  0.  0.  0.  0.  0.  0. 18. 16. 19. 38. 31.  0.  0.
  0.  0.  0.  0.  0.  5.  0.  0.  8. 15. 14.  0.  0.  0.  0.  0.  0.  0.
  0.  0.  0.  4.  1.  9.  3. 11. 12.  0.  0.  0.  0.  0.  0.  0.  0.  0.
  7.  2.  6. 10. 13. 36. 32.  0.  0.  0.  0.  0.  0.  0.  0.  0.  0.  0.
  0.  0. 34.  0. 33.  0.  0.  0.  0.  0.  0.  0.  0.  0.  0.  0. 35. 37.
  0.  0.  0.  0.  0.  0.  0.  0.  0.  0.  0.  0.  0.  0.  0.  0.  0.  0.
  0.  0.  0.  0.  0.  0.  0.  0.  0.  0.  0.  0.  0.  0.  0.  0.  0.  0.
  0.  0.  0.  0.  0.  0.  0.  0.  0.  0.  0.  0.  0.  0.  0.  0.  0.  0.
  0.  0.  0.  0.  0.  0.  0.  0.  0.]