[ 0.  0.  0.  0.  0.  0.  0.  0.  0.  0.  0.  0.  0.  0.  0.  0.  0.  0.
  0.  0.  0.  0.  0.  0.  0.  0.  0.  0.  0.  0.  0.  0.  0.  0.  0.  0.
  0.  0.  0.  0.  0.  0.  0.  0.  0.  0.  0.  0.  0.  0.  0.  0.  0.  0.
  0.  0.  0.  0.  0.  0.  0.  0.  0.  0.  0.  0.  0.  0.  0.  0.  0.  0.
  0.  0.  0.  0.  0.  0.  0.  0.  0.  0.  3.  0.  0.  0.  0.  0.  0.  0.
  0.  0.  0.  0.  0.  0.  0.  0.  0. 15.  0. 17. 26.  0.  0.  0.  0.  0.
  0.  0.  0.  5.  1.  6. 14. 16. 24. 25.  0.  0.  0.  0.  0.  0.  0.  0.
  0.  2.  7. 12. 22.  0.  0.  0.  0.  0.  0.  0.  0.  0.  0.  9.  0.  4.
  8. 10. 11.  0.  0.  0.  0.  0.  0.  0.  0.  0.  0.  0.  0. 18. 23. 13.
  0.  0.  0.  0.  0.  0.  0.  0.  0.  0.  0.  0. 19. 20.  0.  0.  0.  0.
  0.  0.  0.  0.  0.  0.  0.  0.  0.  0.  0. 21.  0.  0.  0.  0.  0.  0.
  0.  0.  0.  0.  0.  0.  0.  0.  0.  0.  0.  0.  0.  0.  0.  0.  0.  0.
  0.  0.  0.  0.  0.  0.  0.  0.  0.]