[ 0.  0.  0.  0.  0.  0.  0.  0.  0.  0.  0.  0.  0.  0.  0.  0.  0.  0.
  0.  0. 54. 60.  0.  0.  0.  0.  0.  0.  0.  0.  0.  0.  0.  0. 53. 57.
 58.  0.  0. 56. 62.  0.  0.  0.  0.  0.  0.  0.  0.  0. 52.  0. 59. 55.
 63.  0.  0.  0.  0.  0.  0.  0. 41.  0. 61. 26. 44. 51. 42.  0.  0.  0.
  0.  0.  0.  0.  0. 47. 50.  0.  0. 17. 22.  0.  0.  0.  0.  0.  0.  0.
  0. 46. 45. 25. 27. 13. 28. 15.  6.  0. 21.  0.  0.  0.  0.  0.  0. 48.
 29. 24. 43. 10.  1.  9. 23. 20.  0.  0.  0.  0.  0.  0. 33. 49. 30. 14.
  5.  2.  4. 18. 16. 19.  0.  0.  0.  0. 38.  0. 31. 34.  0.  0.  7. 11.
  3. 12.  0.  0.  0.  0.  0.  0. 39. 32. 36.  0.  0.  0.  8.  0.  0.  0.
  0.  0.  0.  0.  0. 35.  0. 37.  0.  0.  0.  0.  0.  0.  0.  0.  0.  0.
  0.  0. 40.  0.  0.  0.  0.  0.  0.  0.  0.  0.  0.  0.  0.  0.  0.  0.
  0.  0.  0.  0.  0.  0.  0.  0.  0.  0.  0.  0.  0.  0.  0.  0.  0.  0.
  0.  0.  0.  0.  0.  0.  0.  0.  0.]