[ 0.  0.  0.  0.  0.  0.  0.  0.  0.  0.  0.  0.  0.  0.  0.  0.  0.  0.
  0.  0.  0.  0.  0.  0.  0.  0.  0.  0.  0.  0.  0.  0.  0.  0. 32. 41.
  0.  0. 28.  0.  0.  0.  0.  0.  0.  0. 30.  0.  0.  0. 25. 40. 23. 39.
  0.  0.  0.  0.  0.  0.  0.  0. 29.  0. 12. 26. 27. 24. 10.  0.  0.  0.
  0.  0.  0.  0. 31. 34. 19. 33. 11.  8.  3. 38.  0.  0.  0.  0.  0.  0.
  0.  0.  0. 16. 13. 15.  9.  7.  4.  0.  0.  0.  0.  0.  0.  0.  0.  0.
 14. 35. 17.  6.  1.  5.  0.  0.  0.  0.  0.  0.  0.  0. 51. 49. 21. 18.
 20.  2.  0. 43.  0.  0.  0.  0.  0.  0.  0. 47. 22. 36.  0. 45.  0.  0.
 42.  0.  0.  0.  0.  0.  0. 50.  0. 37. 56.  0.  0.  0.  0.  0.  0.  0.
  0.  0.  0.  0.  0. 54. 55. 52. 46. 44. 53.  0.  0.  0.  0.  0.  0.  0.
  0.  0.  0.  0.  0.  0. 48.  0.  0.  0.  0.  0.  0.  0.  0.  0.  0.  0.
  0. 58.  0.  0. 57.  0.  0.  0.  0.  0.  0.  0.  0.  0.  0.  0.  0.  0.
  0.  0.  0.  0.  0.  0.  0.  0.  0.]