[ 0.  0.  0.  0.  0.  0.  0.  0.  0.  0.  0.  0.  0.  0.  0.  0.  0.  0.
  0.  0.  0.  0.  0.  0.  0.  0.  0.  0.  0.  0.  0.  0.  0.  0.  0.  0.
  0.  0.  0.  0.  0.  0.  0.  0.  0.  0.  0.  0.  0.  0.  0.  0.  0.  0.
  0.  0.  0.  0.  0.  0.  0.  0.  0.  0.  0.  0.  0.  0.  0.  0.  0.  0.
  0.  0.  0.  0.  0.  0.  0.  0.  0.  0. 21. 19.  0.  0.  0.  0.  0.  0.
  0.  0.  0.  0.  0.  0.  0. 20. 18. 22. 23.  0.  0.  0.  0.  0.  0.  0.
  0.  0. 16. 13.  1.  0.  8. 15.  0.  0.  0.  0.  0.  0.  0.  0.  0. 17.
  0.  2.  4.  7.  6. 24.  0.  0.  0.  0.  0.  0.  0.  0.  0.  0. 11. 12.
  3. 14.  9.  0.  0.  0.  0.  0.  0.  0.  0.  0.  0.  0.  5. 10.  0.  0.
  0.  0.  0.  0.  0.  0.  0.  0.  0.  0.  0.  0.  0.  0.  0.  0.  0.  0.
  0.  0.  0.  0.  0.  0.  0.  0.  0.  0.  0.  0.  0.  0.  0.  0.  0.  0.
  0.  0.  0.  0.  0.  0.  0.  0.  0.  0.  0.  0.  0.  0.  0.  0.  0.  0.
  0.  0.  0.  0.  0.  0.  0.  0.  0.]