[ 0.  0.  0.  0.  0.  0.  0.  0.  0.  0.  0.  0.  0.  0.  0.  0.  0.  0.
  0.  0.  0.  0.  0.  0.  0.  0.  0.  0.  0.  0.  0.  0.  0.  0.  0.  0.
  0.  0.  0.  0.  0.  0.  0.  0.  0.  0.  0.  0.  0.  0.  0.  0.  0.  0.
  0.  0.  0.  0.  0.  0.  0.  0.  0.  0.  0.  0.  0.  0. 15.  0.  0.  0.
  0.  0.  0.  0.  0.  0.  0.  0.  0.  0.  0. 13.  0.  0.  0.  0.  0.  0.
  0.  0.  0.  0. 28.  0. 33. 10.  0.  8.  7.  0.  0.  0.  0.  0.  0.  0.
  0. 29. 30.  0.  1.  3.  4. 12.  0.  0.  0.  0.  0.  0.  0. 25. 20.  0.
 31.  5.  2.  9.  0.  0.  0.  0.  0.  0. 34.  0. 32. 14. 16. 17.  6.  0.
  0. 11.  0.  0.  0.  0.  0.  0.  0. 27. 26. 22. 18.  0.  0.  0.  0.  0.
  0.  0.  0.  0.  0.  0.  0. 21. 19. 24. 23.  0.  0.  0.  0.  0.  0.  0.
  0.  0.  0.  0.  0.  0.  0.  0.  0.  0.  0.  0.  0.  0.  0.  0.  0.  0.
  0.  0.  0.  0.  0.  0.  0.  0.  0.  0.  0.  0.  0.  0.  0.  0.  0.  0.
  0.  0.  0.  0.  0.  0.  0.  0.  0.]