[ 0.  0.  0.  0.  0.  0.  0.  0.  0.  0.  0.  0.  0.  0.  0.  0.  0.  0.
  0.  0.  0.  0.  0.  0.  0.  0.  0.  0.  0.  0.  0.  0.  0.  0.  0.  0.
  0.  0.  0.  0.  0.  0.  0.  0.  0.  0.  0.  0.  0.  0.  0.  0.  0.  0.
  0.  0.  0.  0.  0.  0.  0.  0.  0. 18.  0.  0.  8.  0. 30. 11.  0.  0.
  0.  0.  0.  0.  0.  0.  0.  0.  3.  9. 31. 10. 26. 34.  0.  0.  0.  0.
  0.  0.  0.  0.  7. 40.  4.  2.  5. 25. 28. 27.  0.  0.  0.  0.  0.  0.
 16. 21. 14.  0.  1. 42. 23. 24. 33.  0.  0.  0.  0.  0.  0.  0. 12. 13.
  6. 39.  0.  0. 29.  0.  0.  0.  0.  0.  0.  0. 15. 20. 17. 19. 37. 35.
 38.  0. 32.  0.  0.  0.  0.  0.  0.  0. 43. 41.  0. 22. 36.  0.  0.  0.
  0.  0.  0.  0.  0.  0.  0.  0.  0.  0.  0.  0.  0.  0.  0.  0.  0.  0.
  0.  0.  0.  0.  0.  0.  0.  0.  0.  0.  0.  0.  0.  0.  0.  0.  0.  0.
  0.  0.  0.  0.  0.  0.  0.  0.  0.  0.  0.  0.  0.  0.  0.  0.  0.  0.
  0.  0.  0.  0.  0.  0.  0.  0.  0.]