[ 0.  0.  0.  0.  0.  0.  0.  0.  0.  0.  0.  0.  0.  0.  0.  0.  0.  0.
  0.  0.  0.  0.  0.  0.  0.  0.  0.  0.  0.  0.  0.  0.  0.  0.  0.  0.
  0.  0.  0.  0.  0.  0.  0.  0.  0.  0.  0.  0.  0.  0.  0.  0.  0.  0.
  0.  0.  0.  0.  0.  0.  0.  0.  0.  0.  0.  0.  0.  0.  0.  0.  0.  0.
  0.  0.  0.  0.  0.  0.  0.  0.  0. 12.  3.  5.  0.  0. 44.  0.  0.  0.
  0.  0.  0. 30.  0. 23.  0. 17. 10. 14. 42. 32. 43.  0.  0.  0.  0.  0.
 25.  0. 24.  8.  1. 11.  0. 41.  0.  0.  0.  0.  0.  0.  0. 29. 26. 36.
  7.  2.  6.  0.  0. 18.  0.  0.  0.  0.  0.  0. 27. 28. 21. 35.  0.  4.
  0. 13.  0.  0.  0.  0.  0.  0.  0. 37.  0. 22.  0. 19.  0.  9.  0.  0.
  0.  0.  0.  0.  0.  0. 38. 31. 34. 33.  0. 15. 20.  0.  0.  0.  0.  0.
  0.  0.  0.  0.  0. 39.  0. 16.  0.  0.  0.  0.  0.  0.  0.  0.  0.  0.
  0.  0.  0. 40.  0.  0.  0.  0.  0.  0.  0.  0.  0.  0.  0.  0.  0.  0.
  0.  0.  0.  0.  0.  0.  0.  0.  0.]