[ 0.  0.  0.  0.  0.  0.  0.  0.  0.  0.  0.  0.  0.  0.  0.  0.  0.  0.
  0.  0.  0.  0.  0.  0.  0.  0.  0.  0.  0.  0.  0.  0.  0.  0.  0.  0.
  0.  0.  0. 25.  0.  0.  0.  0.  0.  0.  0. 34.  0.  0.  0. 19. 22. 24.
  0.  0.  0.  0.  0.  0.  0.  0.  0. 33.  0. 18. 21. 12. 23. 20.  0.  0.
  0.  0.  0.  0.  0. 32.  0. 37. 11. 10.  7.  0.  0.  0.  0.  0.  0.  0.
  0. 30. 29. 17. 27. 15.  8.  9.  4.  0.  0.  0. 61.  0.  0.  0.  0. 31.
 28. 16.  0. 13.  1.  3.  6.  0. 62.  0.  0.  0.  0. 35.  0.  0. 26. 14.
 45.  2.  5. 40. 39.  0.  0.  0.  0. 38.  0. 36. 59. 54. 55. 52. 46. 50.
 41.  0.  0.  0.  0.  0.  0.  0. 58. 60. 56. 63. 47. 48. 43.  0. 42.  0.
  0.  0.  0.  0.  0. 64.  0. 57.  0. 51. 44. 53.  0.  0.  0.  0.  0.  0.
  0. 66.  0.  0.  0.  0.  0. 49.  0.  0.  0.  0.  0.  0.  0.  0.  0.  0.
  0.  0.  0.  0.  0.  0.  0.  0.  0.  0.  0.  0.  0.  0.  0.  0.  0.  0.
  0.  0.  0. 65.  0.  0.  0.  0.  0.]