[ 0.  0.  0.  0.  0.  0.  0.  0.  0.  0.  0.  0.  0.  0.  0.  0.  0.  0.
  0.  0.  0. 49.  0.  0.  0.  0.  0.  0.  0.  0.  0.  0.  0.  0.  0. 47.
 48. 53.  0.  0.  0.  0.  0.  0.  0.  0.  0.  0. 52.  0. 50. 44.  0. 54.
 30.  0.  0.  0.  0.  0.  0.  0.  0.  0. 51.  0. 12.  0. 29. 19.  0.  0.
  0.  0.  0.  0.  0.  0. 46. 45. 25.  0. 11. 14. 20. 21.  0.  0.  0.  0.
  0.  0.  0.  0.  0. 26. 17.  8.  3. 38. 24. 22.  0. 41.  0.  0.  0.  0.
  0. 42.  5.  6.  1. 37. 27. 23. 28.  0.  0.  0.  0.  0.  0. 43. 18. 13.
  4.  7.  2. 36. 32. 31.  0.  0.  0.  0.  0.  0.  0.  0.  0.  9. 34.  0.
 33.  0.  0.  0.  0.  0.  0.  0.  0.  0.  0. 10.  0. 15.  0.  0.  0.  0.
  0.  0.  0.  0.  0.  0.  0.  0.  0. 35.  0. 16.  0.  0.  0.  0.  0.  0.
  0.  0.  0.  0.  0. 39.  0.  0.  0.  0.  0.  0.  0.  0.  0.  0.  0.  0.
  0. 40.  0.  0.  0.  0.  0.  0.  0.  0.  0.  0.  0.  0.  0.  0.  0.  0.
  0.  0.  0.  0.  0.  0.  0.  0.  0.]