[  0.   0.   0.   0.   0.   0.   0.   0.   0.   0.   0.   0.   0.   0.
   0.   0.   0.   0.   0.  77.   0.   0.   0.   0.   0.  93.  90.  92.
   0.  86.   0.   0.   0.   0.   0.   0.   0.   0.   0.  36.  84.  89.
   0.  85.   0.   0.   0.  74.  70.  72.  75.  14.  21.  20.  37.  87.
  83.  81.  88.   0.   0.   0.  71.  73.  76.  13.   0.  22.   0.  91.
  30.  31.   0.  80.   0.   0.   0.   0.   0.  11.  12.  23.   9.  25.
  28.  27.   0.   0.   0.   0.   0.   0.   0.  16.   0.   0.   3.  24.
   6.  82.  29.  26.   0.   0.   0.   0.   0.   0.  17.   0.  10.   8.
   1.   7.  50.   0.  48.  78.  79.   0.   0.   0.   0.  64.  18.   0.
   5.   4.   2.   0.  43.  32.   0.   0.   0.   0.   0.   0.  63.  67.
  15.  38.  51.  19.  45.  34.  33.   0.   0.   0.   0.   0.   0.  53.
  56.   0.  44.  39.  41.  35.  42.   0.  99.  95.   0.   0.   0.   0.
  55.  54.  97.  40.  58.  59.  62.   0.   0.  94. 100.   0.   0.   0.
   0.  65.  68.   0.  46.  57.   0.   0.  61.   0.   0.   0.   0.   0.
   0.   0.  66.  69.   0.  47.  49.   0.  52.   0.   0.  98.   0.   0.
   0.   0.  96.   0.   0.  60.   0.   0.   0.   0.   0.   0.   0.   0.
   0.]