[ 0.  0.  0.  0.  0.  0.  0.  0.  0.  0.  0.  0.  0.  0.  0.  0.  0.  0.
  0.  0.  0.  0.  0.  0.  0.  0.  0.  0.  0.  0.  0.  0.  0.  0.  0.  0.
  0.  0.  0.  0.  0.  0.  0.  0.  0.  0.  0.  0.  0.  0.  0.  0.  0.  0.
  0.  0.  0.  0.  0.  0.  0.  0.  0.  0.  0.  0. 11.  0.  0. 14.  0.  0.
  0.  0.  0.  0.  0.  0.  0.  0. 10. 12.  4. 13.  0.  0.  0.  0.  0.  0.
  0.  0.  0.  0.  0.  5.  7.  3.  8.  0.  0.  0.  0.  0.  0.  0.  0.  0.
  0.  0.  0.  0.  1.  6.  0.  0.  0.  0.  0.  0.  0.  0.  0.  0.  0. 24.
 18.  2.  9.  0.  0.  0.  0.  0.  0.  0.  0.  0.  0.  0.  0. 15. 16. 28.
 38.  0.  0.  0.  0.  0.  0.  0.  0.  0.  0.  0. 17. 21. 19. 22. 37. 32.
  0.  0.  0.  0.  0.  0.  0.  0.  0.  0. 20. 23. 39. 31.  0.  0.  0.  0.
  0.  0.  0.  0.  0. 34. 33.  0. 27. 25.  0.  0.  0.  0.  0.  0.  0.  0.
  0.  0. 36.  0. 35. 29.  0. 26.  0.  0.  0.  0.  0.  0.  0.  0.  0.  0.
  0.  0. 30.  0.  0.  0.  0.  0.  0.]