[ 0.  0.  0.  0.  0.  0.  0.  0.  0.  0.  0.  0.  0.  0.  0.  0.  0.  0.
  0.  0.  0.  0.  0.  0.  0.  0.  0.  0.  0.  0.  0.  0.  0.  0.  0.  0.
  0.  0.  0.  0.  0.  0.  0.  0.  0.  0.  0.  0.  0.  0.  0.  0.  0. 18.
  0. 16.  0.  0.  0.  0.  0.  0.  0.  0.  0. 24.  0. 12.  0. 11.  0.  0.
  0.  0.  0.  0.  0.  0.  0. 22. 21. 17.  3. 15. 10. 13.  0.  0.  0.  0.
  0.  0.  0.  0.  0. 23. 27.  0.  5.  8.  7.  0.  0.  0.  0.  0.  0.  0.
  0.  0. 19. 20.  1.  0.  6. 14.  0.  0.  0.  0.  0.  0.  0.  0. 28. 26.
  0.  4.  2.  9.  0.  0.  0.  0.  0.  0.  0.  0.  0.  0. 25.  0.  0.  0.
  0.  0.  0.  0.  0.  0.  0.  0.  0.  0.  0.  0.  0.  0.  0.  0.  0.  0.
  0.  0.  0.  0.  0.  0.  0.  0.  0.  0.  0.  0.  0.  0.  0.  0.  0.  0.
  0.  0.  0.  0.  0.  0.  0.  0.  0.  0.  0.  0.  0.  0.  0.  0.  0.  0.
  0.  0.  0.  0.  0.  0.  0.  0.  0.  0.  0.  0.  0.  0.  0.  0.  0.  0.
  0.  0.  0.  0.  0.  0.  0.  0.  0.]