[ 0.  0.  0.  0.  0.  0.  0.  0.  0.  0.  0.  0.  0.  0.  0.  0.  0.  0.
  0.  0.  0.  0.  0.  0.  0.  0.  0.  0.  0.  0.  0.  0.  0. 44.  0. 29.
  0. 30. 27.  0.  0.  0.  0.  0.  0.  0.  0. 38.  0.  0. 32.  0.  0. 23.
 20. 14.  0.  0.  0.  0.  0.  0.  0. 37. 18. 31.  0. 12. 28. 13.  0.  0.
  0.  0.  0.  0.  0. 45. 39. 35. 17. 16.  0. 11. 19. 21. 22.  0.  0.  0.
  0.  0.  0. 33. 34. 25. 15.  9. 10.  7.  0. 24.  0.  0.  0.  0.  0. 36.
  0.  0.  0.  0.  1.  6.  0.  0.  0.  0.  0.  0.  0.  0.  0. 42. 43. 26.
 40.  2. 41.  8.  5.  0.  0.  0.  0.  0.  0.  0.  0.  0.  0.  0.  0.  3.
  4.  0.  0.  0.  0.  0.  0.  0.  0.  0.  0.  0.  0.  0.  0.  0.  0.  0.
  0.  0.  0.  0.  0.  0.  0.  0.  0.  0.  0.  0.  0.  0.  0.  0.  0.  0.
  0.  0.  0.  0.  0.  0.  0.  0.  0.  0.  0.  0.  0.  0.  0.  0.  0.  0.
  0.  0.  0.  0.  0.  0.  0.  0.  0.  0.  0.  0.  0.  0.  0.  0.  0.  0.
  0.  0.  0.  0.  0.  0.  0.  0.  0.]