[ 0.  0.  0.  0.  0.  0.  0.  0.  0.  0.  0.  0.  0.  0.  0.  0.  0.  0.
  0.  0.  0.  0.  0.  0.  0.  0.  0.  0.  0.  0.  0.  0.  0.  0.  0.  0.
  0.  0.  0.  0.  0.  0.  0.  0.  0.  0.  0.  0.  0.  0.  0.  0.  0.  0.
  0.  0.  0.  0.  0.  0.  0.  0.  0.  0.  0. 10.  0. 20. 25.  0.  0.  0.
 22.  0.  0.  0.  0.  0.  0. 28.  0.  9.  4.  0. 26.  0. 19.  0.  0.  0.
  0.  0.  0. 29. 27.  7. 14.  3.  8.  0. 21.  0. 37.  0.  0.  0.  0.  0.
 30. 31. 16.  6.  1.  5. 11. 24. 23.  0.  0.  0.  0.  0.  0. 32. 17.  0.
  0.  2. 13. 12.  0.  0.  0.  0.  0.  0.  0.  0.  0.  0.  0.  0. 18. 15.
  0. 35. 33.  0.  0.  0.  0.  0.  0.  0.  0.  0.  0.  0. 36.  0. 34.  0.
  0.  0.  0.  0.  0.  0.  0.  0.  0.  0.  0.  0.  0.  0.  0.  0.  0.  0.
  0.  0.  0.  0.  0.  0.  0.  0.  0.  0.  0.  0.  0.  0.  0.  0.  0.  0.
  0.  0.  0.  0.  0.  0.  0.  0.  0.  0.  0.  0.  0.  0.  0.  0.  0.  0.
  0.  0.  0.  0.  0.  0.  0.  0.  0.]