[ 0.  0.  0.  0.  0.  0.  0.  0.  0.  0.  0.  0.  0.  0.  0.  0.  0.  0.
  0.  0.  0.  0.  0.  0.  0.  0.  0.  0.  0.  0.  0.  0.  0.  0.  0.  0.
  0.  0.  0.  0.  0.  0.  0.  0.  0.  0.  0.  0.  0.  0.  0.  0.  0.  0.
  0.  0.  0.  0.  0.  0.  0.  0.  0.  0. 27.  0.  0.  0.  0. 10.  0.  0.
  0.  0.  0.  0.  0.  0.  0.  0. 23.  0.  4.  9.  0.  0.  0.  0.  0.  0.
  0.  0.  0.  0. 25. 24.  8.  3.  0.  7.  0.  0.  0.  0.  0.  0.  0.  0.
 21. 12. 11.  5.  1.  6.  0. 19.  0.  0.  0.  0.  0.  0. 26.  0. 17.  0.
 15.  2.  0.  0.  0. 20.  0.  0.  0.  0.  0.  0.  0. 14. 13.  0. 18.  0.
  0.  0.  0.  0.  0.  0.  0.  0.  0.  0. 16.  0. 22.  0.  0.  0.  0.  0.
  0.  0.  0.  0.  0.  0.  0.  0.  0.  0.  0.  0.  0.  0.  0.  0.  0.  0.
  0.  0.  0.  0.  0.  0.  0.  0.  0.  0.  0.  0.  0.  0.  0.  0.  0.  0.
  0.  0.  0.  0.  0.  0.  0.  0.  0.  0.  0.  0.  0.  0.  0.  0.  0.  0.
  0.  0.  0.  0.  0.  0.  0.  0.  0.]