[ 0.  0.  0.  0.  0.  0.  0.  0.  0.  0.  0.  0.  0.  0.  0.  0.  0.  0.
  0.  0.  0.  0.  0.  0.  0.  0.  0.  0.  0.  0.  0.  0.  0.  0.  0.  0.
  0.  0.  0.  0.  0.  0.  0.  0.  0.  0.  0.  0.  0.  0.  0.  0.  0.  0.
  0.  0.  0.  0.  0.  0.  0.  0.  0.  0.  0.  0.  0.  0. 47. 24. 46. 38.
  0. 41.  0.  0.  0.  0.  0.  0.  0. 44. 43. 17. 25.  0.  0.  0. 42.  0.
  0.  0.  0.  0. 23. 13.  6. 12. 18. 14. 19. 45.  0. 37.  0.  0.  0.  0.
 48.  0. 10.  9.  1. 15. 20. 16. 32. 30. 33.  0.  0.  0.  0.  0. 11.  0.
  4.  2.  7.  0.  0. 36. 31. 39.  0.  0.  0.  0.  0. 52.  0.  0.  0. 34.
  3. 51. 21. 28. 40.  0.  0.  0.  0.  0. 49.  0.  0.  5. 27.  8. 22.  0.
 26. 29.  0.  0.  0.  0.  0.  0.  0.  0.  0. 50.  0. 35.  0.  0.  0.  0.
  0.  0.  0.  0.  0.  0. 53.  0.  0.  0.  0.  0.  0.  0.  0.  0.  0.  0.
  0.  0.  0.  0.  0.  0.  0.  0.  0.  0.  0.  0.  0.  0.  0.  0.  0.  0.
  0.  0.  0.  0.  0.  0.  0.  0.  0.]