[ 0.  0.  0.  0.  0.  0.  0.  0.  0.  0.  0.  0.  0.  0.  0.  0.  0. 24.
  0.  0.  0.  0.  0.  0.  0.  0.  0.  0.  0.  0.  0.  0.  0. 23.  0.  0.
  0.  0.  0.  0.  0.  0.  0.  0.  0.  0.  0. 18.  0. 15.  0. 14.  0.  0.
  0.  0.  0.  0.  0.  0.  0.  0.  0. 17. 16. 13.  0.  0.  0.  0.  0.  0.
  0.  0.  0.  0.  0. 21. 29. 11. 12.  0.  9.  0.  0.  0.  0.  0.  0.  0.
  0. 22.  0. 19.  0. 20.  3.  0.  6.  0.  0.  0.  0.  0.  0.  0.  0. 27.
  0. 26. 10.  8.  1.  7.  0.  0.  0.  0.  0.  0.  0. 28.  0.  0.  0. 25.
  5.  4.  2.  0.  0.  0.  0.  0.  0.  0.  0.  0.  0.  0.  0.  0.  0.  0.
  0.  0.  0.  0.  0.  0.  0.  0.  0.  0.  0.  0.  0.  0.  0.  0.  0.  0.
  0.  0.  0.  0.  0.  0.  0.  0.  0.  0.  0.  0.  0.  0.  0.  0.  0.  0.
  0.  0.  0.  0.  0.  0.  0.  0.  0.  0.  0.  0.  0.  0.  0.  0.  0.  0.
  0.  0.  0.  0.  0.  0.  0.  0.  0.  0.  0.  0.  0.  0.  0.  0.  0.  0.
  0.  0.  0.  0.  0.  0.  0.  0.  0.]