[ 0.  0.  0.  0.  0.  0.  0.  0.  0.  0.  0.  0.  0.  0.  0.  0.  0.  0.
  0.  0.  0.  0.  0.  0.  0.  0.  0.  0.  0.  0.  0.  0.  0.  0.  0.  0.
  0.  0.  0.  0.  0.  0.  0.  0.  0.  0.  0.  0.  0.  0.  0.  0.  0.  0.
  0.  0.  0.  0.  0.  0.  0.  0.  0.  0.  0.  0.  0.  0.  0.  0.  0.  0.
  0.  0.  0.  0.  0.  0.  0.  0.  0.  0. 11.  0.  0.  0.  0.  0.  0.  0.
  0.  0.  0.  0.  0.  0.  0.  0.  8.  0.  9.  0.  0.  0.  0.  0.  0.  0.
  0.  0.  0.  0.  1.  5.  6.  0.  0.  0.  0.  0.  0.  0.  0.  0.  0.  0.
  7.  2.  4. 16. 10. 17.  0.  0.  0.  0.  0.  0.  0.  0.  0.  0.  0. 14.
  3. 13. 26.  0.  0.  0.  0.  0.  0.  0.  0.  0. 21. 18. 20. 12. 24. 25.
  0.  0.  0.  0.  0.  0.  0.  0.  0. 19.  0. 23.  0. 15.  0.  0.  0.  0.
  0.  0.  0.  0.  0.  0.  0.  0. 22.  0.  0.  0.  0.  0.  0.  0.  0.  0.
  0.  0.  0.  0.  0.  0.  0.  0.  0.  0.  0.  0.  0.  0.  0.  0.  0.  0.
  0.  0.  0.  0.  0.  0.  0.  0.  0.]