[ 0.  0.  0.  0.  0.  0.  0.  0.  0.  0.  0.  0.  0.  0.  0.  0.  0.  0.
  0.  0.  0.  0.  0.  0.  0.  0.  0.  0.  0.  0.  0.  0.  0.  0.  0. 44.
  0.  0. 52.  0.  0.  0.  0.  0.  0.  0.  0. 50. 41. 49. 45. 37. 46.  0.
  0.  0.  0.  0.  0.  0.  0.  0.  0.  0. 34.  0. 36. 43. 42.  0.  0.  0.
  0.  0.  0.  0.  0.  0. 30. 33. 32. 22. 24. 25. 16.  0.  0.  0.  0.  0.
  0. 47. 35. 48. 23.  9. 26.  0. 12.  3. 51.  0.  0.  0.  0.  0.  0.  0.
 38. 21. 29.  6.  1.  5. 13. 14.  0.  0.  0.  0.  0.  0. 40. 39. 27. 31.
  7.  4.  2. 15.  0.  0.  0.  0.  0.  0.  0.  0.  0. 28.  0.  0.  0.  8.
  0. 17.  0.  0.  0.  0.  0.  0.  0.  0.  0.  0.  0.  0.  0. 10. 19. 18.
  0.  0.  0.  0.  0.  0.  0.  0.  0.  0.  0.  0.  0. 11.  0.  0.  0.  0.
  0.  0.  0.  0.  0.  0.  0.  0.  0.  0. 20.  0.  0.  0.  0.  0.  0.  0.
  0.  0.  0.  0.  0.  0.  0.  0.  0.  0.  0.  0.  0.  0.  0.  0.  0.  0.
  0.  0.  0.  0.  0.  0.  0.  0.  0.]