[ 0.  0.  0.  0.  0.  0.  0.  0.  0.  0.  0.  0.  0.  0.  0.  0.  0.  0.
  0.  0.  0.  0.  0.  0.  0.  0.  0.  0.  0.  0.  0. 42.  0. 87. 46.  0.
 31.  0.  0.  0.  0.  0.  0.  0.  0.  0.  0. 41. 43. 88.  0. 32. 30. 89.
 27.  0.  0.  0.  0.  0.  0.  0. 45. 39. 40.  0. 35. 29. 28. 26.  0.  0.
  0.  0.  0.  0.  0. 48. 44. 33. 38. 90.  3.  5. 18. 25. 22.  0.  0.  0.
  0.  0. 47.  0. 36. 37. 34.  0. 10.  0. 12. 15.  0.  0.  0.  0.  0.  0.
  0.  0.  0.  8.  1. 11. 23. 24. 21. 91.  0.  0.  0.  0. 95. 96.  0. 69.
  7.  2.  6. 14.  0. 17. 92.  0.  0.  0.  0. 67. 58. 66. 60. 54. 13.  4.
  0. 20. 74. 75.  0.  0.  0.  0.  0. 68. 59. 52. 53.  0. 16.  9. 73. 76.
 81. 80.  0.  0.  0. 62. 57. 55. 61. 49. 50. 19.  0.  0. 78. 77.  0.  0.
  0.  0.  0.  0. 56. 85. 51. 83. 86. 65. 70. 79. 82.  0.  0.  0.  0.  0.
  0.  0.  0. 63. 72.  0. 93. 71.  0.  0.  0.  0.  0.  0.  0.  0.  0. 84.
 64.  0.  0. 94.  0.  0.  0.  0.  0.]