[ 0.  0.  0.  0.  0.  0.  0.  0.  0.  0.  0.  0.  0.  0.  0.  0.  0.  0.
  0.  0.  0.  0.  0.  0.  0.  0.  0.  0.  0.  0.  0.  0.  0.  0.  0.  0.
  0.  0.  0.  0.  0.  0.  0.  0.  0.  0.  0.  0.  0.  0.  0. 26.  0. 19.
  0.  0.  0.  0.  0.  0.  0.  0.  0.  0.  0.  0. 31. 23.  0. 18. 22.  0.
 29.  0.  0.  0.  0.  0.  0.  0. 40. 24. 30.  3. 11. 16.  0.  0.  0.  0.
  0.  0.  0.  0.  0. 41. 39. 25. 12. 17.  0. 27. 28. 21.  0.  0.  0.  0.
  0.  0. 38. 42.  1. 10.  5.  0.  0. 20.  0.  0.  0.  0.  0.  0.  0.  0.
  7.  4.  2.  6.  9.  8.  0.  0.  0.  0.  0.  0.  0.  0. 32.  0.  0. 13.
  0. 14.  0.  0.  0.  0.  0.  0.  0.  0.  0. 33. 37.  0. 36. 35.  0. 15.
  0.  0.  0.  0.  0.  0.  0.  0.  0. 34.  0.  0.  0.  0.  0.  0.  0.  0.
  0.  0.  0.  0.  0.  0.  0.  0.  0.  0.  0.  0.  0.  0.  0.  0.  0.  0.
  0.  0.  0.  0.  0.  0.  0.  0.  0.  0.  0.  0.  0.  0.  0.  0.  0.  0.
  0.  0.  0.  0.  0.  0.  0.  0.  0.]