[ 0.  0.  0.  0.  0.  0.  0.  0.  0.  0.  0.  0.  0.  0.  0.  0.  0.  0.
  0.  0.  0.  0.  0.  0.  0.  0.  0.  0.  0.  0.  0.  0.  0.  0.  0.  0.
  0.  0.  0.  0.  0.  0.  0.  0.  0.  0.  0.  0.  0.  0.  0.  0.  0.  0.
  0.  0.  0.  0.  0.  0.  0.  0.  0.  0.  0.  0.  0. 21. 26.  0.  0.  0.
  0.  0.  0.  0.  0.  0.  0. 19.  0. 20.  3.  5.  0.  0.  0.  0.  0.  0.
  0.  0.  0.  0.  0. 18. 23. 22. 10. 16. 17.  0.  0.  0.  0.  0.  0.  0.
  0. 33. 25.  8.  1.  0.  0.  0.  0.  0.  0.  0.  0.  0.  0.  0.  0. 29.
  7.  2.  6. 15.  0.  0.  0.  0.  0.  0.  0. 32. 34. 24.  0. 13. 12.  4.
  0.  0.  0.  0.  0.  0.  0.  0.  0. 28. 30. 31.  0. 14. 11.  9.  0.  0.
  0.  0.  0.  0.  0.  0.  0.  0.  0.  0.  0.  0.  0.  0.  0.  0.  0.  0.
  0.  0.  0.  0.  0.  0.  0. 27.  0.  0.  0.  0.  0.  0.  0.  0.  0.  0.
  0.  0.  0.  0.  0.  0.  0.  0.  0.  0.  0.  0.  0.  0.  0.  0.  0.  0.
  0.  0.  0.  0.  0.  0.  0.  0.  0.]