[ 0.  0.  0.  0.  0.  0.  0.  0.  0.  0.  0.  0.  0.  0.  0.  0.  0.  0.
  0.  0.  0.  0. 34.  0.  0.  0.  0.  0.  0.  0.  0.  0.  0.  0.  0.  0.
  0.  0. 33.  0.  0.  0.  0.  0.  0.  0.  0.  0.  0.  0.  0.  0.  0.  0.
 31. 35.  0.  0.  0.  0.  0.  0.  0.  0.  0.  0.  0.  0. 37. 26. 29.  0.
  0.  0.  0.  0.  0.  0.  0.  0.  0.  0.  0.  0. 30. 27. 23.  0.  0.  0.
  0.  0.  0.  0.  0.  0.  0.  0. 21. 28. 36. 22. 32. 25.  0.  0.  0.  0.
  0.  0.  0.  0.  1.  0.  8. 15.  0. 24.  0.  0.  0.  0.  0.  0.  0.  0.
  0.  2.  4.  7.  6. 20.  0.  0.  0.  0.  0.  0.  0.  0.  0.  0. 10. 13.
  3. 14.  9.  0.  0.  0.  0.  0.  0.  0.  0.  0. 11. 16.  5. 12.  0.  0.
  0.  0.  0.  0.  0.  0.  0.  0.  0.  0. 18. 17.  0.  0.  0.  0.  0.  0.
  0.  0.  0.  0.  0.  0.  0. 19.  0.  0.  0.  0.  0.  0.  0.  0.  0.  0.
  0.  0.  0.  0.  0.  0.  0.  0.  0.  0.  0.  0.  0.  0.  0.  0.  0.  0.
  0.  0.  0.  0.  0.  0.  0.  0.  0.]