[ 0.  0.  0.  0.  0.  0.  0.  0.  0.  0.  0.  0.  0.  0.  0.  0.  0.  0.
  0.  0.  0.  0.  0.  0. 68.  0.  0.  0.  0.  0.  0.  0.  0.  0.  0.  0.
  0.  0.  0.  0. 61. 64.  0.  0.  0.  0.  0.  0.  0.  0.  0.  0. 42. 54.
  0. 62. 63. 60.  0.  0.  0.  0. 44. 45.  0. 50. 27. 49. 58. 53. 57. 59.
 65. 66.  0.  0.  0.  0. 43.  0. 39. 25. 26.  0.  0. 51. 55.  0. 67.  0.
  0.  0.  0. 46. 29. 24. 28. 40. 10. 41. 11. 47. 48.  0. 69.  0.  0.  0.
  0. 22. 21.  0.  1.  9.  6. 52. 56.  0.  0.  0.  0.  0.  0.  0.  0. 23.
  7.  2.  4. 15. 12. 14.  0.  0.  0.  0.  0.  0.  0.  0.  0.  8. 30.  5.
  3. 16. 13.  0.  0.  0.  0.  0.  0.  0. 34.  0.  0. 18.  0. 17. 33.  0.
  0.  0.  0.  0.  0.  0.  0.  0. 37. 38. 31. 19. 35. 32.  0.  0.  0.  0.
  0.  0.  0.  0.  0.  0.  0.  0. 20. 36.  0.  0.  0.  0.  0.  0.  0.  0.
  0.  0.  0.  0.  0.  0.  0.  0.  0.  0.  0.  0.  0.  0.  0.  0.  0.  0.
  0.  0.  0.  0.  0.  0.  0.  0.  0.]