[ 0.  0.  0.  0.  0.  0.  0.  0.  0.  0.  0.  0.  0.  0.  0.  0.  0.  0.
  0.  0.  0.  0. 75. 70.  0.  0.  0.  0.  0.  0.  0.  0.  0.  0.  0. 72.
 71. 51. 65.  0.  0.  0.  0.  0.  0.  0.  0.  0.  0.  0. 73. 63. 74. 50.
 49.  0.  0.  0.  0.  0.  0.  0.  0.  0.  0. 69. 64. 68.  0. 48. 33. 25.
  0.  0.  0.  0.  0.  0.  0.  0. 54.  3.  0. 15. 34. 24. 52. 66. 67.  0.
  0.  0.  0.  0.  0.  0.  0.  0.  7.  4. 35. 53.  0.  0.  0.  0.  0.  0.
  0. 58.  0.  0.  1.  6.  0. 14. 22. 17.  0.  0.  0.  0.  0.  0.  0. 57.
  8. 10.  2.  5. 18. 20. 37.  0.  0.  0.  0.  0.  0. 55.  0. 11.  9. 12.
 23. 19. 30. 16. 62.  0.  0.  0.  0.  0.  0. 56. 59.  0. 29. 13.  0. 27.
 39. 21.  0.  0.  0.  0.  0.  0.  0. 45. 44. 28. 26. 42. 43. 32. 31.  0.
  0.  0.  0.  0.  0.  0. 60.  0. 40.  0. 61.  0. 36.  0.  0.  0.  0.  0.
  0.  0.  0.  0. 41.  0.  0. 46.  0. 38.  0.  0.  0.  0.  0.  0.  0.  0.
  0.  0.  0.  0. 47.  0.  0.  0.  0.]