[ 0.  0.  0.  0.  0.  0.  0.  0.  0.  0.  0.  0.  0.  0.  0.  0.  0.  0.
  0.  0.  0.  0.  0.  0.  0.  0.  0.  0.  0.  0.  0.  0.  0.  0. 41. 51.
  0.  0.  0. 40.  0.  0.  0.  0.  0.  0.  0. 56.  0. 46. 38. 47.  0. 39.
  0.  0.  0.  0.  0.  0.  0. 49. 54. 50. 44. 55. 32. 37.  0.  0.  0.  0.
  0.  0.  0.  0.  0. 48. 45.  0. 43. 31. 30. 52.  0.  0.  0.  0.  0.  0.
  0.  0.  0. 42. 53.  0. 29. 34. 33. 11.  0.  0.  0.  0.  0.  0.  0.  0.
  0. 28. 23.  0.  1. 10.  4. 20.  0.  0.  0.  0.  0.  0.  0.  0. 27. 24.
 14.  2.  3. 22. 17. 21. 19.  0.  0.  0.  0.  0. 36. 25. 26. 13.  0.  9.
  6.  0. 16. 18.  0.  0.  0.  0.  0.  0.  0.  0.  0.  8.  7.  5.  0. 15.
  0.  0.  0.  0.  0.  0.  0.  0. 35.  0.  0. 12.  0.  0.  0.  0.  0.  0.
  0.  0.  0.  0.  0.  0.  0.  0.  0.  0.  0.  0.  0.  0.  0.  0.  0.  0.
  0.  0.  0.  0.  0.  0.  0.  0.  0.  0.  0.  0.  0.  0.  0.  0.  0.  0.
  0.  0.  0.  0.  0.  0.  0.  0.  0.]