[ 0.  0.  0.  0.  0.  0.  0.  0.  0.  0.  0.  0.  0.  0.  0.  0.  0.  0.
  0.  0.  0.  0.  0.  0.  0.  0.  0.  0.  0.  0.  0.  0.  0.  0.  0.  0.
  0. 46.  0.  0.  0.  0.  0.  0.  0.  0.  0.  0.  0.  0.  0.  0. 47.  0.
  0.  0.  0.  0.  0.  0.  0.  0.  0.  0.  0.  0. 44. 42.  0. 48.  0.  0.
  0.  0.  0.  0.  0.  0.  0.  0.  0. 43. 40. 41. 30. 38.  0.  0.  0.  0.
  0.  0.  0.  0. 13.  0.  4.  8. 45.  7. 29. 14.  0.  0.  0.  0.  0.  0.
  0. 18. 17.  5.  1.  6. 10. 11. 27. 39.  0.  0.  0.  0.  0.  0. 36. 32.
 33.  2.  3.  9.  0. 12.  0.  0.  0.  0.  0.  0.  0. 37. 31. 21. 20. 19.
 28.  0. 15.  0.  0.  0.  0.  0.  0.  0. 34.  0. 35. 22. 23.  0. 16.  0.
  0.  0.  0.  0.  0.  0.  0.  0.  0. 26. 25. 24.  0.  0.  0.  0.  0.  0.
  0.  0.  0.  0.  0.  0.  0.  0.  0.  0.  0.  0.  0.  0.  0.  0.  0.  0.
  0.  0.  0.  0.  0.  0.  0.  0.  0.  0.  0.  0.  0.  0.  0.  0.  0.  0.
  0.  0.  0.  0.  0.  0.  0.  0.  0.]