[ 0.  0.  0.  0.  0.  0.  0.  0.  0.  0.  0.  0.  0.  0.  0.  0.  0.  0.
  0.  0.  0.  0.  0.  0.  0.  0.  0.  0.  0.  0.  0.  0.  0.  0.  0.  0.
  0.  0.  0.  0.  0.  0.  0.  0.  0.  0.  0.  0.  0.  0.  0.  0. 14.  0.
 19.  0.  0.  0.  0.  0.  0.  0.  0.  0.  0.  0.  0. 10. 13.  0.  0.  0.
  0.  0.  0.  0.  0.  0.  0.  0.  0.  0.  9.  7. 11. 12.  0.  0.  0.  0.
  0.  0.  0.  0.  0.  0. 15.  0.  6.  3.  5.  0.  0.  0.  0.  0.  0.  0.
  0.  0. 16. 17.  1.  0.  4.  0.  0.  0.  0.  0.  0.  0.  0.  0.  0.  0.
 18.  0.  2.  0.  8.  0.  0.  0.  0.  0.  0.  0.  0.  0.  0.  0.  0.  0.
  0.  0.  0.  0.  0.  0.  0.  0.  0.  0.  0.  0.  0.  0.  0.  0.  0.  0.
  0.  0.  0.  0.  0.  0.  0.  0.  0.  0.  0.  0.  0.  0.  0.  0.  0.  0.
  0.  0.  0.  0.  0.  0.  0.  0.  0.  0.  0.  0.  0.  0.  0.  0.  0.  0.
  0.  0.  0.  0.  0.  0.  0.  0.  0.  0.  0.  0.  0.  0.  0.  0.  0.  0.
  0.  0.  0.  0.  0.  0.  0.  0.  0.]