[ 0.  0.  0.  0.  0.  0.  0.  0.  0.  0.  0.  0.  0.  0.  0.  0.  0.  0.
  0.  0.  0.  0.  0.  0.  0.  0.  0.  0.  0.  0.  0.  0.  0. 53. 48. 46.
  0.  0. 50.  0.  0.  0.  0.  0.  0.  0.  0. 52.  0.  0. 45.  0. 49.  0.
  0.  0.  0.  0.  0.  0.  0.  0.  0. 51. 40. 39. 47.  0. 10. 11.  0.  0.
  0.  0.  0.  0.  0. 36.  0. 41. 17. 18.  3.  0.  0. 12.  0.  0.  0.  0.
  0. 24. 35. 42.  0. 43.  0. 14.  5.  8.  7.  0.  0.  0.  0.  0.  0. 23.
 22. 16. 44.  0.  1. 13.  6.  0.  0.  0.  0.  0.  0.  0. 31. 19. 32. 15.
  0.  4.  2.  9.  0.  0.  0.  0.  0.  0. 59.  0. 37. 21. 20.  0.  0.  0.
  0.  0.  0.  0.  0.  0.  0.  0. 30. 25. 29. 27. 33. 34.  0. 64.  0.  0.
  0.  0.  0.  0.  0. 26. 56. 57. 38. 28. 63. 62.  0.  0.  0.  0.  0.  0.
  0.  0.  0.  0. 58. 54. 61. 60.  0.  0.  0.  0.  0.  0.  0.  0.  0.  0.
  0. 55.  0. 65.  0.  0.  0.  0.  0.  0.  0.  0.  0.  0.  0.  0.  0.  0.
 66.  0.  0.  0.  0.  0.  0.  0.  0.]