[ 0.  0.  0.  0.  0.  0.  0.  0.  0.  0.  0.  0.  0.  0.  0.  0.  0.  0.
  0.  0.  0.  0.  0.  0.  0.  0.  0.  0.  0.  0.  0.  0.  0.  0.  0.  0.
  0.  0.  0.  0.  0.  0.  0.  0.  0.  0.  0.  0. 22.  0.  0.  0.  0.  0.
  0.  0.  0.  0.  0.  0.  0.  0.  0.  0. 21.  0.  0.  0.  0.  0.  0.  0.
  0.  0.  0.  0.  0.  0.  0.  0. 15. 10.  9.  7.  0.  0.  0.  0.  0.  0.
  0.  0. 29. 25. 31.  0.  3.  4.  8. 17.  0.  0.  0.  0.  0.  0.  0. 27.
 26. 24. 14.  2.  1. 11.  0.  0.  0.  0.  0.  0.  0.  0.  0.  0. 28.  6.
  5.  0. 16.  0.  0.  0.  0.  0.  0.  0.  0.  0. 23. 12. 18. 20.  0.  0.
  0.  0.  0.  0.  0.  0.  0.  0.  0. 13. 30. 19.  0.  0.  0.  0.  0.  0.
  0.  0.  0.  0.  0.  0.  0. 32.  0.  0.  0.  0.  0.  0.  0.  0.  0.  0.
  0.  0.  0.  0.  0.  0.  0.  0.  0.  0.  0.  0.  0.  0.  0.  0.  0.  0.
  0.  0.  0.  0.  0.  0.  0.  0.  0.  0.  0.  0.  0.  0.  0.  0.  0.  0.
  0.  0.  0.  0.  0.  0.  0.  0.  0.]