[ 0.  0.  0.  0.  0.  0.  0.  0.  0.  0.  0.  0.  0.  0.  0.  0.  0.  0.
  0.  0.  0.  0.  0. 44.  0.  0.  0.  0.  0.  0.  0.  0.  0.  0.  0. 30.
  0.  0. 43.  0.  0.  0.  0.  0.  0.  0.  0.  0.  0.  0.  0. 29. 28. 50.
 40.  0. 39.  0.  0.  0.  0.  0.  0.  0.  0. 53. 54. 25. 21. 41. 42.  0.
  0.  0.  0.  0.  0.  0.  0.  0.  0. 12.  3.  5. 22. 49.  0.  0. 46.  0.
  0.  0.  0.  0.  0. 23. 24.  0. 10.  0. 19. 47. 45. 48.  0.  0.  0.  0.
  0.  0. 34.  8.  1. 11. 18. 26. 17. 52.  0.  0.  0.  0.  0.  0.  0.  0.
  7.  2.  6. 15.  0. 14.  0. 51.  0.  0.  0.  0. 35. 36. 31.  0. 33.  4.
  0. 13.  0. 20.  0.  0.  0.  0.  0. 37.  0.  0. 32.  0.  0.  9.  0. 16.
  0. 27.  0.  0.  0.  0. 38.  0.  0.  0.  0.  0.  0.  0.  0.  0.  0.  0.
  0.  0.  0.  0.  0.  0.  0.  0.  0.  0.  0.  0.  0.  0.  0.  0.  0.  0.
  0.  0.  0.  0.  0.  0.  0.  0.  0.  0.  0.  0.  0.  0.  0.  0.  0.  0.
  0.  0.  0.  0.  0.  0.  0.  0.  0.]