[ 0.  0.  0.  0.  0.  0.  0.  0.  0.  0.  0.  0.  0.  0.  0.  0.  0.  0.
  0.  0.  0.  0.  0.  0.  0.  0.  0.  0.  0.  0.  0.  0.  0.  0.  0.  0.
  0.  0. 15.  0.  0.  0.  0.  0.  0.  0.  0.  0.  0.  0.  0.  0.  0.  0.
 11.  0.  0.  0.  0.  0.  0.  0.  0.  0.  0.  0.  0.  8. 13. 12.  0.  0.
  0.  0.  0.  0.  0.  0.  0.  0.  0. 10.  3.  7.  9.  0.  0.  0.  0.  0.
  0.  0.  0.  0.  0.  0. 14.  0.  6.  5.  0.  0.  0.  0.  0.  0.  0.  0.
  0.  0.  0.  0.  1.  4.  0.  0.  0.  0.  0.  0.  0.  0.  0.  0.  0.  0.
  0.  2.  0.  0.  0.  0.  0.  0.  0.  0.  0.  0.  0.  0.  0.  0.  0.  0.
  0.  0.  0.  0.  0.  0.  0.  0.  0.  0.  0.  0.  0.  0.  0.  0.  0.  0.
  0.  0.  0.  0.  0.  0.  0.  0.  0.  0.  0.  0.  0.  0.  0.  0.  0.  0.
  0.  0.  0.  0.  0.  0.  0.  0.  0.  0.  0.  0.  0.  0.  0.  0.  0.  0.
  0.  0.  0.  0.  0.  0.  0.  0.  0.  0.  0.  0.  0.  0.  0.  0.  0.  0.
  0.  0.  0.  0.  0.  0.  0.  0.  0.]