[ 0.  0.  0.  0.  0.  0.  0.  0.  0.  0.  0.  0.  0.  0.  0.  0.  0.  0.
  0.  0.  0.  0.  0.  0.  0.  0.  0.  0.  0.  0.  0.  0.  0.  0.  0.  0.
  0. 21.  0. 23.  0.  0.  0.  0.  0.  0.  0.  0.  0.  0. 26.  0. 14. 22.
 24. 25.  0.  0.  0.  0.  0.  0.  0.  0.  0.  0.  0. 20. 13. 19.  0.  0.
  0.  0.  0.  0.  0.  0.  0.  0.  0.  0. 16. 15. 11.  0.  0.  0.  0.  0.
  0.  0.  0.  0.  0.  0.  0.  0. 10.  3.  7. 18.  0.  0.  0.  0.  0.  0.
  0.  0.  0.  0.  1.  0.  6.  8.  9.  0.  0.  0.  0.  0.  0.  0.  0.  0.
  0.  4.  2.  5. 17.  0. 12.  0.  0.  0.  0.  0.  0.  0.  0.  0.  0.  0.
  0.  0.  0.  0.  0.  0.  0.  0.  0.  0.  0.  0.  0.  0.  0.  0.  0.  0.
  0.  0.  0.  0.  0.  0.  0.  0.  0.  0.  0.  0.  0.  0.  0.  0.  0.  0.
  0.  0.  0.  0.  0.  0.  0.  0.  0.  0.  0.  0.  0.  0.  0.  0.  0.  0.
  0.  0.  0.  0.  0.  0.  0.  0.  0.  0.  0.  0.  0.  0.  0.  0.  0.  0.
  0.  0.  0.  0.  0.  0.  0.  0.  0.]