[ 0.  0.  0.  0.  0.  0.  0.  0.  0.  0.  0.  0.  0.  0.  0.  0.  0.  0.
  0.  0.  0.  0.  0.  0.  0.  0.  0.  0.  0.  0.  0.  0.  0.  0.  0.  0.
  0.  0. 22.  0.  0.  0.  0.  0.  0.  0.  0.  0.  0.  0.  0.  0. 21.  0.
  0.  0.  0.  0.  0.  0.  0.  0.  0.  0. 20.  0. 17. 18.  0. 15.  0.  0.
  0.  0.  0.  0.  0.  0.  0.  0. 19.  0.  0.  0. 14.  0.  0.  0.  0.  0.
  0.  0.  0.  0.  0.  0.  3. 10.  0.  0. 13. 16.  0.  0.  0.  0.  0.  0.
  0.  0. 12. 24.  1.  9.  6.  0.  0.  0.  0.  0.  0.  0.  0.  0. 28. 11.
 26.  4.  2.  5.  0.  0.  0.  0.  0.  0.  0.  0. 38.  0. 25.  8.  7.  0.
  0.  0.  0.  0.  0.  0.  0.  0.  0.  0. 23. 30. 27.  0.  0.  0.  0.  0.
  0.  0.  0.  0.  0. 36. 35. 33. 29.  0. 41.  0.  0.  0.  0.  0.  0.  0.
  0.  0.  0.  0. 31.  0. 37.  0.  0.  0.  0.  0.  0.  0.  0.  0.  0.  0.
 32. 34.  0.  0. 39.  0.  0.  0.  0.  0.  0.  0.  0.  0.  0.  0.  0.  0.
  0.  0. 40.  0.  0.  0.  0.  0.  0.]