[ 0.  0.  0.  0.  0.  0.  0.  0.  0.  0.  0.  0.  0.  0.  0.  0.  0.  0.
  0.  0.  0.  0.  0.  0.  0.  0.  0.  0.  0.  0.  0.  0.  0.  0.  0.  0.
  0.  0.  0.  0. 34.  0.  0.  0.  0.  0.  0.  0.  0.  0.  0.  0.  0.  0.
 36.  0.  0.  0.  0.  0.  0.  0.  0.  0.  0.  0.  0.  0.  0. 27. 28.  0.
  0.  0.  0.  0.  0.  0.  0.  0.  0. 21.  0.  0.  0. 26. 32. 33.  0.  0.
  0.  0.  0.  0.  0.  0.  0.  6.  7.  4. 29.  0.  0. 37.  0.  0.  0.  0.
  0.  0.  0.  8.  1. 20.  3.  0. 25. 35.  0.  0.  0.  0.  0.  0.  0.  0.
 10.  5.  2.  0. 22. 31. 30.  0.  0.  0.  0.  0.  0.  0. 18. 11. 15. 17.
 24. 23.  0.  0.  0.  0.  0.  0.  0.  0.  0. 19.  0. 16. 12.  0.  0.  0.
  0.  0.  0.  0.  0.  0.  0.  0.  0.  0.  9. 14. 13.  0.  0.  0.  0.  0.
  0.  0.  0.  0.  0.  0.  0.  0.  0.  0.  0.  0.  0.  0.  0.  0.  0.  0.
  0.  0.  0.  0.  0.  0.  0.  0.  0.  0.  0.  0.  0.  0.  0.  0.  0.  0.
  0.  0.  0.  0.  0.  0.  0.  0.  0.]