[ 0.  0.  0.  0.  0.  0.  0.  0.  0.  0.  0.  0.  0.  0.  0.  0.  0.  0.
  0.  0.  0.  0.  0.  0.  0.  0.  0.  0.  0.  0.  0.  0.  0.  0.  0.  0.
  0.  0.  0.  0.  0.  0.  0.  0.  0.  0.  0.  0.  0.  0.  0.  0.  0.  0.
  0. 26.  0.  0.  0.  0.  0.  0.  0.  0.  0.  0.  0.  0.  0.  0. 25.  0.
 24.  0.  0.  0.  0.  0.  0.  0.  0.  0.  0. 13. 18. 17. 23.  0.  0.  0.
  0.  0.  0.  0.  0.  0.  0.  0. 12.  0. 21. 20.  0.  0.  0.  0.  0.  0.
  0.  0.  0.  4.  1. 10.  5. 19.  0. 27.  0.  0.  0.  0.  0.  0.  0.  0.
  0.  2.  0.  3. 22.  0.  0.  0.  0.  0.  0.  0.  0.  0.  0. 11.  0.  6.
  8.  9.  0.  0.  0.  0.  0.  0.  0.  0.  0.  0.  0.  0. 15.  7. 16.  0.
  0.  0.  0.  0.  0.  0.  0.  0.  0.  0.  0. 14.  0.  0.  0.  0.  0.  0.
  0.  0.  0.  0.  0.  0.  0.  0.  0.  0.  0.  0.  0.  0.  0.  0.  0.  0.
  0.  0.  0.  0.  0.  0.  0.  0.  0.  0.  0.  0.  0.  0.  0.  0.  0.  0.
  0.  0.  0.  0.  0.  0.  0.  0.  0.]