[ 0.  0.  0.  0.  0.  0.  0.  0.  0.  0.  0.  0.  0.  0.  0.  0.  0.  0.
  0.  0.  0.  0.  0.  0.  0.  0.  0.  0.  0.  0.  0.  0.  0.  0.  0.  0.
  0. 49.  0.  0.  0.  0.  0.  0.  0.  0.  0.  0. 56. 71. 44. 51.  0. 46.
 20.  0.  0.  0.  0.  0.  0. 70. 57. 69. 55. 67. 54.  0.  0.  0. 17.  0.
  0.  0.  0.  0.  0.  0. 50. 68. 45. 47.  3. 48. 13. 16. 15.  0.  0.  0.
  0.  0.  0.  0. 52. 36. 53. 10. 18. 19. 14. 24.  0.  0.  0.  0.  0.  0.
  0.  0. 12. 37.  1.  9.  6. 26.  0. 27.  0.  0.  0.  0.  0.  0.  0. 11.
  0.  2.  4.  5. 23. 21. 28.  0.  0.  0.  0.  0. 62.  0.  0.  8.  7.  0.
  0. 22.  0. 25.  0.  0.  0.  0. 72. 58. 73.  0. 59.  0. 30. 32. 35. 34.
  0.  0.  0.  0.  0. 66. 63. 65. 43.  0. 60. 38. 29. 33.  0.  0.  0.  0.
  0.  0. 74.  0. 64.  0. 42. 41. 39. 31.  0.  0.  0.  0.  0.  0.  0.  0.
  0.  0. 61.  0. 40.  0.  0.  0.  0.  0.  0.  0.  0.  0.  0.  0.  0.  0.
  0.  0.  0.  0.  0.  0.  0.  0.  0.]