[ 0.  0.  0.  0.  0.  0.  0.  0.  0.  0.  0.  0.  0.  0.  0.  0.  0.  0.
  0.  0.  0.  0.  0.  0.  0.  0.  0.  0.  0.  0.  0.  0.  0.  0.  0.  0.
  0.  0.  0.  0.  0.  0.  0.  0.  0.  0.  0.  0.  0. 25.  0.  0. 28.  0.
  0.  0.  0.  0.  0.  0.  0.  0.  0.  0.  0. 24. 27.  0.  0.  0.  0.  0.
  0.  0.  0.  0.  0.  0.  0.  0. 21. 22.  0. 13.  0.  0.  0.  0.  0.  0.
  0.  0.  0.  0.  0. 23. 26.  0. 12.  0.  0.  0. 41.  0.  0.  0.  0.  0.
  0. 30. 32.  4.  1. 10.  5.  0. 40.  0.  0.  0.  0.  0.  0.  0.  0. 29.
  0.  2. 15.  3. 38. 16.  0.  0.  0.  0.  0.  0.  0.  0. 31. 11.  0.  6.
  8.  9. 43.  0.  0.  0.  0.  0.  0.  0.  0.  0. 18.  0. 14.  7. 37. 42.
  0.  0.  0.  0.  0.  0.  0.  0.  0. 34. 19. 17. 33. 35. 36.  0.  0.  0.
  0.  0.  0.  0.  0.  0.  0. 20. 44. 45.  0.  0.  0.  0.  0.  0.  0.  0.
  0.  0.  0.  0. 39.  0.  0.  0.  0.  0.  0.  0.  0.  0.  0.  0.  0.  0.
  0.  0.  0.  0.  0.  0.  0.  0.  0.]