[ 0.  0.  0.  0.  0.  0.  0.  0.  0.  0.  0.  0.  0.  0.  0.  0.  0.  0.
  0.  0.  0.  0.  0.  0.  0.  0.  0.  0.  0.  0.  0.  0.  0.  0.  0.  0.
  0.  0.  0.  0.  0.  0.  0.  0.  0.  0.  0.  0.  0.  0.  0.  0. 51.  0.
  0.  0.  0.  0.  0.  0.  0.  0.  0.  0.  0.  0. 46. 43. 50.  0.  0.  0.
  0.  0.  0.  0.  0.  0.  0. 34. 32. 45. 47. 41.  0. 48.  0.  0.  0.  0.
  0.  0. 58. 57. 53.  0. 31. 42.  0. 44. 55. 54.  0.  0.  0.  0.  0. 56.
 52. 38. 33. 37.  1. 49.  8. 11.  0.  0.  0.  0.  0. 64. 61. 63. 59. 35.
 18.  2.  4.  7.  6.  0.  0.  0.  0.  0. 65. 67. 60. 39. 36. 12. 17. 14.
  3. 10.  9.  0.  0.  0.  0.  0.  0. 40.  0. 29. 30. 13.  5. 15. 16.  0.
  0.  0.  0.  0.  0.  0. 62. 66.  0. 23. 19. 26. 21. 25.  0.  0.  0.  0.
  0.  0.  0. 69.  0.  0. 27. 20.  0. 22. 24.  0.  0.  0.  0.  0.  0.  0.
 68.  0. 28. 70.  0.  0.  0.  0.  0.  0.  0.  0.  0.  0.  0.  0.  0.  0.
  0.  0.  0.  0.  0.  0.  0.  0.  0.]