[ 0.  0.  0.  0.  0.  0.  0.  0.  0.  0.  0.  0.  0.  0.  0.  0.  0.  0.
 31.  0. 47. 50.  0.  0.  0.  0.  0.  0.  0.  0.  0.  0.  0. 42. 30. 49.
  0.  0.  0.  0.  0.  0.  0.  0.  0.  0.  0.  0. 40. 41. 28.  0.  0. 13.
  0.  0.  0.  0.  0.  0. 77.  0. 44. 43. 39. 29. 14. 17. 16.  0. 24.  0.
  0.  0.  0.  0. 51. 48. 38. 27.  0. 19. 22. 15. 21. 26. 25.  0.  0.  0.
  0.  0. 53. 32. 45. 20.  3.  8. 23. 18.  0.  0.  0.  0.  0.  0.  0.  0.
 33. 46. 10.  0.  1.  5.  6.  0.  0.  0.  0.  0.  0.  0. 52.  0. 75. 11.
 63.  4.  2.  7.  0.  0.  0.  0.  0.  0.  0.  0. 37. 34. 36. 12.  9.  0.
 56. 54. 69.  0.  0.  0.  0.  0.  0. 73. 74. 35. 60. 57. 59. 55. 64.  0.
  0.  0.  0.  0.  0.  0.  0. 70. 71. 62. 58.  0.  0. 65. 66.  0.  0.  0.
  0.  0.  0.  0. 76. 72.  0.  0. 61.  0. 68.  0. 67.  0.  0.  0.  0.  0.
  0.  0.  0.  0.  0.  0.  0.  0.  0.  0.  0.  0.  0.  0.  0.  0.  0.  0.
  0.  0.  0.  0.  0.  0.  0.  0.  0.]