[ 0.  0.  0.  0.  0.  0.  0.  0.  0.  0.  0.  0.  0.  0.  0.  0.  0.  0.
  0.  0.  0.  0.  0.  0.  0.  0.  0.  0.  0.  0.  0.  0.  0.  0.  0.  0.
  0.  0.  0.  0.  0.  0.  0.  0.  0.  0.  0.  0.  0.  0.  0.  0.  0.  0.
  0.  0.  0.  0.  0.  0.  0.  0.  0.  0.  0.  0.  0.  0.  0.  0.  0.  0.
  0.  0.  0.  0.  0.  0.  0.  0.  0.  0.  0.  0.  0.  0.  0.  0.  0.  0.
  0.  0.  0.  0.  0.  0.  3.  0. 24.  8.  9.  0.  0.  0.  0.  0.  0.  0.
  0.  0.  0.  0.  1.  4.  0.  0.  0.  0.  0.  0.  0.  0.  0.  0.  0.  0.
 23. 13.  2.  5.  0.  0.  0.  0.  0.  0.  0.  0.  0.  0. 21. 20.  6.  7.
  0.  0.  0.  0.  0.  0.  0.  0.  0.  0.  0.  0. 10. 12. 15. 14.  0.  0.
  0.  0.  0.  0.  0.  0.  0.  0. 11. 22.  0. 16.  0.  0.  0.  0.  0.  0.
  0.  0.  0.  0.  0.  0.  0. 18.  0. 17.  0.  0.  0.  0.  0.  0.  0.  0.
  0.  0.  0. 19.  0.  0.  0.  0.  0.  0.  0.  0.  0.  0.  0.  0.  0.  0.
  0.  0.  0.  0.  0.  0.  0.  0.  0.]