[ 0.  0.  0.  0.  0.  0.  0.  0.  0.  0.  0.  0.  0.  0.  0.  0.  0.  0.
  0.  0.  0.  0.  0.  0.  0.  0.  0.  0.  0.  0.  0.  0.  0.  0.  0.  0.
  0.  0.  0.  0.  0.  0.  0.  0.  0.  0.  0.  0.  0.  0.  0.  0.  0.  0.
  0.  0.  0.  0.  0.  0.  0.  0.  0.  0.  0.  0.  0.  0.  0.  0.  0.  0.
  0.  0.  0.  0.  0.  0.  0.  0.  0.  0.  0.  8. 12.  0.  0.  0.  0.  0.
  0.  0.  0.  0.  0.  0.  0.  3.  9.  7. 10.  0.  0.  0.  0.  0.  0.  0.
  0.  0. 20.  0.  1.  6.  0.  0.  0.  0.  0.  0.  0.  0.  0.  0.  0.  0.
 11.  4.  2.  5.  0.  0.  0.  0.  0.  0.  0.  0.  0.  0. 13. 15. 17. 18.
  0.  0.  0.  0.  0.  0.  0.  0.  0.  0. 14.  0. 16. 22. 19.  0.  0.  0.
  0.  0.  0.  0.  0.  0.  0.  0.  0. 23.  0. 21.  0.  0.  0.  0.  0.  0.
  0.  0.  0.  0.  0.  0.  0.  0.  0.  0.  0.  0.  0.  0.  0.  0.  0.  0.
  0.  0.  0.  0.  0.  0.  0.  0.  0.  0.  0.  0.  0.  0.  0.  0.  0.  0.
  0.  0.  0.  0.  0.  0.  0.  0.  0.]