[ 0.  0.  0.  0.  0.  0.  0.  0.  0.  0.  0.  0.  0.  0.  0.  0.  0.  0.
  0.  0.  0.  0.  0.  0.  0.  0.  0.  0.  0.  0.  0.  0.  0. 26.  0. 47.
  0.  0.  0.  0.  0.  0.  0.  0.  0.  0.  0.  0.  0. 25.  0. 28.  0.  0.
  0.  0.  0.  0.  0.  0.  0.  0.  0.  0.  0. 23. 27. 46. 45.  0.  0.  0.
  0.  0.  0.  0.  0. 48.  0.  0. 24. 11.  4.  0.  0.  0.  0.  0.  0.  0.
  0.  0.  0.  0. 16. 17.  6.  3.  0.  9.  0. 38.  0.  0.  0.  0.  0.  0.
  0. 18.  7. 10.  1.  8. 14. 36. 37.  0.  0.  0.  0.  0. 30.  0. 29. 21.
  0.  2.  5. 39. 40. 35.  0.  0.  0.  0.  0.  0.  0.  0. 22. 12. 13.  0.
  0. 43. 33.  0.  0.  0.  0.  0.  0.  0.  0. 19. 15. 20. 32. 44. 34. 41.
  0.  0.  0.  0.  0.  0.  0.  0.  0.  0.  0.  0. 31.  0. 42.  0.  0.  0.
  0.  0.  0.  0.  0.  0.  0.  0.  0.  0.  0.  0.  0.  0.  0.  0.  0.  0.
  0.  0.  0.  0.  0.  0.  0.  0.  0.  0.  0.  0.  0.  0.  0.  0.  0.  0.
  0.  0.  0.  0.  0.  0.  0.  0.  0.]