[ 0.  0.  0.  0.  0.  0.  0.  0.  0.  0.  0.  0.  0.  0.  0.  0.  0.  0.
  0.  0.  0.  0.  0.  0.  0.  0.  0.  0.  0.  0.  0.  0.  0.  0.  0.  0.
  0.  0.  0.  0.  0.  0.  0.  0.  0.  0.  0.  0.  0.  0.  0.  0.  0.  0.
  0.  0.  0.  0.  0.  0.  0.  0.  0.  0.  0.  0.  0.  0.  0.  0.  0.  0.
  0.  0.  0.  0.  0.  0.  0.  0.  0. 11. 16.  3.  0.  0.  0.  0.  0.  0.
  0.  0.  0.  0.  0.  0.  0.  0.  0. 10.  0.  0.  0.  0.  0.  0.  0.  0.
  0.  0.  0.  6.  1. 12.  5.  0.  0.  0.  0.  0.  0.  0.  0.  0.  0.  0.
  4. 13.  2.  7.  0.  0.  0.  0.  0.  0.  0.  0.  0.  0.  0.  8.  0. 14.
 17.  0.  0.  0.  0.  0.  0.  0.  0.  0.  0.  0.  9.  0. 15. 18.  0.  0.
  0.  0.  0.  0.  0.  0.  0.  0.  0.  0. 19.  0. 23.  0.  0.  0.  0.  0.
  0.  0.  0.  0.  0.  0. 20.  0. 21.  0.  0.  0.  0.  0.  0.  0.  0.  0.
  0.  0.  0.  0.  0.  0. 22.  0.  0.  0.  0.  0.  0.  0.  0.  0.  0.  0.
  0.  0.  0.  0.  0.  0.  0.  0.  0.]