[ 0.  0.  0.  0.  0.  0.  0.  0.  0.  0.  0.  0.  0.  0.  0.  0.  0.  0.
  0.  0.  0.  0.  0.  0.  0.  0.  0.  0.  0.  0.  0.  0.  0.  0.  0.  0.
  0.  0.  0. 24.  0.  0.  0.  0.  0.  0.  0.  0.  0.  0.  0. 19. 22. 21.
  0.  0.  0.  0.  0.  0.  0.  0.  0.  0.  0. 15. 20. 23.  0. 28.  0.  0.
  0.  0.  0.  0.  0.  0.  0. 18. 32. 11. 12. 26. 27.  0.  0.  0.  0.  0.
  0.  0.  0.  0.  0. 13.  0.  2.  9. 25.  0. 29.  0.  0.  0.  0.  0.  0.
  0. 14.  5. 17.  1.  8.  7.  0.  0.  0.  0.  0.  0.  0.  0.  0.  0. 16.
 10.  3.  6.  0.  0.  0.  0.  0.  0.  0.  0.  0.  0.  0.  0.  0.  4. 30.
  0.  0.  0.  0.  0.  0.  0.  0.  0.  0.  0.  0.  0.  0. 31.  0.  0.  0.
  0.  0.  0.  0.  0.  0.  0.  0.  0.  0.  0.  0.  0.  0.  0.  0.  0.  0.
  0.  0.  0.  0.  0.  0.  0.  0.  0.  0.  0.  0.  0.  0.  0.  0.  0.  0.
  0.  0.  0.  0.  0.  0.  0.  0.  0.  0.  0.  0.  0.  0.  0.  0.  0.  0.
  0.  0.  0.  0.  0.  0.  0.  0.  0.]