[ 0.  0.  0.  0.  0.  0.  0.  0.  0.  0.  0.  0.  0.  0.  0.  0.  0.  0.
  0.  0.  0.  0.  0.  0.  0.  0.  0.  0.  0.  0.  0.  0.  0.  0.  0.  0.
  0.  0.  0.  0.  0.  0.  0.  0.  0.  0.  0.  0.  0.  0.  0.  0.  0.  0.
  0.  0.  0.  0.  0.  0.  0.  0.  0.  0.  0. 30.  0. 23.  0. 33.  0.  0.
  0.  0.  0.  0.  0.  0.  0.  0.  0. 29. 20. 16.  0. 32.  0.  0.  0.  0.
  0.  0.  0.  0.  0.  0. 34. 15. 21. 22. 19. 28.  0.  0.  0.  0.  0.  0.
  0.  0. 14. 13.  1.  5.  8. 18. 31. 26.  0.  0.  0.  0.  0.  0.  0. 11.
  6.  2.  4.  7.  0. 24.  0.  0.  0.  0.  0.  0.  0.  0.  0. 12.  9.  0.
  3. 10.  0. 25.  0.  0.  0.  0.  0.  0.  0. 17.  0.  0.  0. 27.  0.  0.
  0.  0.  0.  0.  0.  0.  0.  0.  0.  0.  0.  0.  0.  0.  0.  0.  0.  0.
  0.  0.  0.  0.  0.  0.  0.  0.  0.  0.  0.  0.  0.  0.  0.  0.  0.  0.
  0.  0.  0.  0.  0.  0.  0.  0.  0.  0.  0.  0.  0.  0.  0.  0.  0.  0.
  0.  0.  0.  0.  0.  0.  0.  0.  0.]