[ 0.  0.  0.  0.  0.  0.  0.  0.  0.  0.  0.  0.  0.  0.  0.  0.  0.  0.
  0.  0.  0.  0.  0.  0.  0.  0.  0.  0.  0.  0.  0.  0.  0.  0.  0.  0.
  0.  0. 70.  0. 68. 62.  0.  0.  0.  0.  0.  0.  0.  0.  0.  0. 66. 65.
 63. 61.  0.  0.  0.  0.  0.  0.  0.  0.  0.  0.  0. 24. 67. 59.  0. 69.
  0.  0.  0.  0.  0.  0.  0. 41.  0. 42.  3.  5. 64. 60.  0.  0.  0.  0.
  0.  0.  0. 52.  0.  0.  0. 23. 10. 21.  0.  0.  0.  0.  0.  0.  0. 51.
  0. 45.  0.  8.  1. 18. 13.  0. 20. 71.  0.  0.  0. 49. 48. 44. 46. 34.
  7.  2.  6. 14. 19.  0. 57.  0.  0.  0.  0. 50. 47. 43. 25.  0. 12.  4.
 17. 26. 39.  0. 56.  0.  0.  0.  0.  0.  0. 33. 28. 15. 11.  9. 16. 22.
 55.  0.  0.  0.  0.  0.  0. 32. 29. 31.  0.  0. 54.  0.  0. 27. 40.  0.
  0.  0.  0.  0.  0.  0. 30.  0. 38. 35. 37.  0. 58.  0.  0.  0.  0.  0.
  0.  0.  0.  0.  0.  0. 53. 36.  0.  0.  0.  0.  0.  0.  0.  0.  0.  0.
  0.  0.  0.  0.  0.  0.  0.  0.  0.]