[ 0.  0.  0.  0.  0.  0.  0.  0.  0.  0.  0.  0.  0.  0.  0.  0.  0.  0.
  0.  0.  0.  0.  0.  0.  0.  0.  0.  0.  0.  0.  0.  0.  0.  0.  0.  0.
  0.  0.  0.  0.  0.  0.  0.  0.  0.  0.  0.  0.  0.  0.  0.  0.  0.  0.
  0.  0.  0.  0.  0.  0.  0.  0.  0.  0.  0.  0.  0.  0.  0. 32.  0.  0.
  0.  0.  0.  0.  0.  0.  0.  0.  0.  0.  0. 33.  3. 35. 17.  0. 30.  0.
  0.  0.  0.  0.  0.  0. 11. 10. 28.  8. 29. 16. 22. 23.  0.  0.  0.  0.
  0.  0.  0.  6.  1.  9.  7. 13. 14. 34.  0.  0.  0.  0.  0.  0. 19. 12.
  4. 18.  2.  5. 31.  0.  0.  0.  0.  0.  0.  0.  0. 15.  0.  0.  0. 24.
 20. 26. 27.  0.  0.  0.  0.  0.  0.  0.  0.  0.  0.  0. 21. 25.  0.  0.
  0.  0.  0.  0.  0.  0.  0.  0.  0.  0.  0.  0.  0.  0.  0.  0.  0.  0.
  0.  0.  0.  0.  0.  0.  0.  0.  0.  0.  0.  0.  0.  0.  0.  0.  0.  0.
  0.  0.  0.  0.  0.  0.  0.  0.  0.  0.  0.  0.  0.  0.  0.  0.  0.  0.
  0.  0.  0.  0.  0.  0.  0.  0.  0.]