[ 0.  0.  0.  0.  0.  0.  0.  0.  0.  0.  0.  0.  0.  0.  0.  0.  0.  0.
  0.  0.  0.  0.  0.  0.  0.  0.  0.  0.  0.  0.  0.  0.  0.  0.  0.  0.
  0.  0.  0.  0.  0.  0.  0.  0.  0.  0.  0.  0. 40.  0.  0.  0.  0.  0.
  0.  0.  0.  0.  0.  0.  0.  0.  0. 43. 39.  0. 24.  0. 26.  0. 41.  0.
  0.  0.  0.  0.  0.  0. 31. 38. 37. 21. 25.  0.  0. 42.  0.  0.  0.  0.
  0. 45. 44.  0. 32. 20. 23. 22.  6.  0. 13.  0.  0.  0.  0.  0.  0.  0.
  0. 16. 15.  0.  1. 11. 12. 17. 14.  0.  0.  0.  0.  0.  0. 46. 27. 19.
  5.  2.  4. 36.  9.  0.  0.  0.  0.  0.  0. 53. 28. 51. 29.  8.  0.  7.
  3. 18.  0.  0.  0.  0.  0. 52.  0. 49. 47. 34. 30. 35. 10.  0.  0.  0.
  0.  0.  0.  0.  0.  0. 48.  0. 33. 50.  0.  0.  0.  0.  0.  0.  0.  0.
  0.  0.  0.  0.  0.  0. 54.  0.  0.  0.  0.  0.  0.  0.  0.  0.  0.  0.
  0.  0.  0.  0.  0.  0.  0.  0.  0.  0.  0.  0.  0.  0.  0.  0.  0.  0.
  0.  0.  0.  0.  0.  0.  0.  0.  0.]