[ 0.  0.  0.  0.  0.  0.  0.  0.  0.  0.  0.  0.  0.  0.  0.  0.  0.  0.
  0.  0.  0.  0.  0.  0.  0.  0.  0.  0.  0.  0.  0.  0.  0.  0.  0. 30.
  0.  0. 24.  0. 22.  0.  0.  0.  0.  0.  0.  0.  0.  0.  0. 25. 26. 23.
 21.  0.  0.  0.  0.  0.  0.  0.  0.  0.  0.  0. 31. 29. 11.  0.  0.  0.
  0.  0.  0.  0.  0.  0.  0.  0.  0.  0.  3. 17.  8.  0.  0.  0.  0.  0.
  0.  0.  0.  0.  0.  0. 27. 10.  5.  9.  7.  0.  0.  0.  0.  0.  0.  0.
  0.  0. 28. 16.  1. 18.  6. 20.  0.  0.  0.  0.  0.  0.  0.  0.  0. 14.
 15.  4.  2. 12. 13.  0.  0.  0.  0.  0.  0.  0.  0.  0.  0.  0.  0.  0.
  0. 19.  0.  0.  0.  0.  0.  0.  0.  0.  0.  0.  0.  0.  0.  0.  0.  0.
  0.  0.  0.  0.  0.  0.  0.  0.  0.  0.  0.  0.  0.  0.  0.  0.  0.  0.
  0.  0.  0.  0.  0.  0.  0.  0.  0.  0.  0.  0.  0.  0.  0.  0.  0.  0.
  0.  0.  0.  0.  0.  0.  0.  0.  0.  0.  0.  0.  0.  0.  0.  0.  0.  0.
  0.  0.  0.  0.  0.  0.  0.  0.  0.]