[ 0.  0.  0.  0.  0.  0.  0.  0.  0.  0.  0.  0.  0.  0.  0.  0.  0.  0.
  0.  0.  0.  0.  0.  0.  0.  0.  0.  0.  0.  0.  0.  0.  0.  0.  0.  0.
  0. 37.  0.  0.  0.  0.  0.  0.  0.  0.  0.  0.  0.  0.  0.  0.  0. 31.
  0.  0.  0.  0.  0.  0.  0.  0.  0.  0.  0.  0.  0. 23. 22. 25.  0.  0.
  0.  0.  0.  0.  0.  0.  0.  0.  0.  0. 21. 20.  0.  0.  0.  0.  0.  0.
  0.  0.  0.  0.  0.  0.  0. 24. 26.  0. 29. 28.  0.  0.  0.  0.  0.  0.
  0.  0.  0. 35.  1. 27.  8. 11.  0.  0.  0.  0.  0.  0.  0.  0.  0. 19.
 14.  2.  4.  7.  6.  0.  0.  0.  0.  0.  0.  0.  0.  0. 30. 34. 13. 15.
  3. 10.  9.  0.  0.  0.  0.  0.  0. 39. 38. 36. 32. 16.  5. 12.  0.  0.
  0.  0.  0.  0.  0.  0.  0.  0.  0.  0. 33. 17.  0.  0.  0.  0.  0.  0.
  0.  0. 40.  0.  0.  0.  0.  0. 18.  0.  0.  0.  0.  0.  0.  0.  0.  0.
  0.  0.  0.  0.  0.  0.  0.  0.  0.  0.  0.  0.  0.  0.  0.  0.  0.  0.
  0.  0.  0.  0.  0.  0.  0.  0.  0.]