[ 0.  0.  0.  0.  0.  0.  0.  0.  0.  0.  0.  0.  0.  0.  0.  0.  0.  0.
  0.  0.  0.  0.  0.  0.  0.  0.  0.  0.  0.  0.  0.  0.  0.  0.  0. 43.
  0. 36.  0.  0.  0.  0.  0.  0.  0.  0.  0.  0.  0.  0.  0. 33. 37.  0.
 19. 22.  0.  0.  0.  0.  0.  0.  0.  0.  0. 35.  0. 34. 18.  9.  0.  0.
  0.  0.  0.  0.  0. 41.  0.  0.  0.  5.  4. 21. 20.  0.  0.  0.  0.  0.
  0.  0.  0. 38. 39. 12.  8.  3. 16.  7.  0.  0.  0.  0.  0.  0.  0.  0.
 42. 40. 10. 13.  1.  6. 17.  0.  0.  0.  0.  0.  0.  0.  0.  0. 11. 14.
 30.  2. 26. 31.  0.  0.  0.  0.  0.  0.  0.  0.  0.  0. 15. 27. 25. 28.
  0.  0.  0.  0.  0.  0.  0.  0.  0.  0.  0.  0. 23. 32. 29.  0.  0.  0.
  0.  0.  0.  0.  0.  0.  0.  0.  0.  0. 24.  0.  0.  0.  0.  0.  0.  0.
  0.  0.  0.  0.  0.  0.  0.  0.  0.  0.  0.  0.  0.  0.  0.  0.  0.  0.
  0.  0.  0.  0.  0.  0.  0.  0.  0.  0.  0.  0.  0.  0.  0.  0.  0.  0.
  0.  0.  0.  0.  0.  0.  0.  0.  0.]