[ 0.  0.  0.  0.  0.  0.  0.  0.  0.  0.  0.  0.  0.  0.  0.  0.  0.  0.
  0.  0.  0.  0.  0.  0.  0.  0.  0.  0.  0.  0.  0.  0.  0.  0.  0.  0.
  0.  0.  0.  0.  0.  0.  0.  0.  0.  0.  0.  0.  0.  0.  0.  0.  0.  0.
  0.  0.  0.  0.  0.  0.  0.  0.  0.  0.  0.  0.  0.  0.  0.  0.  0.  0.
  0.  0.  0.  0.  0.  0.  0.  0.  0.  0.  0.  0.  6.  0.  0.  0.  0.  0.
  0.  0.  0.  0.  0.  0. 14.  0.  0.  5.  0. 20. 18.  0.  0.  0.  0.  0.
  0.  0.  0.  0.  1.  4. 21. 10. 17.  0.  0.  0.  0.  0.  0.  0.  0.  0.
  0.  2. 13.  3. 11. 15. 16.  0.  0.  0.  0.  0.  0.  0.  0.  0. 25.  9.
  7. 12. 19.  0.  0.  0.  0.  0.  0.  0.  0.  0. 26.  0. 27.  8. 23.  0.
 22.  0.  0.  0.  0.  0.  0.  0.  0.  0. 28.  0.  0.  0. 24.  0.  0.  0.
  0.  0.  0.  0.  0.  0.  0.  0. 29.  0.  0.  0.  0.  0.  0.  0.  0.  0.
  0.  0.  0.  0.  0.  0.  0.  0.  0.  0.  0.  0.  0.  0.  0.  0.  0.  0.
  0.  0.  0.  0.  0.  0.  0.  0.  0.]