[ 0.  0.  0.  0. 37.  0.  0.  0.  0.  0.  0.  0.  0.  0.  0.  0.  0.  0.
  0.  0. 36.  0.  0.  0.  0.  0.  0.  0.  0.  0.  0.  0.  0.  0. 46.  0.
 34.  0. 31.  0.  0.  0.  0.  0.  0.  0.  0.  0.  0.  0. 33.  0. 22. 21.
 17.  0.  0.  0.  0.  0.  0.  0.  0. 42. 40.  0. 23. 24. 32. 20.  0. 15.
  0.  0.  0.  0.  0.  0. 39. 47. 43. 48. 45.  0. 19. 14. 18.  0.  0.  0.
  0.  0.  0. 41. 52. 44.  8.  3.  5. 12. 27.  0.  0.  0.  0.  0.  0.  0.
 35.  0.  0.  9.  1. 16. 26. 25.  0.  0.  0.  0.  0. 53. 51. 49. 11. 10.
  6.  4.  2.  7.  0.  0.  0.  0.  0.  0.  0.  0. 50.  0. 38. 13.  0. 28.
  0.  0.  0.  0.  0.  0.  0.  0.  0.  0.  0.  0.  0.  0. 29. 30.  0.  0.
  0.  0.  0.  0.  0.  0.  0.  0.  0.  0.  0.  0.  0.  0.  0.  0.  0.  0.
  0.  0.  0.  0.  0.  0.  0.  0.  0.  0.  0.  0.  0.  0.  0.  0.  0.  0.
  0.  0.  0.  0.  0.  0.  0.  0.  0.  0.  0.  0.  0.  0.  0.  0.  0.  0.
  0.  0.  0.  0.  0.  0.  0.  0.  0.]