[ 0.  0.  0.  0.  0.  0.  0.  0.  0.  0.  0.  0.  0.  0.  0.  0.  0.  0.
  0.  0.  0.  0.  0.  0.  0.  0.  0.  0.  0.  0.  0.  0.  0.  0.  0.  0.
  0.  0.  0.  0.  0.  0.  0.  0.  0.  0.  0.  0.  0.  0.  0.  0.  0.  0.
  0.  0.  0.  0.  0.  0.  0.  0.  0.  0.  0.  0.  0.  0.  0.  0.  0.  0.
  0.  0.  0.  0.  0.  0.  0. 23. 14. 13.  3.  5. 18.  0.  0.  0.  0.  0.
  0.  0.  0.  0.  0. 22. 25. 24. 10. 16. 17.  0.  0.  0.  0.  0.  0.  0.
  0.  0.  0.  8.  1. 11. 29. 15. 30.  0.  0.  0.  0.  0.  0.  0.  0. 32.
  7.  2.  6. 28. 20. 21.  0.  0.  0.  0.  0.  0.  0. 38. 33. 35. 12.  4.
  0. 19.  0.  0.  0.  0.  0.  0.  0. 39.  0. 40.  0. 34.  0.  9.  0. 27.
  0.  0.  0.  0.  0.  0.  0.  0.  0. 36. 31. 26.  0.  0.  0.  0.  0.  0.
  0.  0.  0.  0.  0. 37.  0.  0.  0.  0.  0.  0.  0.  0.  0.  0.  0.  0.
  0.  0.  0.  0.  0.  0.  0.  0.  0.  0.  0.  0.  0.  0.  0.  0.  0.  0.
  0.  0.  0.  0.  0.  0.  0.  0.  0.]