[ 0.  0.  0.  0.  0.  0.  0.  0.  0.  0.  0.  0.  0.  0.  0.  0.  0.  0.
  0.  0.  0.  0.  0.  0.  0.  0.  0.  0.  0.  0.  0.  0.  0.  0.  0.  0.
  0.  0.  0.  0.  0.  0.  0.  0.  0.  0.  0.  0.  0.  0.  0.  0.  0.  0.
  0.  0.  0.  0.  0.  0.  0.  0.  0.  0.  0.  0.  0. 35.  0.  0.  0.  0.
  0.  0.  0.  0.  0.  0.  0.  0. 27. 29. 30.  0.  0.  0.  0.  0.  0.  0.
  0.  0.  0.  0.  0. 33. 28.  0. 31.  3. 18.  0.  0.  0.  0.  0.  0.  0.
  0.  0. 34.  6.  1. 32. 22. 17. 26.  0.  0.  0.  0.  0.  0.  0.  0.  5.
  4.  2. 23. 21. 24. 19.  0.  0.  0.  0.  0.  0.  0.  0.  0.  7. 10.  9.
  0.  0. 25. 20.  0.  0.  0.  0.  0.  0.  0. 16.  0.  8. 11.  0.  0.  0.
  0.  0.  0.  0.  0.  0.  0.  0.  0. 15. 12. 14.  0.  0.  0.  0.  0.  0.
  0.  0.  0.  0.  0.  0.  0. 13.  0.  0.  0.  0.  0.  0.  0.  0.  0.  0.
  0.  0.  0.  0.  0.  0.  0.  0.  0.  0.  0.  0.  0.  0.  0.  0.  0.  0.
  0.  0.  0.  0.  0.  0.  0.  0.  0.]