[ 0.  0.  0.  0.  0.  0.  0.  0.  0.  0.  0.  0.  0.  0.  0.  0.  0.  0.
  0.  0.  0.  0.  0. 28. 78. 80. 81.  0.  0.  0.  0.  0.  0. 51. 66.  0.
  0. 25. 79.  0. 82. 77.  0.  0.  0.  0.  0.  0. 53. 52.  0.  0. 24. 19.
  0.  0. 76. 63.  0.  0.  0.  0. 54. 67. 69. 27.  0. 20. 21.  0.  0. 62.
  0.  0.  0.  0. 47.  0. 68. 30. 44. 11. 18. 17.  3. 26. 70.  0. 74. 75.
  0.  0. 32. 29. 31. 15.  0. 12. 22.  8. 23. 71.  0.  0.  0.  0.  0.  0.
 42. 16. 43. 10.  1.  9.  5. 14. 64. 65.  0.  0.  0.  0.  0.  0. 46. 13.
  4.  6.  2.  7.  0.  0.  0.  0.  0.  0.  0.  0. 41.  0.  0.  0.  0.  0.
  0. 34.  0. 73.  0.  0.  0.  0.  0.  0.  0. 36. 35. 40. 39. 33. 37. 58.
  0. 72.  0.  0.  0.  0.  0. 59.  0.  0. 45. 56. 38.  0. 61. 60.  0.  0.
  0.  0.  0.  0.  0.  0. 48.  0. 49. 57.  0.  0.  0.  0.  0.  0.  0.  0.
  0.  0.  0.  0.  0. 55. 50.  0.  0.  0.  0.  0.  0.  0.  0.  0.  0.  0.
  0.  0.  0.  0.  0.  0.  0.  0.  0.]