[  0.   0.   0.   0.   0.   0.   0.   0.   0.   0.   0.   0.   0.   0.
   0.   0.   0.  76.   0.   0.  72.   0.   0.  58.   0.   0.   0.   0.
   0.   0.   0.   0.   0.  75.  74.  70.   0.   0.  57.  44.   0.  52.
   0. 106.   0.   0.   0.   0.   0.  71.  42.   0.   0.  53.  54.  43.
  47.  45.  48.   0.   0.   0.  69.  62.  59.  73.  41.  40.  55.  51.
  36.  39.   0.   0.   0.   0.   0.   0.  60.  61.  14.   0.  31.  49.
  50.  35.   0. 108. 104.   0.   0.   0.   0.  63.   0.  13.  32.   0.
  56.  46.  33.  38. 103. 105.   0.   0.  91.  64.  78.  12.  79. 101.
   1.   5.   8.   0.  34.  37. 102. 107.   0.   0.  65.  86.  27.  11.
   6.   2.   4.   7.   0. 115. 110. 112.   0.   0.  90.  89.  29.  20.
  28. 100.   9.  16.   3.  10.  77. 109.   0.   0.   0.  80.  30.  81.
  66.  17.   0.   0.  25.  18.   0. 111.  99.   0.   0.   0.  97.   0.
  67.  68.   0.  15.  21.  22.   0.  19. 113.  98.   0.   0.   0.  96.
   0.  85.  83.   0.  26.  23.  24.  92.  94.  95.   0.   0.   0.   0.
   0.   0.  82.  84.  88.  87.   0.   0.   0.  93. 114.   0.   0.   0.
   0.   0.   0.   0.   0.   0.   0.   0.   0.   0.   0.   0.   0.   0.
   0.]