[ 0.  0.  0.  0.  0.  0.  0.  0.  0.  0.  0.  0.  0.  0.  0.  0.  0.  0.
  0.  0. 52.  0.  0. 50.  0.  0.  0.  0.  0.  0.  0.  0.  0. 49.  0.  0.
 40. 41.  0. 38.  0.  0.  0.  0.  0.  0.  0.  0.  0. 46. 44. 47.  0.  0.
 37.  0.  0.  0.  0.  0.  0.  0.  0.  0. 45. 48. 27.  0. 28. 29. 36.  0.
 35.  0.  0.  0.  0.  0. 42. 43. 26.  0.  0.  0. 31. 51. 34.  0.  0.  0.
  0.  0.  0.  0.  0. 25.  3. 10. 33.  0. 30.  0.  0.  0.  0.  0.  0.  0.
  0.  0.  0.  8.  1.  7. 12.  0. 39.  0.  0.  0.  0.  0.  0. 20.  0. 11.
  0.  4.  2.  5. 32.  0.  0.  0.  0.  0.  0.  0. 19. 23. 14.  0. 15.  6.
  0.  0.  0.  0.  0.  0.  0.  0.  0.  0. 24.  0. 13.  0. 16.  9.  0.  0.
  0.  0.  0.  0.  0.  0.  0.  0.  0. 22.  0. 17.  0.  0.  0.  0.  0.  0.
  0.  0.  0.  0.  0.  0. 21. 18.  0.  0.  0.  0.  0.  0.  0.  0.  0.  0.
  0.  0.  0.  0.  0.  0.  0.  0.  0.  0.  0.  0.  0.  0.  0.  0.  0.  0.
  0.  0.  0.  0.  0.  0.  0.  0.  0.]