[ 0.  0.  0.  0.  0.  0.  0.  0.  0.  0.  0.  0.  0.  0.  0.  0.  0.  0.
  0.  0.  0.  0.  0.  0.  0.  0.  0.  0.  0.  0.  0.  0.  0.  0.  0.  0.
  0.  0.  0.  0.  0.  0.  0.  0.  0.  0.  0.  0.  0.  0.  0.  0.  0.  0.
 23.  0.  0.  0.  0.  0.  0.  0.  0.  0.  0.  0.  0. 25. 22. 24. 14.  0.
  0.  0.  0.  0.  0.  0.  0.  0. 26.  0. 16. 15.  3.  9.  0.  0.  0.  0.
  0.  0.  0.  0.  0.  0.  0. 17. 13.  8.  0.  0.  0.  0.  0.  0.  0.  0.
  0.  0.  0.  5.  1.  6. 12.  0.  0.  0.  0.  0.  0.  0.  0.  0.  0. 18.
 20.  2.  7.  0.  0.  0.  0.  0.  0.  0.  0.  0.  0.  0.  0. 19. 11.  4.
 10.  0.  0.  0.  0.  0.  0.  0.  0.  0.  0.  0.  0.  0.  0. 21.  0.  0.
  0.  0.  0.  0.  0.  0.  0.  0.  0.  0.  0.  0.  0.  0.  0.  0.  0.  0.
  0.  0.  0.  0.  0.  0.  0.  0.  0.  0.  0.  0.  0.  0.  0.  0.  0.  0.
  0.  0.  0.  0.  0.  0.  0.  0.  0.  0.  0.  0.  0.  0.  0.  0.  0.  0.
  0.  0.  0.  0.  0.  0.  0.  0.  0.]