[ 0.  0.  0.  0.  0.  0.  0.  0.  0.  0.  0.  0.  0.  0.  0.  0.  0.  0.
  0.  0.  0.  0.  0.  0.  0.  0.  0.  0.  0.  0.  0.  0.  0.  0.  0.  0.
  0.  0.  0.  0. 22.  0.  0.  0.  0.  0.  0.  0.  0.  0.  0.  0.  0.  0.
 17.  0.  0.  0.  0.  0.  0.  0.  0.  0.  0.  0.  0.  0. 15. 18. 14.  0.
  0.  0.  0.  0.  0.  0.  0.  0.  0.  0. 21.  0. 11.  0. 10.  0.  0.  0.
  0.  0.  0.  0.  0.  0. 19. 20. 13.  5.  9. 12.  0.  0.  0.  0.  0.  0.
  0.  0. 23.  0.  1.  4.  3.  0. 16.  0.  0.  0.  0.  0.  0.  0.  0.  0.
  0.  2.  7.  6.  0.  0.  0.  0.  0.  0.  0.  0.  0.  0.  0.  0.  0.  0.
  8.  0.  0.  0.  0.  0.  0.  0.  0.  0.  0.  0.  0.  0.  0.  0.  0.  0.
  0.  0.  0.  0.  0.  0.  0.  0.  0.  0.  0.  0.  0.  0.  0.  0.  0.  0.
  0.  0.  0.  0.  0.  0.  0.  0.  0.  0.  0.  0.  0.  0.  0.  0.  0.  0.
  0.  0.  0.  0.  0.  0.  0.  0.  0.  0.  0.  0.  0.  0.  0.  0.  0.  0.
  0.  0.  0.  0.  0.  0.  0.  0.  0.]