[ 0.  0.  0.  0.  0.  0.  0.  0.  0.  0.  0.  0.  0.  0.  0.  0.  0.  0.
  0.  0.  0.  0.  0.  0.  0.  0.  0.  0.  0.  0.  0.  0.  0.  0.  0.  0.
  0.  0.  0.  0.  0.  0.  0.  0.  0.  0.  0.  0.  0.  0.  0.  0.  0.  0.
  0.  0.  0.  0.  0.  0.  0.  0.  0.  0.  0. 19. 27.  0.  0.  0.  0.  0.
  0.  0.  0.  0.  0.  0.  0. 21. 18.  0.  0.  0.  0.  0.  0.  0.  0.  0.
  0.  0. 20. 23. 13. 14.  3.  0.  7.  8.  0.  0.  0.  0.  0.  0.  0. 24.
 17. 22. 12.  0.  1.  6.  0.  0.  0.  0.  0.  0.  0.  0.  0. 25. 11. 10.
 16.  4.  2.  5.  0.  0.  0.  0.  0.  0.  0.  0. 26.  0. 15.  9.  0.  0.
  0.  0.  0.  0.  0.  0.  0.  0.  0.  0.  0.  0.  0.  0.  0.  0.  0.  0.
  0.  0.  0.  0.  0.  0.  0.  0.  0.  0.  0.  0.  0.  0.  0.  0.  0.  0.
  0.  0.  0.  0.  0.  0.  0.  0.  0.  0.  0.  0.  0.  0.  0.  0.  0.  0.
  0.  0.  0.  0.  0.  0.  0.  0.  0.  0.  0.  0.  0.  0.  0.  0.  0.  0.
  0.  0.  0.  0.  0.  0.  0.  0.  0.]