[ 0.  0.  0.  0.  0.  0.  0.  0.  0.  0.  0.  0.  0.  0.  0.  0.  0.  0.
  0. 36.  0. 44.  0.  0.  0.  0. 29.  0.  0.  0.  0.  0.  0.  0.  0. 35.
  0. 39. 40.  0. 28.  0.  0.  0.  0.  0.  0.  0. 34. 43. 45. 33.  0.  0.
 26.  0.  0.  0.  0.  0.  0.  0.  0.  0.  0. 41. 37. 23. 24.  0.  0.  0.
  0.  0.  0.  0.  0.  0.  0. 42. 31. 38. 18.  0.  0. 25.  0.  0.  0.  0.
  0.  0.  0.  0. 21. 30. 27.  0. 11. 14.  0.  0.  0.  0.  0.  0.  0.  0.
 32. 22.  0.  9.  1. 10. 13.  0.  0.  0.  0.  0.  0.  0.  0.  0. 17. 16.
 12.  2.  8.  5.  0.  0.  0.  0.  0.  0.  0.  0.  0.  0.  0. 15.  0.  6.
  7.  0.  0.  0.  0.  0.  0.  0.  0.  0.  0.  0.  4.  3.  0.  0.  0.  0.
  0.  0.  0.  0.  0.  0.  0.  0.  0.  0.  0. 19. 20.  0.  0.  0.  0.  0.
  0.  0.  0.  0.  0.  0.  0.  0.  0.  0.  0.  0.  0.  0.  0.  0.  0.  0.
  0.  0.  0.  0.  0.  0.  0.  0.  0.  0.  0.  0.  0.  0.  0.  0.  0.  0.
  0.  0.  0.  0.  0.  0.  0.  0.  0.]