[ 0.  0.  0.  0.  0.  0.  0.  0.  0.  0.  0.  0.  0.  0.  0.  0.  0.  0.
  0.  0.  0.  0.  0.  0.  0.  0.  0.  0.  0.  0.  0.  0.  0.  0.  0.  0.
  0.  0.  0.  0.  0.  0.  0.  0.  0.  0.  0.  0.  0.  0.  0.  0.  0.  0.
  0.  0.  0.  0.  0.  0.  0.  0.  0.  0.  0.  0.  0.  0.  0.  0. 33.  0.
  0.  0.  0.  0.  0.  0.  0.  0.  0. 12.  3.  5.  0.  0. 41.  0.  0.  0.
  0.  0.  0.  0.  0. 19.  0.  0. 10. 39. 24.  0.  0.  0.  0.  0.  0.  0.
  0.  0. 30.  8.  1. 11. 40. 18. 17.  0.  0.  0.  0.  0.  0.  0.  0.  0.
  7.  2.  6. 15.  0. 14.  0.  0.  0.  0.  0.  0.  0.  0.  0.  0.  0.  4.
 35. 13.  0. 22.  0.  0.  0.  0.  0.  0.  0.  0. 31. 42. 34.  9.  0. 16.
 29. 23.  0.  0.  0.  0.  0.  0.  0.  0. 32.  0. 36. 25. 20. 28.  0.  0.
  0.  0.  0.  0.  0.  0.  0. 43.  0.  0. 26. 21.  0.  0.  0.  0.  0.  0.
  0.  0.  0.  0.  0.  0. 38. 27. 37.  0.  0.  0.  0.  0.  0.  0.  0.  0.
  0.  0.  0.  0.  0.  0.  0.  0.  0.]