[ 0.  0.  0.  0.  0.  0.  0.  0.  0.  0.  0.  0.  0.  0.  0.  0.  0.  0.
  0.  0.  0.  0.  0.  0.  0.  0.  0.  0.  0.  0.  0.  0.  0.  0.  0.  0.
  0.  0.  0.  0.  0.  0.  0.  0.  0.  0.  0.  0.  0.  0.  0.  0.  0.  0.
  0.  0.  0.  0.  0.  0.  0.  0.  0.  0.  0.  0.  0.  0.  0.  0.  0.  0.
  0.  0.  0.  0.  0.  0.  0.  0.  0.  0.  0.  0.  0.  0.  0.  0.  0.  0.
  0.  0.  0.  0.  0.  0.  0.  6.  5. 10.  0.  0.  0.  0.  0.  0.  0.  0.
  0.  0.  0.  0.  1.  4.  3.  0. 14.  0.  0.  0.  0.  0.  0.  0.  0.  0.
  8. 15.  2.  7. 11.  0.  0.  0.  0.  0.  0.  0.  0.  0.  0. 16. 22.  0.
  9.  0. 12.  0.  0.  0.  0.  0.  0.  0.  0. 24. 23. 21. 13. 19. 25.  0.
  0.  0.  0.  0.  0.  0.  0.  0.  0.  0. 17.  0. 20.  0.  0.  0.  0.  0.
  0.  0.  0.  0.  0.  0. 18.  0.  0.  0.  0.  0.  0.  0.  0.  0.  0.  0.
  0.  0.  0.  0.  0.  0.  0.  0.  0.  0.  0.  0.  0.  0.  0.  0.  0.  0.
  0.  0.  0.  0.  0.  0.  0.  0.  0.]