[ 0.  0.  0.  0.  0.  0.  0.  0.  0.  0.  0.  0.  0.  0.  0.  0.  0.  0.
  0.  0.  0.  0.  0.  0.  0.  0.  0.  0.  0.  0.  0.  0.  0.  0.  0.  0.
  0.  0.  0.  0.  0.  0.  0.  0.  0.  0.  0.  0.  0.  0.  0.  0.  0.  0.
  0.  0.  0.  0.  0.  0.  0.  0.  0.  0.  0.  0.  0. 22.  0. 15.  0.  0.
  0.  0.  0.  0.  0.  0. 28. 30.  0. 21.  4.  0. 14. 11.  0. 34.  0.  0.
  0.  0.  0.  0. 27. 17.  6.  3. 13. 10. 36. 31.  0.  0.  0.  0.  0.  0.
  0. 29.  7. 16.  1.  8. 12. 33.  0. 32.  0.  0.  0.  0.  0.  0.  0. 20.
 23.  2.  5. 25. 35.  0.  0.  0.  0.  0.  0.  0.  0.  0.  9. 18. 40. 37.
 44.  0.  0.  0.  0.  0.  0.  0.  0.  0. 24. 19.  0. 38. 39.  0. 26.  0.
  0.  0.  0.  0.  0.  0.  0.  0.  0. 45. 43. 41.  0.  0.  0.  0.  0.  0.
  0.  0.  0.  0.  0.  0.  0.  0. 42.  0.  0.  0.  0.  0.  0.  0.  0.  0.
  0.  0.  0.  0.  0.  0.  0.  0.  0.  0.  0.  0.  0.  0.  0.  0.  0.  0.
  0.  0.  0.  0.  0.  0.  0.  0.  0.]