[ 0.  0.  0.  0.  0.  0.  0.  0.  0.  0.  0.  0.  0.  0.  0.  0.  0.  0.
  0.  0.  0.  0.  0.  0.  0.  0.  0.  0.  0.  0.  0.  0.  0.  0.  0.  0.
  0.  0.  0.  0.  0.  0.  0.  0.  0.  0.  0.  0.  0.  0.  0.  0.  0. 25.
  0.  0.  0.  0.  0.  0.  0.  0.  0.  0.  0.  0.  0.  0. 27. 26. 22.  0.
  0.  0.  0.  0.  0.  0.  0.  0.  0.  0.  0.  0. 15. 19. 20. 24.  0.  0.
  0.  0.  0.  0.  0. 16.  0.  0.  0.  0. 21. 23.  0.  0.  0.  0.  0.  0.
  0.  0.  0. 10.  1.  9. 18. 17.  0.  0.  0.  0.  0.  0.  0.  0.  0.  7.
  6.  4.  2. 11.  0.  0.  0.  0.  0.  0.  0.  0.  0.  0.  5.  0.  0. 13.
  0. 12.  0.  0.  0.  0.  0.  0.  0.  0.  0.  8.  3. 14.  0.  0.  0.  0.
  0.  0.  0.  0.  0.  0.  0.  0.  0.  0.  0.  0.  0.  0.  0.  0.  0.  0.
  0.  0.  0.  0.  0.  0.  0.  0.  0.  0.  0.  0.  0.  0.  0.  0.  0.  0.
  0.  0.  0.  0.  0.  0.  0.  0.  0.  0.  0.  0.  0.  0.  0.  0.  0.  0.
  0.  0.  0.  0.  0.  0.  0.  0.  0.]