[ 0.  0.  0.  0.  0.  0.  0.  0.  0.  0.  0.  0.  0.  0.  0.  0.  0.  0.
  0.  0.  0.  0.  0.  0.  0.  0.  0.  0.  0.  0.  0.  0.  0.  0.  0.  0.
  0.  0. 32.  0.  0.  0.  0.  0.  0.  0.  0.  0.  0.  0. 45.  0.  0. 29.
  0.  0.  0.  0.  0.  0.  0.  0.  0. 43.  0. 44. 23. 26. 31. 33.  0.  0.
  0.  0.  0.  0.  0.  0. 39. 30. 38. 22. 24. 25. 35.  0.  0.  0.  0.  0.
  0.  0.  0.  0.  0. 34.  4. 37.  0. 21.  0.  0.  0.  0.  0.  0.  0.  0.
  0. 46. 40. 42.  1. 10. 36.  0.  0.  0.  0.  0.  0.  0.  0.  0. 17. 41.
  0.  2.  3. 27.  0.  0.  0.  0.  0.  0.  0.  0.  0. 20. 18.  5.  6.  9.
 28.  0.  0.  0.  0.  0.  0.  0.  0.  0. 15. 19.  0.  8.  7.  0.  0.  0.
  0.  0.  0.  0.  0.  0.  0.  0. 16.  0. 11.  0.  0.  0.  0.  0.  0.  0.
  0.  0.  0.  0.  0.  0. 13.  0. 12.  0.  0.  0.  0.  0.  0.  0.  0.  0.
  0.  0. 14.  0.  0.  0.  0.  0.  0.  0.  0.  0.  0.  0.  0.  0.  0.  0.
  0.  0.  0.  0.  0.  0.  0.  0.  0.]