[ 0.  0.  0.  0.  0.  0.  0.  0.  0.  0.  0.  0.  0.  0.  0.  0.  0.  0.
  0.  0.  0. 47.  0.  0.  0.  0.  0.  0.  0.  0.  0.  0.  0.  0.  0.  0.
  0. 46.  0. 37. 39.  0.  0.  0.  0.  0.  0.  0.  0.  0.  0. 50.  0. 44.
 45. 38. 42.  0.  0.  0.  0.  0.  0.  0.  0. 51. 49. 43. 34. 40.  0. 33.
  0.  0.  0.  0.  0.  0.  0.  0.  0.  0.  0. 41. 29. 14.  0. 31. 26.  0.
  0.  0. 57.  0. 59.  0.  0.  4.  0. 11. 13. 15. 16.  0.  0.  0.  0. 58.
 56.  0.  0.  6.  1.  3. 12. 32. 27.  0.  0.  0.  0.  0.  0.  0. 48.  7.
  9.  0.  2. 21. 20. 18. 30.  0.  0.  0.  0.  0. 53. 52. 10.  8.  0.  5.
 24. 23. 17.  0.  0.  0.  0.  0.  0.  0. 54.  0. 60. 22. 25.  0. 19. 28.
  0.  0.  0.  0.  0.  0.  0. 55.  0.  0.  0. 35. 36.  0.  0.  0.  0.  0.
  0.  0.  0.  0.  0.  0.  0.  0.  0.  0.  0.  0.  0.  0.  0.  0.  0.  0.
  0.  0.  0.  0.  0.  0.  0.  0.  0.  0.  0.  0.  0.  0.  0.  0.  0.  0.
  0.  0.  0.  0.  0.  0.  0.  0.  0.]