[ 0.  0.  0.  0.  0.  0.  0.  0.  0.  0.  0.  0.  0.  0.  0.  0.  0.  0.
  0.  0.  0.  0.  0.  0.  0.  0.  0.  0.  0.  0.  0.  0.  0.  0.  0.  0.
  0.  0.  0.  0.  0.  0.  0.  0.  0.  0.  0.  0. 32.  0. 52.  0. 51.  0.
  0.  0.  0.  0.  0.  0.  0.  0.  0.  0. 31.  0. 26.  0. 48.  0. 49.  0.
  0.  0.  0.  0.  0.  0. 28.  0. 11.  0.  0. 47. 50.  0.  0.  0.  0.  0.
  0.  0. 22. 21. 15.  9.  7. 10.  0.  0. 42.  0.  0.  0.  0.  0.  0.  0.
 25. 24. 14.  4.  1.  5. 43. 44. 41.  0.  0.  0.  0.  0.  0. 27.  0. 13.
  6.  2. 12.  3.  0. 46.  0.  0.  0.  0.  0.  0. 30.  0.  0. 23. 18.  8.
 20. 45. 39.  0.  0.  0.  0.  0.  0.  0.  0. 37. 36.  0. 16. 17. 40.  0.
  0.  0.  0.  0.  0.  0.  0.  0. 29. 38. 33. 34. 19.  0.  0.  0.  0.  0.
  0.  0.  0.  0.  0.  0.  0.  0. 35.  0.  0.  0.  0.  0.  0.  0.  0.  0.
  0.  0.  0.  0.  0.  0.  0.  0.  0.  0.  0.  0.  0.  0.  0.  0.  0.  0.
  0.  0.  0.  0.  0.  0.  0.  0.  0.]