[ 0.  0.  0.  0.  0.  0.  0.  0.  0.  0.  0.  0.  0.  0.  0.  0.  0.  0.
  0.  0.  0.  0.  0.  0.  0.  0.  0.  0.  0.  0.  0.  0.  0.  0.  0.  0.
  0.  0.  0.  0.  0.  0.  0.  0.  0.  0.  0.  0.  0.  0.  0.  0.  0.  0.
  0.  0.  0.  0.  0.  0.  0.  0.  0.  0.  0.  0. 23.  0.  0.  0.  0.  0.
  0.  0.  0.  0.  0. 41.  0.  0.  0.  0.  0.  0.  0.  0.  0.  0.  0.  0.
  0.  0.  0. 38.  0.  0.  0. 36.  6.  0. 13.  0.  0.  0.  0.  0.  0.  0.
 34. 24.  0. 35.  1. 11. 12.  0. 14.  0.  0.  0.  0.  0.  0. 22. 42. 40.
  5.  2.  4.  0.  9.  0.  0.  0.  0.  0.  0. 37. 39. 19. 16.  8.  0.  7.
  3. 10.  0.  0.  0.  0.  0.  0.  0. 33. 15. 21. 26. 25.  0.  0.  0.  0.
  0.  0.  0.  0.  0.  0.  0. 20. 17. 27. 31.  0.  0.  0.  0.  0.  0.  0.
  0.  0.  0.  0.  0. 28. 18. 29.  0.  0.  0.  0.  0.  0.  0.  0.  0.  0.
  0.  0.  0.  0. 32. 30.  0.  0.  0.  0.  0.  0.  0.  0.  0.  0.  0.  0.
  0.  0.  0.  0.  0.  0.  0.  0.  0.]