[ 0.  0.  0.  0.  0.  0.  0.  0.  0.  0.  0.  0.  0.  0.  0.  0.  0.  0.
  0.  0.  0.  0.  0.  0.  0.  0.  0.  0.  0.  0.  0.  0.  0.  0.  0.  0.
  0.  0.  0.  0.  0.  0.  0.  0.  0.  0.  0.  0.  0.  0.  0.  0.  0.  0.
  0.  0.  0.  0.  0.  0.  0.  0.  0.  0.  0. 17.  0.  0.  0.  0.  0.  0.
  0.  0.  0.  0.  0.  0.  0.  0.  5.  0.  0.  0.  0.  0.  0.  0.  0.  0.
  0.  0.  0.  0.  0.  3.  0.  2.  7.  0. 21.  0.  0.  0.  0.  0.  0.  0.
  0.  0. 18.  0.  1.  4. 16.  0. 19.  0.  0.  0.  0.  0.  0.  0.  0.  0.
 10. 11.  6.  8.  0.  0.  0.  0.  0.  0.  0.  0.  0.  0.  0. 22. 20. 12.
 23.  9.  0.  0.  0.  0.  0.  0.  0.  0.  0.  0.  0. 14. 13.  0.  0.  0.
  0.  0.  0.  0.  0.  0.  0.  0. 24. 15.  0.  0.  0.  0.  0.  0.  0.  0.
  0.  0.  0.  0.  0.  0.  0.  0.  0.  0.  0.  0.  0.  0.  0.  0.  0.  0.
  0.  0.  0.  0.  0.  0.  0.  0.  0.  0.  0.  0.  0.  0.  0.  0.  0.  0.
  0.  0.  0.  0.  0.  0.  0.  0.  0.]