[ 0.  0.  0.  0.  0.  0.  0.  0.  0.  0.  0.  0.  0.  0.  0.  0.  0.  0.
  0.  0.  0.  0.  0.  0.  0.  0.  0.  0.  0.  0.  0.  0.  0.  0.  0.  0.
  0.  0.  0.  0.  0.  0.  0.  0.  0.  0.  0.  0.  0.  0.  0.  0.  0.  0.
  0.  0.  0.  0.  0.  0.  0.  0.  0.  0.  0.  0.  0.  0.  0.  0.  0.  0.
  0.  0.  0.  0.  0.  0.  0.  0.  0.  0.  0.  0.  0.  0.  0.  0.  0.  0.
  0.  0.  0.  0.  0.  0.  0.  0.  0.  0.  0.  0. 21.  0.  0.  0.  0.  0.
  0.  0.  0.  0.  1.  4.  8.  0. 17.  0.  0.  0.  0.  0.  0.  0.  0.  0.
  0.  2. 10.  3. 19.  0.  0.  0.  0.  0.  0.  0.  0.  0.  0.  0.  0.  6.
  5.  0. 15.  0.  0.  0.  0.  0.  0.  0.  0.  0.  0. 12. 11.  7.  9. 18.
  0.  0.  0.  0.  0.  0.  0.  0.  0.  0. 20.  0. 13.  0.  0.  0.  0.  0.
  0.  0.  0.  0.  0.  0.  0.  0. 16. 14.  0.  0.  0.  0.  0.  0.  0.  0.
  0.  0.  0.  0.  0.  0.  0.  0.  0.  0.  0.  0.  0.  0.  0.  0.  0.  0.
  0.  0.  0.  0.  0.  0.  0.  0.  0.]