[ 0.  0.  0.  0.  0.  0.  0.  0.  0.  0.  0.  0.  0.  0.  0.  0.  0.  0.
  0.  0.  0.  0.  0.  0.  0.  0.  0.  0.  0.  0.  0.  0.  0.  0.  0.  0.
  0. 16.  0.  0.  0.  0.  0.  0.  0.  0.  0.  0.  0.  0.  0.  0. 20. 15.
 19. 10.  0.  0.  0.  0.  0.  0.  0.  0.  0. 28. 11.  0. 14.  9.  0.  0.
  0.  0.  0.  0.  0.  0.  0.  0. 17.  0.  8.  7.  3. 13.  0. 34.  0.  0.
  0.  0.  0.  0.  0. 27. 18.  5.  4. 12.  0. 42.  0. 53.  0.  0.  0.  0.
  0.  0. 21. 24.  1.  6. 33. 37. 43. 41. 44.  0.  0.  0.  0.  0.  0.  0.
 25.  2. 48. 36. 32. 49. 40.  0.  0.  0.  0.  0.  0.  0.  0. 22. 30. 26.
 31. 51. 50.  0.  0.  0.  0.  0.  0.  0.  0. 23.  0. 38. 29. 35. 39. 45.
 46.  0.  0.  0.  0.  0.  0.  0.  0.  0.  0. 52.  0.  0. 47.  0.  0.  0.
  0.  0.  0.  0.  0.  0.  0.  0.  0.  0.  0.  0.  0.  0.  0.  0.  0.  0.
  0.  0.  0.  0.  0.  0.  0.  0.  0.  0.  0.  0.  0.  0.  0.  0.  0.  0.
  0.  0.  0.  0.  0.  0.  0.  0.  0.]