[ 0.  0.  0.  0.  0.  0.  0.  0.  0.  0.  0.  0.  0.  0.  0.  0.  0.  0.
  0.  0.  0.  0.  0.  0.  0.  0.  0.  0.  0.  0.  0.  0.  0.  0.  0.  0.
  0.  0.  0.  0.  0.  0.  0.  0.  0.  0.  0.  0.  0.  0.  0.  0.  0.  0.
  0.  0.  0.  0.  0.  0.  0.  0.  0.  0.  0.  0.  0.  0.  0.  0.  0.  0.
  0.  0.  0.  0.  0.  0.  0.  0.  0. 21.  0.  0.  0.  0.  0.  0.  0.  0.
  0.  0.  0.  0.  0.  0. 18.  8. 19.  0.  5.  0.  0.  0.  0.  0.  0.  0.
 28. 30. 26. 20.  1.  0.  4.  0.  0.  0.  0.  0.  0.  0.  0.  0. 24. 23.
  6.  7.  2. 17.  0. 16.  0.  0.  0.  0.  0.  0. 27. 22.  0.  0. 11. 12.
  3.  9.  0.  0.  0.  0.  0.  0.  0.  0. 25.  0.  0. 14. 10. 15.  0.  0.
  0.  0.  0.  0.  0.  0.  0.  0.  0.  0. 29. 13.  0.  0.  0.  0.  0.  0.
  0.  0.  0.  0.  0.  0.  0.  0.  0.  0.  0.  0.  0.  0.  0.  0.  0.  0.
  0.  0.  0.  0.  0.  0.  0.  0.  0.  0.  0.  0.  0.  0.  0.  0.  0.  0.
  0.  0.  0.  0.  0.  0.  0.  0.  0.]