[ 0.  0.  0.  0.  0.  0.  0.  0.  0.  0.  0.  0.  0.  0.  0.  0.  0.  0.
  0.  0.  0.  0.  0.  0.  0.  0.  0.  0.  0.  0.  0.  0.  0.  0.  0.  0.
  0.  0.  0.  0.  0.  0.  0.  0.  0.  0.  0.  0.  0.  0.  0.  0.  0. 32.
  0.  0.  0.  0.  0.  0.  0.  0.  0.  0.  0.  0.  0.  0. 31. 15. 39. 40.
  0.  0.  0.  0.  0.  0.  0.  0. 27. 26.  4.  0. 14. 11.  0. 34.  0.  0.
  0.  0.  0.  0. 28. 17.  6.  3. 13. 10. 30. 33.  0.  0.  0.  0.  0.  0.
  0. 25.  7. 16.  1.  8. 12. 29. 37.  0.  0.  0.  0.  0.  0.  0.  0. 20.
 21.  2.  5.  0. 41. 38. 36.  0.  0.  0.  0.  0.  0.  0.  9. 18.  0.  0.
 23.  0. 35.  0.  0.  0.  0.  0.  0.  0. 22. 19.  0.  0. 24.  0.  0.  0.
  0.  0.  0.  0.  0.  0.  0.  0.  0.  0.  0.  0.  0.  0.  0.  0.  0.  0.
  0.  0.  0.  0.  0.  0.  0.  0.  0.  0.  0.  0.  0.  0.  0.  0.  0.  0.
  0.  0.  0.  0.  0.  0.  0.  0.  0.  0.  0.  0.  0.  0.  0.  0.  0.  0.
  0.  0.  0.  0.  0.  0.  0.  0.  0.]