[ 0.  0.  0.  0.  0.  0.  0.  0.  0.  0.  0.  0.  0.  0.  0.  0.  0.  0.
  0.  0.  0.  0.  0.  0.  0.  0.  0.  0.  0.  0.  0.  0.  0.  0.  0.  0.
  0.  0.  0.  0.  0.  0.  0.  0.  0.  0.  0.  0.  0.  0.  0.  0.  0. 34.
 33.  0. 42.  0.  0.  0.  0.  0.  0.  0.  0.  0.  0.  0.  0. 26.  0. 15.
 43.  0.  0.  0.  0.  0.  0.  0. 38.  3.  0.  7. 35. 14. 41.  0.  0.  0.
  0.  0.  0.  0.  0. 24.  0. 25.  6.  8.  9. 27.  0.  0.  0.  0.  0.  0.
  0.  0. 39.  0.  1. 10.  0. 28. 31.  0.  0.  0.  0.  0.  0.  0.  0. 12.
 17.  4.  2.  5.  0. 32. 40.  0.  0.  0.  0.  0.  0.  0. 22. 11. 16. 13.
  0.  0.  0. 36.  0.  0.  0.  0.  0.  0.  0. 23. 19.  0. 29. 30.  0.  0.
  0. 37.  0.  0.  0.  0.  0.  0. 18. 20. 21.  0.  0.  0.  0.  0.  0.  0.
  0.  0.  0.  0.  0.  0.  0.  0.  0.  0.  0.  0.  0.  0.  0.  0.  0.  0.
  0.  0.  0.  0.  0.  0.  0.  0.  0.  0.  0.  0.  0.  0.  0.  0.  0.  0.
  0.  0.  0.  0.  0.  0.  0.  0.  0.]