[ 0.  0.  0.  0.  0.  0.  0.  0.  0.  0.  0.  0.  0.  0.  0.  0.  0.  0.
  0.  0.  0.  0.  0.  0.  0.  0.  0.  0.  0.  0.  0.  0.  0.  0.  0.  0.
  0.  0.  0.  0.  0.  0.  0.  0.  0.  0.  0.  0.  0.  0.  0.  0. 35. 28.
  0.  0.  0.  0.  0.  0.  0.  0.  0.  0.  0.  0.  0. 22.  0.  0.  0.  0.
  0.  0.  0.  0.  0.  0.  0.  0. 36. 21.  4. 27. 25. 11. 30.  0.  0.  0.
  0.  0.  0.  0.  0.  0.  6.  3. 13. 10.  0.  0.  0.  0.  0.  0.  0.  0.
  0.  0.  7. 18.  1.  8. 12. 26. 29.  0.  0.  0.  0. 48.  0.  0.  0. 15.
 14.  2.  5.  0.  0.  0.  0.  0.  0.  0.  0. 47. 20. 19.  9. 17. 24. 23.
  0.  0.  0.  0.  0.  0.  0.  0. 49. 45.  0. 16. 38. 33. 32.  0. 41.  0.
  0.  0.  0.  0.  0.  0.  0.  0.  0. 44. 37. 34.  0.  0. 40.  0.  0.  0.
  0.  0.  0.  0.  0. 43.  0.  0. 31. 42. 39.  0.  0.  0.  0.  0.  0.  0.
  0.  0.  0. 46.  0.  0.  0.  0.  0.  0.  0.  0.  0.  0.  0.  0.  0.  0.
  0.  0.  0.  0.  0.  0.  0.  0.  0.]