[ 0.  0.  0.  0.  0.  0.  0.  0.  0.  0.  0.  0.  0.  0.  0.  0.  0.  0.
  0.  0.  0.  0.  0.  0.  0.  0.  0.  0.  0.  0.  0.  0.  0.  0.  0.  0.
  0.  0.  0.  0.  0.  0.  0.  0.  0.  0.  0.  0.  0.  0.  0.  0.  0. 38.
  0. 36.  0.  0.  0.  0.  0.  0.  0.  0.  0.  0.  0. 19.  0. 39. 41.  0.
  0. 27.  0.  0.  0.  0.  0.  0. 29. 18. 28.  0. 31. 30. 35. 26. 24. 34.
  0.  0.  0.  0.  0.  0.  0. 15.  8. 14. 40. 20. 23.  0.  0.  0.  0.  0.
  0.  0.  0. 12.  1.  9.  7. 10. 21. 32.  0.  0.  0.  0.  0.  0.  0.  0.
 11.  2.  4.  0.  5. 37.  0. 33.  0.  0.  0.  0.  0.  0.  0.  0.  0. 13.
  3. 16.  0. 25.  0.  0.  0.  0.  0.  0.  0.  0.  0.  0.  6. 17.  0.  0.
  0.  0.  0.  0.  0.  0.  0.  0.  0.  0.  0.  0. 22.  0.  0.  0.  0.  0.
  0.  0.  0.  0.  0.  0.  0.  0.  0.  0.  0.  0.  0.  0.  0.  0.  0.  0.
  0.  0.  0.  0.  0.  0.  0.  0.  0.  0.  0.  0.  0.  0.  0.  0.  0.  0.
  0.  0.  0.  0.  0.  0.  0.  0.  0.]