[ 0.  0.  0.  0.  0.  0.  0.  0. 26.  0.  0.  0.  0.  0.  0.  0.  0.  0.
  0.  0.  0.  0.  0.  0. 25.  0. 30.  0.  0.  0.  0.  0.  0.  0.  0. 43.
 34.  0. 36. 28. 23. 20.  0.  0.  0.  0.  0.  0. 42. 45. 44.  0. 33.  0.
 27. 22. 19.  0. 14.  0.  0.  0.  0.  0. 41. 37. 35. 38. 29. 17. 18. 15.
 13.  0.  0.  0.  0.  0.  0.  0. 31.  0. 32.  9.  0. 12. 11. 21. 24.  0.
  0.  0.  0.  0.  0. 39.  0.  0.  6.  4.  7. 16.  0.  0.  0.  0.  0.  0.
  0.  0. 40. 10.  1.  0.  3.  8.  0.  0.  0.  0.  0.  0.  0.  0.  0.  0.
  0.  0.  2.  0.  0.  0.  0.  0.  0.  0.  0.  0.  0.  0.  0.  0.  0.  5.
  0.  0.  0.  0.  0.  0.  0.  0.  0.  0.  0.  0.  0.  0.  0.  0.  0.  0.
  0.  0.  0.  0.  0.  0.  0.  0.  0.  0.  0.  0.  0.  0.  0.  0.  0.  0.
  0.  0.  0.  0.  0.  0.  0.  0.  0.  0.  0.  0.  0.  0.  0.  0.  0.  0.
  0.  0.  0.  0.  0.  0.  0.  0.  0.  0.  0.  0.  0.  0.  0.  0.  0.  0.
  0.  0.  0.  0.  0.  0.  0.  0.  0.]