[ 0.  0.  0.  0.  0.  0.  0.  0.  0.  0.  0.  0.  0.  0.  0.  0.  0.  0.
  0.  0.  0.  0.  0.  0.  0.  0.  0.  0.  0.  0.  0.  0.  0.  0.  0.  0.
  0.  0.  0.  0.  0.  0.  0.  0.  0.  0.  0.  0.  0.  0.  0.  0.  0.  0.
  0.  0.  0.  0.  0.  0.  0.  0.  0.  0.  0.  0.  0.  0.  0.  0.  0.  0.
  0.  0.  0.  0.  0.  0.  0.  0.  0.  0.  0.  0.  0.  0.  0.  0.  0.  0.
  0.  0.  0.  0.  0. 21. 26. 25. 13. 19. 20.  0.  0.  0.  0.  0.  0.  0.
  0.  0.  0.  0. 27. 14. 12. 22. 23.  0.  0.  0.  0.  0.  0.  0.  0.  0.
 10.  8. 11.  0.  0.  0.  0.  0.  0.  0.  0.  0. 29. 37. 24.  5.  9.  1.
  6.  0.  0. 17.  0.  0.  0.  0.  0.  0. 28. 31. 30.  4. 35.  7.  0. 16.
 15.  0.  0.  0.  0.  0.  0. 36. 39. 38. 32.  2.  0.  0.  0.  3.  0.  0.
  0.  0.  0.  0.  0. 40. 34.  0. 33.  0.  0.  0. 18.  0.  0.  0.  0.  0.
  0.  0.  0.  0.  0.  0.  0.  0.  0.  0.  0.  0.  0.  0.  0.  0.  0.  0.
  0.  0.  0.  0.  0.  0.  0.  0.  0.]