[ 0.  0.  0.  0.  0.  0.  0.  0.  0.  0.  0.  0.  0.  0.  0.  0.  0.  0.
  0.  0.  0.  0.  0.  0.  0.  0.  0.  0.  0.  0.  0.  0.  0.  0.  0.  0.
  0. 28. 29. 26.  0.  0.  0.  0.  0.  0.  0.  0.  0. 46.  0.  0.  0. 25.
  0.  0.  0.  0.  0.  0.  0. 54.  0. 53. 45.  0. 20. 21. 30. 27.  0.  0.
  0.  0.  0.  0.  0. 34.  0. 41. 42. 23. 19.  0. 24.  0.  0.  0.  0.  0.
 51. 52. 39. 33. 43. 32.  0. 22.  9.  8. 37. 35.  0.  0.  0.  0. 48. 56.
 38. 31. 47. 14.  1.  4.  7.  0.  0. 36.  0.  0.  0. 55.  0.  0. 16. 15.
 11. 13.  2.  3. 10.  0.  0.  0.  0.  0.  0.  0. 40. 49. 12.  0.  6.  0.
  5.  0.  0.  0.  0.  0.  0. 58. 44.  0. 50.  0. 17. 18.  0.  0.  0.  0.
  0.  0.  0.  0.  0.  0. 57.  0.  0.  0.  0.  0.  0.  0.  0.  0.  0.  0.
  0.  0.  0.  0.  0.  0.  0.  0.  0.  0.  0.  0.  0.  0.  0.  0.  0.  0.
  0.  0.  0.  0.  0.  0.  0.  0.  0.  0.  0.  0.  0.  0.  0.  0.  0.  0.
  0.  0.  0.  0.  0.  0.  0.  0.  0.]