[ 0.  0.  0.  0.  0.  0.  0.  0.  0.  0.  0.  0.  0.  0.  0.  0.  0.  0.
  0.  0.  0.  0.  0.  0.  0.  0.  0.  0.  0.  0.  0.  0.  0.  0.  0.  0.
  0.  0.  0.  0.  0.  0.  0.  0.  0.  0.  0.  0.  0.  0.  0.  0.  0.  0.
  0.  0.  0.  0.  0.  0.  0.  0.  0.  0.  0.  0. 17.  0. 15.  0.  0.  0.
  0.  0.  0.  0.  0.  0.  0.  0.  0.  0. 14. 28.  0.  0.  0.  0.  0.  0.
  0.  0.  0.  0.  0.  7.  2.  4. 16. 11.  0.  0.  0.  0.  0.  0.  0.  0.
  0.  0.  6.  5.  1.  0. 10. 13. 31.  0.  0.  0.  0.  0.  0.  0.  0.  0.
  0.  0.  3. 12. 23. 27.  0.  0.  0.  0.  0.  0.  0.  0.  0.  0.  9.  8.
 21. 18. 29.  0.  0.  0.  0.  0.  0.  0.  0.  0.  0.  0.  0. 20. 22. 19.
  0.  0.  0.  0.  0.  0.  0.  0.  0.  0.  0. 26.  0. 24. 30.  0.  0.  0.
  0.  0.  0.  0.  0.  0.  0.  0.  0.  0.  0. 25.  0.  0.  0.  0.  0.  0.
  0.  0.  0.  0.  0.  0.  0.  0.  0.  0.  0.  0.  0.  0.  0.  0.  0.  0.
  0.  0.  0.  0.  0.  0.  0.  0.  0.]