[ 0.  0.  0.  0.  0.  0.  0.  0.  0.  0.  0.  0.  0.  0.  0.  0.  0.  0.
  0.  0.  0.  0.  0.  0.  0.  0.  0.  0.  0.  0.  0.  0.  0.  0.  0.  0.
  0.  0. 31.  0.  0.  0.  0.  0.  0.  0.  0.  0.  0.  0.  0.  0.  0.  0.
  0.  0.  0.  0.  0.  0.  0.  0.  0.  0.  0.  0. 11. 30. 29. 25. 27.  0.
  0.  0.  0.  0.  0.  0. 20. 21. 12. 10.  4. 13. 28. 26.  0.  0.  0.  0.
  0.  0.  0.  0.  0.  7.  8.  3.  0. 32.  0.  0.  0.  0.  0.  0.  0.  0.
  0.  0. 15.  6.  1. 33.  5. 22.  0.  0.  0.  0.  0.  0.  0.  0. 14.  0.
  9.  2.  0.  0.  0.  0.  0.  0.  0.  0.  0.  0.  0. 19. 16. 18.  0. 23.
  0.  0.  0.  0.  0.  0.  0.  0.  0.  0.  0.  0. 17.  0. 24.  0.  0.  0.
  0.  0.  0.  0.  0.  0.  0.  0.  0.  0.  0.  0.  0.  0.  0.  0.  0.  0.
  0.  0.  0.  0.  0.  0.  0.  0.  0.  0.  0.  0.  0.  0.  0.  0.  0.  0.
  0.  0.  0.  0.  0.  0.  0.  0.  0.  0.  0.  0.  0.  0.  0.  0.  0.  0.
  0.  0.  0.  0.  0.  0.  0.  0.  0.]