[ 0.  0.  0.  0.  0.  0.  0.  0.  0.  0.  0.  0.  0.  0.  0.  0.  0.  0.
  0.  0.  0.  0.  0.  0.  0.  0.  0.  0.  0.  0.  0.  0.  0.  0.  0.  0.
  0.  0.  0.  0.  0.  0.  0.  0.  0.  0.  0.  0.  0. 26.  0.  0.  0.  0.
  0.  0.  0.  0.  0.  0.  0.  0.  0.  0.  0. 25.  0.  0.  0.  0.  0.  0.
  0.  0.  0.  0.  0.  0.  0.  0. 12. 15.  4.  0.  0.  0.  0.  0.  0.  0.
  0.  0.  0.  0. 24.  5.  8.  3.  6.  0.  0.  0.  0.  0.  0.  0.  0.  0.
 27. 13.  9. 14.  1.  0.  0.  0.  0.  0.  0.  0.  0.  0.  0. 16. 23. 11.
 10.  2.  7.  0.  0.  0.  0.  0.  0.  0.  0.  0.  0. 21. 19. 17. 22.  0.
  0.  0.  0.  0.  0.  0.  0.  0.  0.  0.  0. 20.  0. 18.  0.  0.  0.  0.
  0.  0.  0.  0.  0.  0.  0.  0.  0.  0.  0.  0.  0.  0.  0.  0.  0.  0.
  0.  0.  0.  0.  0.  0.  0.  0.  0.  0.  0.  0.  0.  0.  0.  0.  0.  0.
  0.  0.  0.  0.  0.  0.  0.  0.  0.  0.  0.  0.  0.  0.  0.  0.  0.  0.
  0.  0.  0.  0.  0.  0.  0.  0.  0.]