[ 0.  0.  0.  0.  0.  0.  0.  0.  0.  0.  0.  0.  0.  0.  0.  0.  0.  0.
  0.  0.  0.  0.  0.  0.  0.  0.  0.  0.  0.  0.  0.  0.  0.  0.  0.  0.
  0.  0.  0.  0.  0.  0.  0.  0.  0.  0.  0.  0.  0.  0.  0.  0. 16. 18.
 20. 21.  0.  0.  0.  0.  0.  0.  0.  0.  0.  0. 23. 15. 19. 24.  0.  0.
  0.  0.  0.  0.  0.  0.  0.  0.  0.  0. 11.  8. 25. 17. 22.  0.  0.  0.
  0.  0.  0.  0.  0.  5.  6.  9. 12. 14. 28.  0. 29.  0.  0.  0.  0.  0.
  0.  0.  0.  4.  1. 10.  0. 38. 27.  0.  0.  0.  0.  0.  0.  0.  0.  0.
  7.  2. 13.  3.  0. 26.  0.  0.  0.  0.  0.  0.  0.  0.  0. 35. 34.  0.
  0. 31.  0.  0.  0.  0.  0.  0.  0.  0.  0.  0.  0. 32. 36. 30. 37.  0.
  0.  0.  0.  0.  0.  0.  0.  0.  0.  0.  0.  0.  0.  0.  0.  0.  0.  0.
  0.  0.  0.  0.  0.  0.  0.  0.  0. 33.  0.  0.  0.  0.  0.  0.  0.  0.
  0.  0.  0.  0.  0.  0.  0.  0.  0.  0.  0.  0.  0.  0.  0.  0.  0.  0.
  0.  0.  0.  0.  0.  0.  0.  0.  0.]