[ 0.  0.  0.  0.  0.  0.  0.  0.  0.  0.  0.  0.  0.  0.  0.  0.  0.  0.
  0.  0. 28.  0.  0.  0.  0.  0.  0.  0.  0.  0.  0.  0.  0.  0.  0.  0.
 29.  0.  0.  0.  0.  0.  0.  0.  0.  0.  0.  0. 26. 27. 24.  0. 22.  0.
  0.  0.  0.  0.  0.  0.  0.  0.  0.  0. 25. 30. 23.  0. 20.  0.  0.  0.
  0.  0.  0.  0.  0.  0.  0.  0.  0.  2.  0. 15. 14.  0.  0.  0.  0.  0.
  0.  0.  0.  0. 10.  7.  9.  1. 11. 12. 21.  0.  0.  0.  0.  0.  0.  0.
  0.  0.  8.  4. 13. 19. 17.  0.  0.  0.  0.  0.  0.  0.  0.  0.  0.  3.
  5.  6. 16.  0. 18.  0.  0.  0.  0.  0.  0.  0.  0.  0.  0.  0.  0.  0.
  0.  0.  0.  0.  0.  0.  0.  0.  0.  0.  0.  0.  0.  0.  0.  0.  0.  0.
  0.  0.  0.  0.  0.  0.  0.  0.  0.  0.  0.  0.  0.  0.  0.  0.  0.  0.
  0.  0.  0.  0.  0.  0.  0.  0.  0.  0.  0.  0.  0.  0.  0.  0.  0.  0.
  0.  0.  0.  0.  0.  0.  0.  0.  0.  0.  0.  0.  0.  0.  0.  0.  0.  0.
  0.  0.  0.  0.  0.  0.  0.  0.  0.]