[ 0.  0.  0.  0.  0.  0.  0.  0.  0.  0.  0.  0.  0.  0.  0.  0.  0.  0.
  0.  0.  0.  0.  0.  0.  0.  0.  0.  0.  0.  0.  0.  0.  0.  0.  0.  0.
  0.  0.  0.  0.  0.  0.  0.  0.  0.  0.  0.  0.  0.  0.  0.  0.  0.  0.
  0.  0.  0.  0.  0.  0.  0.  0.  0.  0.  0.  0.  0.  0. 20.  5.  0.  0.
  0.  0.  0.  0.  0.  0.  0.  0.  0.  0.  3.  0.  0. 12.  0.  0.  0.  0.
  0.  0.  0.  0.  0.  0. 19.  8. 26. 11.  0.  0.  0.  0.  0.  0.  0.  0.
 24.  0. 13. 18.  1.  9. 10.  0.  0.  0.  0.  0.  0.  0.  0. 30. 21.  0.
 25.  7.  2.  6.  0.  0.  0.  0.  0.  0.  0.  0. 22.  0. 23. 15. 14.  0.
 29.  0.  0.  0.  0.  0.  0.  0.  0.  0.  0. 16. 17.  0.  0.  4.  0.  0.
  0.  0.  0.  0.  0.  0.  0.  0.  0.  0. 31. 27. 28.  0.  0.  0.  0.  0.
  0.  0.  0.  0.  0.  0. 33.  0. 32.  0.  0.  0.  0.  0.  0.  0.  0.  0.
  0.  0.  0.  0.  0.  0.  0.  0.  0.  0.  0.  0.  0.  0.  0.  0.  0.  0.
  0.  0.  0.  0.  0.  0.  0.  0.  0.]