[  0.   0.   0.   0.  84.   0.   0.   0.   0.   0.   0.   0.   0.   0.
   0.   0.  74.  82.   0.  83.  72.   0.   0.  90.  96.   0.   0.  98.
   0.   0.   0.   0.  73.  76.  69.  75.   0.   0.   0.   0.  94.  92.
  95.   0.   0.   0.  80.  79.  71.  63.  39.  68.  37.   0.   0.  91.
   0.  93.   0.   0.   0.   0.  81.  78.  49.   0.  38.  30.   0.  33.
   0.   0.  97.  46.   0.   0.  85.  77.  52.  70.  17.  31.  32.  29.
  40.  48. 100.  45.   0.   0.  86.   0.  88.   0.  51.  18.  50.  34.
   0.  35.  43.  41.  44.   0.   0.   0.   0.  53.  87.  14.  13.  23.
   0.  16.  99.  21.  42.  56.   0.   0.   0.   0.  54.  24.   3.   0.
   4.  20.  11.  15.  47.  19.  28.   0.   0.   0.   0.  25.   0.  26.
   5.   7.  10.  22.  12.  60. 101.  36.   0.   0.   0.   0.   0.   0.
  89.   8.   6.   9.  65.  67.  59.   0.  57.   0.   0.   0.   0.   0.
   2.   0.   0.  27.   0.  55.  62.  61.   0.   0.   0.   0.   0.   0.
   0.   1.   0.   0.   0.   0.   0.  58.  64.   0.   0.   0.   0.   0.
   0.   0.   0.   0.   0.   0.   0.   0.  66.   0.   0.   0.   0.   0.
   0.   0.   0.   0.   0.   0.   0.   0.   0.   0.   0.   0.   0.   0.
   0.]