[ 0.  0.  0.  0.  0.  0.  0.  0.  0.  0.  0.  0.  0.  0.  0.  0.  0.  0.
  0.  0.  0.  0.  0.  0.  0.  0.  0.  0.  0.  0.  0.  0.  0.  0.  0.  0.
  0.  0.  0.  0.  0.  0.  0.  0.  0.  0.  0.  0.  0.  0. 30.  0.  0.  0.
  0.  0.  0.  0.  0.  0.  0.  0. 22. 25.  0.  0. 31. 28.  0.  0.  0.  0.
  0.  0.  0.  0.  0.  0. 21. 33.  0. 24.  0. 27.  0.  0.  0.  0.  0.  0.
  0.  0.  0. 23. 19. 29.  2.  0.  4.  5.  0.  0.  0.  0.  0.  0.  0.  0.
 26. 20.  7.  0.  1.  0.  6. 13. 16.  0.  0.  0.  0.  0.  0.  0.  0. 10.
  3.  0.  9. 12. 11.  0.  0.  0.  0.  0.  0.  0.  0.  0.  0.  0.  8.  0.
 15. 14.  0.  0.  0.  0.  0.  0.  0.  0.  0.  0.  0.  0.  0.  0. 18. 17.
  0.  0.  0.  0.  0.  0.  0.  0.  0.  0. 32.  0.  0.  0.  0.  0.  0.  0.
  0.  0.  0.  0.  0.  0.  0.  0.  0.  0.  0.  0.  0.  0.  0.  0.  0.  0.
  0.  0.  0.  0.  0.  0.  0.  0.  0.  0.  0.  0.  0.  0.  0.  0.  0.  0.
  0.  0.  0.  0.  0.  0.  0.  0.  0.]