[ 0.  0.  0.  0.  0.  0.  0.  0.  0.  0.  0.  0.  0.  0.  0.  0.  0.  0.
  0.  0.  0. 35.  0.  0.  0.  0.  0.  0.  0.  0.  0.  0.  0.  0. 30.  0.
  0.  0.  0.  0.  0.  0.  0.  0.  0.  0.  0.  0.  0. 33. 25.  3. 28.  0.
  0.  0.  0.  0.  0.  0.  0.  0.  0.  0.  0. 32. 29.  0. 31.  0. 34.  0.
  0.  0.  0.  0.  0.  0.  0.  0.  0. 24. 19.  0.  0.  0.  0.  0.  0.  0.
  0.  0.  0.  0.  0.  0.  0. 20. 21.  0.  0.  0.  0.  0.  0.  0.  0.  0.
  0.  0.  0. 12.  1.  0. 26.  0.  0.  0.  0.  0.  0.  0.  0.  0. 10.  5.
  7. 13. 14. 27.  0.  0.  0.  0.  0.  0.  0.  0.  0.  9.  8.  4. 15.  0.
 22.  0.  0.  0.  0.  0.  0.  0.  0.  0.  0.  0.  6. 16. 17.  0.  0.  0.
  0.  0.  0.  0.  0.  0.  0.  0.  0.  0. 11.  2. 18.  0.  0.  0.  0.  0.
  0.  0.  0.  0.  0.  0.  0.  0.  0. 23.  0.  0.  0.  0.  0.  0.  0.  0.
  0.  0.  0.  0.  0.  0.  0.  0.  0.  0.  0.  0.  0.  0.  0.  0.  0.  0.
  0.  0.  0.  0.  0.  0.  0.  0.  0.]