[ 0.  0.  0.  0.  0.  0.  0.  0.  0.  0.  0.  0.  0.  0.  0.  0.  0.  0.
  0.  0.  0.  0.  0.  0.  0.  0.  0.  0.  0.  0.  0.  0.  0.  0.  0.  0.
  0.  0.  0.  0.  0.  0.  0.  0.  0.  0.  0.  0.  0.  0.  0. 19.  0.  0.
  0.  0.  0.  0.  0.  0.  0.  0.  0.  0.  0.  0.  0. 12.  0.  0.  0.  0.
  0.  0.  0.  0.  0.  0.  0.  7.  0. 13.  0. 10.  0.  0.  0.  0.  0.  0.
  0.  0.  0.  0.  0.  6.  0. 11.  8. 16.  0.  0.  0.  0.  0.  0.  0.  0.
  0.  0.  0.  4.  1. 14.  3. 18.  0.  0.  0.  0.  0.  0.  0.  0.  0.  0.
  5.  2. 15.  0.  0. 20.  0.  0.  0.  0.  0.  0.  0.  0.  0. 17.  0.  9.
  0.  0.  0.  0.  0.  0.  0.  0.  0.  0.  0.  0.  0.  0.  0.  0.  0.  0.
  0.  0.  0.  0.  0.  0.  0.  0.  0.  0.  0.  0.  0.  0.  0.  0.  0.  0.
  0.  0.  0.  0.  0.  0.  0.  0.  0.  0.  0.  0.  0.  0.  0.  0.  0.  0.
  0.  0.  0.  0.  0.  0.  0.  0.  0.  0.  0.  0.  0.  0.  0.  0.  0.  0.
  0.  0.  0.  0.  0.  0.  0.  0.  0.]