[ 0.  0.  0.  0.  0.  0.  0.  0.  0.  0.  0.  0.  0.  0.  0.  0.  0.  0.
  0.  0.  0.  0.  0.  0.  0.  0.  0.  0.  0.  0.  0.  0.  0.  0.  0.  0.
  0.  0.  0.  0.  0.  0.  0.  0.  0.  0.  0.  0.  0.  0.  0.  0.  0.  0.
  0.  0.  0.  0.  0.  0.  0.  0.  0.  0.  0.  0. 51.  0. 28. 52.  0.  0.
  0.  0.  0.  0.  0.  0.  0.  0.  0.  0.  0.  0. 27. 24.  0.  0.  0.  0.
  0.  0.  0.  0.  0.  0.  0.  6. 34. 23.  7.  0. 33. 36.  0.  0.  0.  0.
  0. 49. 37. 50.  1.  3.  4.  8. 25.  0. 35.  0.  0.  0.  0.  0. 20. 13.
 38.  0.  2.  5. 26.  0. 48.  0.  0.  0.  0.  0.  0.  0. 12.  9. 11.  0.
 21. 22. 29.  0. 47.  0.  0.  0.  0.  0. 19. 10.  0. 14. 15. 46. 30. 32.
  0.  0.  0.  0.  0.  0.  0.  0.  0. 16. 39. 41. 17. 31. 42.  0.  0.  0.
  0.  0.  0.  0.  0.  0.  0. 40. 44. 45. 18.  0.  0.  0.  0.  0.  0.  0.
  0.  0.  0.  0.  0. 43.  0.  0.  0.  0.  0.  0.  0.  0.  0.  0.  0.  0.
  0.  0.  0.  0.  0.  0.  0.  0.  0.]