[ 0.  0.  0.  0.  0.  0.  0.  0.  0.  0.  0.  0.  0.  0.  0.  0.  0.  0.
  0.  0.  0.  0.  0. 59.  0.  0.  0.  0.  0.  0.  0.  0.  0.  0.  0.  0.
  0. 44. 55.  0.  0.  0.  0.  0.  0.  0.  0.  0.  0.  0.  0. 42. 43. 60.
 32.  0.  0. 47.  0.  0.  0.  0.  0.  0.  0.  0. 34. 33. 31. 29.  0. 46.
  0.  0.  0.  0.  0.  0.  0. 45.  0. 12.  3.  5. 36. 30. 54.  0.  0.  0.
  0.  0.  0.  0.  0.  0. 21. 26. 10.  0. 35.  0.  0.  0.  0.  0.  0.  0.
  0.  0. 19.  8.  1. 11. 27. 14. 53.  0. 62.  0.  0.  0.  0.  0. 22.  0.
  7.  2.  6. 25.  0. 48.  0.  0.  0.  0.  0.  0. 49. 39. 37. 50. 20.  4.
 28. 13.  0. 56.  0.  0.  0.  0.  0.  0. 52. 38.  0. 17. 23.  9. 24. 58.
  0. 57.  0.  0.  0.  0. 40.  0. 51.  0.  0. 15.  0. 61.  0.  0.  0.  0.
  0.  0.  0.  0.  0.  0. 41. 16.  0. 18.  0.  0.  0.  0.  0.  0.  0.  0.
  0.  0.  0.  0.  0.  0.  0.  0.  0.  0.  0.  0.  0.  0.  0.  0.  0.  0.
  0.  0.  0.  0.  0.  0.  0.  0.  0.]