[ 0.  0.  0.  0.  0.  0.  0.  0.  0.  0.  0.  0.  0.  0.  0.  0.  0.  0.
  0.  0.  0.  0.  0.  0.  0.  0.  0.  0.  0.  0.  0.  0.  0.  0.  0.  0.
  0.  0.  0.  0.  0.  0.  0.  0.  0.  0.  0.  0.  0.  0.  0.  0.  0.  0.
  0.  0.  0.  0.  0.  0.  0.  0. 22. 19.  0.  0.  0.  0.  0.  0.  0.  0.
  0.  0.  0.  0.  0.  0. 21. 18.  0.  0.  0.  0.  0.  0.  0.  0.  0.  0.
  0.  0. 25. 24. 15. 16.  0.  3.  8.  0.  0.  0.  0.  0.  0.  0.  0.  0.
 23.  0. 17. 10.  1.  0.  9.  0. 12.  0.  0.  0.  0.  0.  0.  0.  0.  0.
  7.  4.  2.  6.  0. 11.  0.  0.  0.  0.  0.  0.  0.  0. 13.  0. 20.  5.
  0.  0.  0.  0.  0.  0.  0.  0.  0.  0. 14.  0.  0.  0.  0.  0.  0.  0.
  0.  0.  0.  0.  0.  0.  0.  0.  0.  0.  0.  0.  0.  0.  0.  0.  0.  0.
  0.  0.  0.  0.  0.  0.  0.  0.  0.  0.  0.  0.  0.  0.  0.  0.  0.  0.
  0.  0.  0.  0.  0.  0.  0.  0.  0.  0.  0.  0.  0.  0.  0.  0.  0.  0.
  0.  0.  0.  0.  0.  0.  0.  0.  0.]