[ 0.  0.  0.  0.  0.  0.  0.  0.  0.  0.  0.  0.  0.  0.  0.  0.  0.  0.
  0.  0.  0.  0.  0.  0.  0.  0.  0.  0.  0.  0.  0.  0.  0.  0.  0.  0.
  0.  0.  0.  0.  0.  0.  0.  0.  0.  0.  0.  0.  0.  0.  0.  0.  0. 29.
  0.  0.  0.  0.  0.  0.  0.  0.  0.  0.  0. 23.  0. 26. 12.  0.  0.  0.
  0.  0.  0.  0.  0.  0.  0.  0. 27. 28.  5. 13.  3. 14.  0.  0.  0.  0.
  0.  0.  0.  0.  0. 16. 24. 25.  8. 10. 11.  0.  0.  0.  0.  0.  0.  0.
  0. 33. 39.  6.  1. 15.  0.  0.  0.  0.  0.  0.  0.  0.  0.  0.  0. 38.
  7.  4.  2. 18. 21.  0.  0.  0.  0.  0.  0.  0.  0.  0. 34. 32. 31.  9.
 19. 17. 20.  0.  0.  0.  0.  0.  0.  0. 37. 36. 30. 40. 22.  0.  0.  0.
  0.  0.  0.  0.  0.  0.  0.  0.  0.  0. 35.  0.  0.  0.  0.  0.  0.  0.
  0.  0.  0.  0.  0.  0.  0.  0.  0.  0.  0.  0.  0.  0.  0.  0.  0.  0.
  0.  0.  0.  0.  0.  0.  0.  0.  0.  0.  0.  0.  0.  0.  0.  0.  0.  0.
  0.  0.  0.  0.  0.  0.  0.  0.  0.]