[ 0.  0.  0.  0.  0.  0.  0.  0.  0.  0.  0.  0.  0.  0.  0.  0.  0.  0.
  0.  0.  0.  0.  0.  0.  0.  0.  0.  0.  0.  0.  0.  0.  0.  0.  0.  0.
  0.  0.  0.  0.  0.  0.  0.  0.  0.  0.  0.  0.  0.  0.  0.  0.  0.  0.
  0.  0.  0.  0.  0.  0.  0.  0.  0.  0.  0.  0.  0.  0.  0.  0.  0.  0.
  0.  0.  0.  0.  0.  0.  0.  0.  0. 19. 17. 10. 16.  0.  0.  0.  0.  0.
  0.  0.  0. 21.  0.  5. 14. 11. 13.  0.  0.  0.  0.  0.  0.  0.  0.  0.
 27. 20. 30.  4.  1.  0.  3.  0.  0.  0.  0.  0.  0.  0.  0.  0. 22.  6.
 15.  2.  7.  0. 18.  0.  0.  0.  0.  0.  0. 29. 28.  8. 24. 12. 25.  0.
  0.  0.  0.  0.  0.  0.  0.  0.  0.  9. 23.  0. 26.  0.  0.  0.  0.  0.
  0.  0.  0.  0.  0.  0.  0.  0.  0.  0.  0.  0.  0.  0.  0.  0.  0.  0.
  0.  0.  0.  0.  0.  0.  0.  0.  0.  0.  0.  0.  0.  0.  0.  0.  0.  0.
  0.  0.  0.  0.  0.  0.  0.  0.  0.  0.  0.  0.  0.  0.  0.  0.  0.  0.
  0.  0.  0.  0.  0.  0.  0.  0.  0.]