[ 0.  0. 53.  0.  0. 60.  0.  0.  0.  0.  0.  0.  0.  0.  0. 74.  0.  0.
 52.  0.  0. 57.  0.  0.  0.  0.  0.  0.  0.  0.  0. 73.  0.  0. 44. 58.
  0. 59. 42. 83. 54. 78. 82. 84. 85.  0.  0. 51. 14. 43. 38.  0. 40. 35.
  0. 77. 80. 79.  0.  0.  0. 50. 49. 45. 13.  0. 18.  0. 41. 33. 47. 48.
 81.  0.  0.  0.  0. 31.  0. 23. 11. 12. 39. 37. 34. 36. 61.  0.  0.  0.
  0. 46.  0. 26. 15. 16.  3.  0.  6. 21.  0.  0. 75.  0.  0.  0.  0. 32.
 17. 24.  8.  0.  1.  7. 19. 20.  0.  0. 76.  0.  0.  0. 27. 25. 30. 29.
  0.  4.  2.  5.  0.  0.  0.  0.  0.  0. 28.  0. 55. 63. 65. 66.  0.  0.
 22.  9.  0.  0.  0.  0.  0.  0.  0. 71. 56. 67.  0.  0.  0.  0.  0. 10.
  0.  0.  0.  0.  0. 72. 64. 62. 69. 68.  0.  0.  0.  0.  0.  0.  0.  0.
  0.  0.  0.  0. 86. 70.  0.  0.  0.  0.  0.  0.  0.  0.  0.  0.  0.  0.
  0.  0.  0.  0.  0.  0.  0.  0.  0.  0.  0.  0.  0.  0.  0.  0.  0.  0.
  0.  0.  0.  0.  0.  0.  0.  0.  0.]