[ 0.  0.  0.  0.  0.  0.  0.  0.  0.  0.  0.  0.  0.  0.  0.  0.  0.  0.
  0.  0.  0.  0.  0.  0.  0.  0.  0.  0.  0.  0.  0.  0.  0.  0.  0.  0.
 34.  0.  0.  0. 38.  0.  0.  0.  0.  0.  0.  0.  0.  0.  0.  0. 27. 39.
  0. 37.  0.  0.  0.  0.  0.  0.  0.  0.  0.  0.  0. 28. 23. 32.  0.  0.
  0.  0.  0.  0.  0.  0.  0.  0.  0. 22. 21. 35. 33. 31. 36.  0.  0.  0.
  0.  0.  0.  0. 18. 15.  3.  0. 12. 29. 25.  0.  0.  0.  0.  0.  0.  0.
  0.  0. 24.  8.  1.  7. 30.  0. 26.  0.  0.  0.  0.  0.  0.  0. 17. 16.
  0.  2.  4.  5.  0.  0.  0.  0.  0.  0.  0.  0. 20. 19.  0.  0. 11.  6.
 13. 10.  0.  0.  0.  0.  0.  0.  0.  0.  0.  0.  0.  0.  0.  9.  0.  0.
  0.  0.  0.  0.  0.  0.  0.  0.  0.  0.  0.  0. 14.  0.  0.  0.  0.  0.
  0.  0.  0.  0.  0.  0.  0.  0.  0.  0.  0.  0.  0.  0.  0.  0.  0.  0.
  0.  0.  0.  0.  0.  0.  0.  0.  0.  0.  0.  0.  0.  0.  0.  0.  0.  0.
  0.  0.  0.  0.  0.  0.  0.  0.  0.]