[  0.   0.   0.   0.   0.   0.   0.   0.  97.   0.   0.   0.   0.   0.
   0.   0.   0.   0.   0.  92.  87.  91.   0.  88.   0.   0.   0.   0.
   0.   0.   0.  90.  83.   0.  86.   0.   0.  93.  96.  73.  79.  80.
   0.   0.   0.   0.  89.   0.  34.   0.  31.  30.   0.  94.  82.  95.
  78.   0.   0.   0.   0.  85.  84.  52.  32.   0.  29.   0.  26.  71.
   0.  81.   0.   0.   0.  54.  53.  47.  15.  33.  28.   0.   0.  19.
   3.  70.  74.  75.  72.   0.   0.   0.   0.  49.  14.   0.  27.  24.
  22.   8.  25.  62.  69.  76.   0.   0.   0.  42.  51.  50.  12.  11.
   1.  23.   5.  16.  59.  40.  77.   0.   0.   0.  46.  41.   0.  17.
   4.   6.   2.   7. 104.  39.  58.   0.   0.   0.   0.  56.  36.  35.
   0.   9.  21.  10.   0. 100.  61.  99.   0.   0.   0.   0.  57.  43.
  48.   0.  63.  18.  20.  37. 105.  68.   0.   0.   0.   0.   0.  44.
   0.  45.  55.   0.   0.  13.  60.  98. 102. 106. 107.   0.   0.   0.
   0.   0.  66.  64.  67.  38.   0.   0. 101. 108. 103.   0.   0.   0.
   0.   0.   0.  65.   0.   0.   0.   0. 112. 111. 109.   0.   0.   0.
   0.   0.   0.   0.   0.   0.   0.   0.   0.   0. 110.   0.   0.   0.
   0.]