[ 0.  0.  0.  0.  0.  0.  0.  0.  0.  0.  0.  0.  0.  0.  0.  0.  0.  0.
  0.  0.  0.  0.  0.  0.  0.  0.  0.  0.  0.  0.  0.  0.  0.  0.  0.  0.
  0.  0.  0.  0.  0.  0.  0.  0.  0.  0.  0.  0.  0.  0.  0.  0.  0.  0.
  0.  0.  0.  0.  0.  0.  0.  0.  0.  0.  0.  0.  0.  0.  0. 17.  0.  0.
  0.  0.  0.  0.  0.  0.  0.  0.  0.  0.  0. 20. 18.  0.  0.  0.  0.  0.
  0.  0.  0.  0.  0.  0.  0. 19.  0.  3.  0.  0.  0.  0.  0.  0.  0.  0.
 24. 23. 15.  9.  1. 10.  7.  0.  0.  0.  0.  0.  0.  0.  0.  0.  0. 11.
  4.  2.  0.  5.  0.  0.  0.  0.  0.  0.  0.  0.  0. 21.  0.  6. 12. 13.
  8.  0.  0.  0.  0.  0.  0.  0.  0. 22.  0.  0. 28.  0. 14.  0.  0.  0.
  0.  0.  0.  0.  0.  0.  0.  0.  0.  0. 25.  0. 27.  0.  0.  0.  0.  0.
  0.  0.  0.  0.  0.  0. 16.  0.  0.  0. 26.  0.  0.  0.  0.  0.  0.  0.
  0.  0.  0.  0.  0.  0.  0.  0.  0.  0.  0.  0.  0.  0.  0.  0.  0.  0.
  0.  0.  0.  0.  0.  0.  0.  0.  0.]