[ 0.  0.  0.  0.  0.  0.  0.  0.  0.  0.  0.  0.  0.  0.  0.  0.  0.  0.
  0.  0.  0.  0.  0.  0.  0.  0.  0.  0.  0.  0.  0.  0.  0.  0.  0.  0.
  0.  0.  0.  0.  0.  0.  0.  0.  0.  0.  0.  0.  0.  0.  0.  0.  0.  0.
  0.  0.  0.  0.  0.  0.  0.  0.  0.  0.  0.  0.  0.  0.  0.  0.  0.  0.
  0.  0.  0.  0.  0.  0.  0.  0.  0.  0.  6.  5.  3.  0.  0.  0.  0.  0.
  0.  0.  0.  0.  0.  0. 39.  9.  4.  8.  0.  0.  0.  0.  0.  0. 37.  0.
 25. 17. 38. 10.  1.  0.  7.  0. 26.  0.  0.  0.  0. 33. 32. 24. 16.  0.
 13.  0.  2. 41.  0. 27.  0.  0.  0.  0.  0.  0. 22. 23. 20. 12.  0. 11.
  0. 28.  0.  0.  0.  0.  0.  0.  0.  0. 36. 15. 21. 14.  0.  0.  0. 30.
  0.  0.  0.  0.  0.  0.  0.  0.  0.  0. 18. 34. 31. 29.  0. 40.  0.  0.
  0.  0.  0.  0.  0.  0. 42. 19.  0. 35.  0.  0.  0.  0.  0.  0.  0.  0.
  0.  0.  0.  0.  0.  0.  0.  0.  0.  0.  0.  0.  0.  0.  0.  0.  0.  0.
  0.  0.  0.  0.  0.  0.  0.  0.  0.]