[ 0.  0.  0.  0.  0.  0.  0.  0.  0.  0.  0.  0.  0.  0.  0.  0.  0.  0.
  0.  0.  0.  0.  0.  0.  0.  0.  0.  0.  0.  0.  0.  0.  0.  0.  0.  0.
  0.  0.  0.  0.  0.  0.  0.  0.  0.  0.  0.  0.  0.  0.  0.  0.  0.  0.
  0.  0.  0.  0.  0.  0.  0.  0.  0.  0.  0.  0.  0.  0.  0.  0.  0.  0.
  0.  0.  0.  0.  0.  0.  0.  7.  0.  0.  0.  0. 15.  0. 19.  0.  0.  0.
  0.  0.  0.  0.  0.  6.  5.  3. 16. 12. 18. 20. 21.  0.  0.  0.  0.  0.
  0.  0.  0.  4.  1. 17. 14.  0.  0.  0.  0.  0.  0.  0.  0.  0.  0.  0.
 13.  2.  8. 10. 11.  0.  0.  0.  0.  0.  0.  0.  0.  0.  0.  0.  0.  9.
  0.  0.  0.  0.  0.  0.  0.  0.  0.  0.  0.  0. 22.  0.  0.  0.  0.  0.
  0.  0.  0.  0.  0.  0.  0.  0.  0.  0.  0.  0.  0.  0.  0.  0.  0.  0.
  0.  0.  0.  0.  0.  0.  0.  0.  0.  0.  0.  0.  0.  0.  0.  0.  0.  0.
  0.  0.  0.  0.  0.  0.  0.  0.  0.  0.  0.  0.  0.  0.  0.  0.  0.  0.
  0.  0.  0.  0.  0.  0.  0.  0.  0.]