[ 0.  0.  0.  0.  0.  0.  0.  0. 48.  0.  0.  0.  0.  0.  0.  0.  0.  0.
  0.  0.  0.  0. 47. 49.  0.  0.  0.  0.  0.  0.  0.  0.  0.  0.  0.  0.
  0.  0. 42.  0. 41.  0.  0.  0.  0.  0.  0.  0.  0.  0.  0.  0.  0. 38.
 40. 33.  0.  0.  0.  0.  0.  0.  0.  0.  0.  0.  0. 37. 20. 34. 22.  0.
 52.  0.  0.  0.  0.  0.  0.  0. 36. 11. 14. 13.  3. 32. 51.  0.  0.  0.
  0.  0.  0.  0.  0. 35. 18. 12. 19.  8.  0. 39. 50.  0.  0.  0.  0.  0.
 30.  0. 21. 10.  1.  9.  5. 16.  0.  0.  0.  0.  0.  0.  0.  0. 27. 17.
  4.  6.  2.  7. 31.  0.  0.  0.  0.  0.  0.  0.  0.  0. 23. 24.  0. 15.
  0.  0. 43.  0.  0.  0.  0.  0.  0.  0.  0. 26. 25.  0.  0.  0.  0.  0.
 44.  0.  0.  0.  0.  0.  0. 28.  0.  0. 45.  0.  0.  0.  0.  0.  0.  0.
  0.  0.  0. 29.  0.  0.  0.  0. 46.  0.  0.  0.  0.  0.  0.  0.  0.  0.
  0.  0.  0.  0.  0.  0.  0.  0.  0.  0.  0.  0.  0.  0.  0.  0.  0.  0.
  0.  0.  0.  0.  0.  0.  0.  0.  0.]