[ 0.  0.  0.  0.  0.  0.  0.  0.  0.  0.  0.  0.  0.  0.  0.  0.  0.  0.
  0.  0.  0.  0.  0.  0.  0.  0.  0.  0.  0.  0.  0.  0.  0.  0.  0.  0.
  0.  0.  0.  0.  0.  0.  0.  0.  0.  0.  0.  0.  0.  0.  0.  0.  0.  0.
  0.  0.  0.  0.  0.  0.  0.  0.  0.  0.  0.  0.  0.  0.  0.  0.  0.  0.
  0.  0.  0.  0.  0.  0. 22. 34. 37.  0.  3.  0.  0.  0.  0.  0.  0.  0.
  0.  0.  0.  0. 21. 35. 20.  0. 31. 30.  0.  0.  0.  0.  0.  0.  0.  0.
  0. 33.  5.  8.  1.  0. 32.  0.  0.  0.  0.  0.  0.  0.  0. 36. 19.  0.
  7.  2.  6. 25. 18. 24.  0.  0.  0.  0.  0.  0.  0.  0. 10. 11. 13.  4.
 27. 23.  0.  0.  0.  0.  0.  0.  0.  0.  0.  0. 12. 16. 14.  9.  0.  0.
  0.  0.  0.  0.  0.  0.  0.  0.  0. 17. 26. 15.  0.  0.  0.  0.  0.  0.
  0.  0.  0.  0.  0.  0.  0.  0. 28.  0.  0.  0.  0.  0.  0.  0.  0.  0.
  0.  0.  0.  0.  0.  0. 29.  0.  0.  0.  0.  0.  0.  0.  0.  0.  0.  0.
  0.  0.  0.  0.  0.  0.  0.  0.  0.]