[ 0.  0.  0.  0.  0.  0.  0.  0.  0.  0.  0.  0.  0.  0.  0.  0.  0.  0.
  0.  0.  0.  0.  0.  0.  0.  0.  0.  0.  0.  0.  0.  0.  0.  0.  0.  0.
  0.  0.  0.  0.  0.  0.  0.  0.  0.  0.  0.  0.  0.  0.  0.  0.  0.  0.
  0.  0.  0.  0.  0.  0.  0.  0.  0.  0.  0.  0.  0. 17. 29. 19.  0.  0.
  0.  0.  0.  0.  0.  0.  0.  0.  0. 13.  3. 16.  0.  0. 20.  0.  0.  0.
  0.  0.  0. 26.  0.  0. 15. 14.  0. 10. 21.  0.  0.  0.  0.  0.  0.  0.
  0.  0. 27. 18.  1. 11.  6.  8.  0.  0.  0.  0.  0.  0.  0.  0. 25. 22.
 24.  4.  2.  5.  0.  0.  0.  0.  0.  0.  0.  0. 28. 23.  0. 12.  9.  7.
  0.  0.  0.  0.  0.  0.  0.  0.  0.  0.  0.  0.  0.  0.  0.  0.  0.  0.
  0.  0.  0.  0.  0.  0.  0.  0.  0.  0.  0.  0.  0.  0.  0.  0.  0.  0.
  0.  0.  0.  0.  0.  0.  0.  0.  0.  0.  0.  0.  0.  0.  0.  0.  0.  0.
  0.  0.  0.  0.  0.  0.  0.  0.  0.  0.  0.  0.  0.  0.  0.  0.  0.  0.
  0.  0.  0.  0.  0.  0.  0.  0.  0.]