[ 0.  0.  0.  0.  0.  0.  0.  0.  0.  0.  0.  0.  0.  0.  0.  0.  0.  0.
  0.  0.  0.  0.  0.  0.  0.  0.  0.  0.  0.  0.  0.  0.  0.  0.  0.  0.
  0.  0.  0.  0.  0.  0.  0.  0.  0.  0.  0.  0.  0.  0.  0.  0.  0.  0.
  0.  0.  0.  0.  0.  0.  0.  0.  0.  0.  0.  0.  0.  0.  0.  0.  0.  0.
  0.  0.  0.  0.  0.  0.  0.  0.  0.  0.  0.  0.  0.  0.  0.  0.  0.  0.
  0.  0.  0.  0.  0.  0.  9.  0.  0.  0.  0.  0.  0.  0.  0.  0.  0.  0.
  0.  0.  0.  4.  1.  0.  3.  0.  0.  0.  0.  0.  0.  0.  0.  0.  0.  0.
  0.  2.  5.  0.  0.  0.  0.  0.  0.  0.  0.  0.  0.  0.  0. 11.  8.  6.
 10. 17. 16.  0.  0.  0.  0.  0.  0.  0.  0.  0.  0.  0. 12.  7. 18.  0.
  0.  0.  0.  0.  0.  0.  0.  0.  0.  0. 13. 19. 20.  0.  0.  0.  0.  0.
  0.  0.  0.  0.  0.  0.  0.  0. 14.  0. 15.  0.  0.  0.  0.  0.  0.  0.
  0.  0.  0.  0.  0.  0.  0.  0.  0.  0.  0.  0.  0.  0.  0.  0.  0.  0.
  0.  0.  0.  0.  0.  0.  0.  0.  0.]