[ 0.  0.  0.  0.  0.  0.  0.  0.  0.  0.  0.  0.  0.  0.  0.  0.  0.  0.
  0.  0.  0.  0.  0.  0.  0.  0.  0.  0.  0.  0.  0.  0.  0.  0.  0.  0.
  0.  0.  0.  0.  0.  0.  0.  0.  0.  0.  0.  0.  0.  0.  0. 38.  0.  0.
 37.  0.  0.  0.  0.  0.  0.  0. 44.  0. 33. 39. 21. 40. 35. 10. 34.  0.
  0.  0.  0.  0. 46.  0.  0.  0. 48.  0.  4.  9.  0.  0. 36.  0.  0.  0.
  0. 50. 41. 49. 47.  0.  8.  3. 20.  7.  0. 27. 30.  0.  0.  0.  0.  0.
 45.  0. 16.  5.  1.  6. 18. 26. 31.  0. 42.  0.  0.  0.  0. 51. 13.  0.
  0.  2. 25.  0. 19. 32.  0.  0. 43.  0.  0.  0.  0. 12. 11.  0. 23. 24.
 17.  0.  0.  0.  0.  0.  0.  0.  0.  0.  0. 15. 14.  0. 22. 29. 28.  0.
  0.  0.  0.  0.  0.  0.  0.  0.  0.  0.  0.  0.  0.  0.  0.  0.  0.  0.
  0.  0.  0.  0.  0.  0.  0.  0.  0.  0.  0.  0.  0.  0.  0.  0.  0.  0.
  0.  0.  0.  0.  0.  0.  0.  0.  0.  0.  0.  0.  0.  0.  0.  0.  0.  0.
  0.  0.  0.  0.  0.  0.  0.  0.  0.]