[ 0.  0.  0.  0.  0.  0.  0.  0.  0.  0.  0.  0.  0.  0.  0.  0.  0.  0.
  0.  0.  0.  0.  0.  0.  0.  0.  0.  0.  0.  0.  0.  0.  0.  0.  0.  0.
  0.  0.  0.  0.  0.  0.  0.  0.  0.  0.  0.  0.  0.  0.  0.  0.  0.  0.
  0.  0.  0.  0.  0.  0.  0.  0.  0.  0.  0.  0.  0.  0.  0.  0.  0.  0.
  0.  0.  0.  0.  0.  0.  0.  0.  0.  0.  0.  0.  0.  0.  0.  0.  0.  0.
  0.  0.  0.  0.  0.  0.  0.  0.  0. 26.  0.  0.  0.  0.  0.  0.  0.  0.
  0.  0.  0. 28.  1. 27. 25. 21. 29.  0.  0.  0.  0.  0.  0.  0.  0.  0.
  8.  0.  2. 17. 12.  0.  0.  0.  0.  0.  0.  0.  0.  0.  7.  6.  4. 24.
  3. 20. 19.  0.  0.  0.  0.  0.  0.  0.  0. 14.  5. 13. 11. 15. 16.  0.
  0.  0.  0.  0.  0.  0.  0.  0.  0.  0.  9.  0. 18.  0.  0.  0.  0.  0.
  0.  0.  0.  0.  0.  0.  0.  0. 10.  0.  0.  0.  0.  0.  0.  0.  0.  0.
  0.  0.  0.  0. 22.  0.  0.  0.  0.  0.  0.  0.  0.  0.  0.  0.  0.  0.
 23.  0.  0.  0.  0.  0.  0.  0.  0.]