[ 0.  0.  0.  0.  0.  0.  0.  0.  0.  0.  0.  0.  0.  0.  0.  0.  0.  0.
  0.  0.  0.  0.  0.  0.  0.  0.  0.  0.  0.  0.  0.  0.  0.  0.  0.  0.
  0.  0.  0.  0.  0.  0.  0.  0.  0.  0.  0.  0.  0.  0.  0.  0.  0.  0.
  0.  0.  0.  0.  0.  0.  0.  0.  0.  0.  0.  0.  0.  0.  0.  0.  0.  0.
  0.  0.  0.  0.  0.  0.  0.  0.  0.  0.  0.  0.  0.  0.  0.  0.  0.  0.
  0.  0.  0. 14.  0.  9.  0. 10.  0.  0.  0.  0.  0.  0.  0.  0.  0.  0.
  0. 13. 12.  8.  1.  7. 21.  0.  0.  0.  0.  0.  0.  0.  0.  0.  0. 11.
  0.  2.  4.  5.  0. 19.  0.  0.  0.  0.  0.  0.  0.  0.  0.  0.  3.  6.
  0. 17.  0.  0.  0.  0.  0.  0.  0.  0.  0.  0.  0. 16.  0. 15.  0. 18.
  0.  0.  0.  0.  0.  0.  0.  0.  0.  0.  0. 20.  0.  0.  0.  0.  0.  0.
  0.  0.  0.  0.  0.  0.  0.  0.  0.  0.  0.  0.  0.  0.  0.  0.  0.  0.
  0.  0.  0.  0.  0.  0.  0.  0.  0.  0.  0.  0.  0.  0.  0.  0.  0.  0.
  0.  0.  0.  0.  0.  0.  0.  0.  0.]