[ 0.  0.  0.  0.  0.  0.  0.  0.  0.  0.  0.  0.  0.  0.  0.  0.  0.  0.
  0.  0.  0.  0.  0.  0.  0.  0.  0.  0.  0.  0.  0.  0.  0.  0.  0.  0.
  0.  0.  0.  0.  0.  0.  0.  0.  0.  0.  0.  0.  0.  0.  0.  0.  0.  0.
  0.  0.  0.  0.  0.  0.  0.  0.  0.  0.  0.  0.  0. 15.  0.  0.  0.  0.
  0.  0.  0.  0.  0.  0.  0.  0. 17.  8. 16. 12.  0.  0.  0.  0.  0.  0.
  0.  0.  0.  0.  0. 14.  6. 11.  0.  0.  0.  0.  0.  0.  0.  0.  0.  0.
  0. 10.  5.  9.  1.  4.  0.  0.  0.  0.  0.  0.  0.  0.  0. 25.  0. 22.
 18.  2.  3.  0.  0.  0.  0.  0.  0.  0.  0. 24. 23. 19. 13.  7. 20.  0.
  0.  0.  0.  0.  0.  0.  0.  0.  0. 21.  0.  0.  0.  0.  0.  0.  0.  0.
  0.  0.  0.  0.  0.  0.  0.  0.  0.  0.  0.  0.  0.  0.  0.  0.  0.  0.
  0.  0.  0.  0.  0.  0.  0.  0.  0.  0.  0.  0.  0.  0.  0.  0.  0.  0.
  0.  0.  0.  0.  0.  0.  0.  0.  0.  0.  0.  0.  0.  0.  0.  0.  0.  0.
  0.  0.  0.  0.  0.  0.  0.  0.  0.]