[ 0.  0.  0.  0.  0.  0.  0.  0.  0.  0.  0.  0.  0.  0.  0.  0.  0.  0.
  0.  0.  0.  0.  0.  0.  0.  0.  0.  0.  0.  0.  0.  0.  0.  0.  0.  0.
  0.  0.  0.  0.  0.  0.  0.  0.  0.  0.  0.  0.  0.  0.  0. 20. 22.  0.
  0.  0.  0.  0.  0.  0.  0.  0.  0.  0.  0.  0. 25. 19.  0.  0.  0.  0.
  0.  0.  0.  0.  0.  0.  0.  0.  0.  0. 21. 11.  8.  0.  0.  0.  0.  0.
  0.  0.  0.  0.  0.  0. 10.  3.  7.  9. 15. 16.  0.  0.  0.  0.  0.  0.
  0.  0.  0. 12.  1.  6. 23. 13.  0.  0.  0.  0.  0.  0.  0.  0.  0.  0.
  5.  4.  2.  0. 17. 14.  0.  0.  0.  0.  0.  0.  0.  0.  0.  0.  0.  0.
  0. 18. 24.  0.  0.  0.  0.  0.  0.  0.  0.  0.  0.  0.  0.  0.  0.  0.
  0.  0.  0.  0.  0.  0.  0.  0.  0.  0.  0.  0.  0.  0.  0.  0.  0.  0.
  0.  0.  0.  0.  0.  0.  0.  0.  0.  0.  0.  0.  0.  0.  0.  0.  0.  0.
  0.  0.  0.  0.  0.  0.  0.  0.  0.  0.  0.  0.  0.  0.  0.  0.  0.  0.
  0.  0.  0.  0.  0.  0.  0.  0.  0.]