[ 0.  0.  0.  0.  0.  0.  0.  0.  0.  0.  0.  0.  0.  0.  0.  0.  0.  0.
  0.  0.  0.  0.  0. 40.  0.  0.  0.  0.  0.  0.  0.  0.  0.  0.  0.  0.
  0. 39.  0. 43.  0.  0.  0.  0.  0.  0.  0.  0.  0. 45. 48.  0.  0. 38.
 35.  0.  0.  0.  0.  0.  0.  0.  0.  0.  0. 44. 37. 36. 32. 34.  0. 41.
  0.  0.  0.  0.  0.  0.  0.  0.  0. 42.  0. 31. 30.  0.  0.  0.  0.  0.
  0.  0.  0.  0.  0. 46.  0. 10.  3.  0. 33.  0.  0.  0.  0.  0.  0.  0.
  0. 47.  6.  5.  1.  0.  0. 12.  0.  0.  0.  0.  0.  0.  0.  0.  0.  9.
  4.  8.  2. 11.  0. 22. 27.  0.  0.  0.  0.  0.  0.  0.  0.  0.  7.  0.
  0. 13. 24.  0.  0.  0.  0.  0.  0.  0.  0.  0. 17. 16. 21. 14. 20. 18.
  0. 23.  0.  0.  0.  0.  0.  0.  0.  0.  0. 15. 26. 19. 25.  0.  0.  0.
  0.  0.  0.  0.  0.  0.  0.  0. 28.  0.  0.  0.  0.  0.  0.  0.  0.  0.
  0.  0.  0.  0. 29.  0.  0.  0.  0.  0.  0.  0.  0.  0.  0.  0.  0.  0.
  0.  0.  0.  0.  0.  0.  0.  0.  0.]