[ 0.  0.  0.  0.  0.  0.  0.  0.  0.  0.  0.  0.  0.  0.  0.  0.  0.  0.
  0.  0.  0.  0.  0.  0.  0.  0.  0.  0.  0.  0.  0.  0.  0.  0.  0.  0.
  0.  0.  0.  0.  0.  0.  0.  0.  0.  0.  0.  0.  0.  0.  0.  0.  0.  0.
  0.  0.  0.  0.  0.  0.  0.  0.  0.  0.  0.  0. 38.  0.  0.  0.  0.  0.
  0.  0.  0.  0.  0.  0.  0. 39. 37.  3.  0.  0.  0.  9.  0.  0.  0.  0.
  0.  0. 32.  0. 35.  0.  0.  0.  7.  8.  0.  0.  0.  0.  0.  0.  0.  0.
 31. 33. 34. 27.  1.  6.  0. 30.  0.  0.  0.  0.  0.  0.  0.  0. 17. 16.
 12.  4.  2.  5.  0.  0.  0.  0.  0.  0.  0.  0.  0. 36. 23. 10. 14. 22.
 25. 24.  0.  0.  0.  0.  0.  0.  0.  0.  0. 11. 13. 18. 15. 26.  0.  0.
  0.  0.  0.  0.  0.  0.  0.  0.  0.  0. 20. 19.  0. 28.  0.  0.  0.  0.
  0.  0.  0.  0.  0.  0.  0. 21.  0.  0.  0. 29.  0.  0.  0.  0.  0.  0.
  0.  0.  0.  0.  0.  0.  0.  0.  0.  0.  0.  0.  0.  0.  0.  0.  0.  0.
  0.  0.  0.  0.  0.  0.  0.  0.  0.]