[ 0.  0.  0.  0.  0.  0.  0.  0.  0.  0.  0.  0.  0.  0. 45.  0.  0.  0.
  0.  0.  0.  0.  0.  0. 24. 46. 47. 18. 44.  0.  0.  0.  0.  0.  0.  0.
  0. 38. 37. 23. 25. 17. 26.  0.  0.  0.  0.  0.  0. 51.  0. 54. 19. 22.
 21. 15. 30. 29.  0.  0.  0.  0.  0. 56. 60. 50. 57.  0. 20. 11. 16.  0.
  0.  0.  0.  0.  0.  0.  0. 55. 61. 48. 10.  7.  3.  9. 14. 28.  0.  0.
  0.  0.  0.  0. 59. 53. 52. 12.  4.  8. 13. 33. 39. 40.  0.  0.  0.  0.
  0.  0.  0. 49.  1.  6.  5. 31.  0. 36. 58.  0.  0.  0.  0.  0.  0.  0.
  0. 43.  2. 27. 32.  0.  0.  0.  0.  0.  0.  0.  0.  0.  0.  0.  0. 34.
 41.  0.  0.  0.  0.  0.  0.  0.  0.  0.  0.  0.  0.  0. 35. 42.  0.  0.
  0.  0.  0.  0.  0.  0.  0.  0.  0.  0.  0.  0.  0.  0.  0.  0.  0.  0.
  0.  0.  0.  0.  0.  0.  0.  0.  0.  0.  0.  0.  0.  0.  0.  0.  0.  0.
  0.  0.  0.  0.  0.  0.  0.  0.  0.  0.  0.  0.  0.  0.  0.  0.  0.  0.
  0.  0.  0.  0.  0.  0.  0.  0.  0.]