[ 0.  0.  0.  0.  0.  0.  0.  0.  0.  0.  0.  0.  0.  0.  0.  0.  0.  0.
  0.  0.  0.  0.  0.  0.  0.  0.  0.  0.  0.  0.  0.  0.  0.  0.  0.  0.
  0.  0.  0.  0.  0.  0.  0.  0.  0.  0.  0.  0.  0.  0.  0.  0.  0.  0.
 20. 29.  0.  0.  0.  0.  0.  0.  0.  0.  0.  0.  0.  0.  0. 19.  0. 28.
  0.  0.  0.  0.  0.  0.  0.  0.  0. 14.  3.  5.  0. 22. 21.  0.  0.  0.
  0.  0.  0. 38.  0. 15. 36. 30. 10. 26. 37. 27.  0.  0.  0.  0.  0.  0.
 39.  0. 16.  8.  1. 13. 18. 25.  0.  0.  0.  0.  0.  0.  0.  0.  0. 35.
  7.  2.  6. 17.  0. 23.  0.  0.  0.  0.  0.  0.  0.  0. 34.  0. 11.  4.
 33. 24. 32.  0.  0.  0.  0.  0.  0.  0.  0.  0.  0.  0. 12.  9.  0.  0.
  0.  0.  0.  0.  0.  0.  0.  0.  0.  0.  0.  0.  0.  0.  0.  0.  0.  0.
  0.  0.  0.  0.  0. 41. 40.  0. 31.  0.  0.  0.  0.  0.  0.  0.  0.  0.
  0.  0.  0.  0.  0.  0.  0.  0.  0.  0.  0.  0.  0.  0.  0.  0.  0.  0.
  0.  0.  0.  0.  0.  0.  0.  0.  0.]