[ 0.  0.  0.  0. 41.  0.  0.  0.  0.  0.  0.  0.  0.  0.  0.  0.  0.  0.
  0. 45. 40. 44. 30.  0.  0. 50.  0.  0. 24.  0.  0.  0.  0.  0.  0. 42.
 36. 35. 29. 31.  0.  0. 23. 33.  0.  0.  0.  0. 49. 46. 38.  0. 28. 25.
 15.  0. 21. 22. 19.  0.  0.  0. 48. 47. 39. 43. 37. 34. 10. 16. 17. 32.
 20.  0.  0.  0.  0.  0.  0.  0.  0.  0.  6.  5.  3. 12. 11. 27.  0.  0.
  0.  0.  0.  0.  0.  0. 53.  0.  4.  8.  9. 26. 18.  0.  0.  0.  0.  0.
  0.  0. 52. 51.  1. 13.  7. 14.  0.  0.  0.  0.  0.  0.  0.  0.  0.  0.
  0.  0.  2.  0.  0.  0.  0.  0.  0.  0.  0.  0.  0.  0.  0.  0.  0.  0.
  0.  0.  0.  0.  0.  0.  0.  0.  0.  0.  0.  0.  0.  0.  0.  0.  0.  0.
  0.  0.  0.  0.  0.  0.  0.  0.  0.  0.  0.  0.  0.  0.  0.  0.  0.  0.
  0.  0.  0.  0.  0.  0.  0.  0.  0.  0.  0.  0.  0.  0.  0.  0.  0.  0.
  0.  0.  0.  0.  0.  0.  0.  0.  0.  0.  0.  0.  0.  0.  0.  0.  0.  0.
  0.  0.  0.  0.  0.  0.  0.  0.  0.]