[ 0.  0.  0.  0.  0.  0.  0.  0.  0.  0.  0.  0.  0.  0.  0.  0.  0.  0.
  0.  0.  0.  0.  0.  0.  0.  0.  0.  0.  0.  0.  0.  0.  0.  0.  0.  0.
  0.  0.  0.  0.  0.  0.  0.  0.  0.  0.  0.  0.  0.  0.  0.  0.  0.  0.
  0.  0.  0.  0.  0.  0.  0.  0.  0.  0.  0.  0.  0.  0.  0.  0.  0.  0.
  0.  0.  0.  0.  0.  0.  0.  0.  0.  0.  0.  0.  0.  0.  0.  0.  0.  0.
  0.  0.  0.  0.  0.  0. 39.  0.  0.  0.  0.  0.  0.  0.  0.  0.  0.  0.
  0.  0. 10.  0.  1.  0.  6.  0.  0.  0.  0.  0.  0.  0.  0.  0. 38. 17.
  7.  2.  4.  0.  0. 33.  0.  0.  0.  0.  0.  0. 36. 37. 16.  8.  9.  5.
  3. 26.  0. 28.  0.  0.  0.  0. 44.  0.  0. 14. 23. 11. 18. 21. 29. 27.
  0.  0.  0.  0. 45.  0. 46. 15. 35. 12. 40.  0. 24. 25.  0.  0.  0.  0.
  0.  0.  0.  0.  0.  0. 20. 13.  0. 19. 32. 30.  0.  0.  0.  0.  0.  0.
 42. 43. 34. 22.  0.  0.  0. 31.  0.  0.  0.  0.  0.  0.  0.  0. 41.  0.
  0.  0.  0.  0.  0.  0.  0.  0.  0.]