[ 0.  0.  0.  0.  0.  0.  0.  0.  0.  0.  0.  0.  0.  0.  0.  0.  0.  0.
  0.  0.  0.  0.  0.  0.  0.  0.  0.  0.  0.  0.  0.  0.  0.  0.  0.  0.
  0.  0.  0.  0.  0.  0.  0.  0.  0.  0.  0.  0.  0.  0.  0. 50.  0.  0.
  0.  0.  0.  0.  0.  0.  0.  0.  0.  0. 24. 49.  0.  0.  0. 18. 48.  0.
  0.  0.  0.  0.  0. 26. 23. 25. 21.  0. 16. 10. 17.  0.  0.  0.  0.  0.
  0.  0.  0. 43. 22. 20. 19.  9.  3. 11. 12.  0.  0.  0.  0.  0.  0.  0.
  0.  0.  8.  5.  1.  0. 13.  0.  0.  0.  0.  0.  0.  0. 52. 44.  0.  7.
  6.  2.  4. 14. 15.  0.  0.  0.  0.  0.  0. 45. 46. 37.  0.  0.  0.  0.
 28. 40. 33.  0.  0.  0.  0.  0. 51. 38.  0. 39.  0. 29. 27. 32. 31.  0.
 34.  0.  0.  0.  0.  0. 47.  0.  0. 42.  0. 30. 35.  0.  0.  0.  0.  0.
  0.  0.  0.  0. 53.  0.  0. 41. 36.  0.  0.  0.  0.  0.  0.  0.  0.  0.
  0.  0.  0.  0.  0.  0.  0.  0.  0.  0.  0.  0.  0.  0.  0.  0.  0.  0.
  0.  0.  0.  0.  0.  0.  0.  0.  0.]