[ 0.  0.  0.  0.  0.  0.  0.  0.  0.  0.  0.  0.  0.  0.  0.  0.  0.  0.
  0.  0.  0.  0.  0.  0.  0.  0.  0.  0.  0.  0.  0.  0.  0.  0.  0.  0.
  0.  0.  0.  0.  0.  0.  0.  0.  0.  0.  0.  0.  0.  0.  0. 10. 20.  0.
 18.  0.  0.  0.  0.  0.  0.  0.  0.  0.  0.  0.  0. 11. 19.  0.  0.  0.
  0.  0.  0.  0.  0.  0.  0.  0.  0. 17. 14.  4. 12. 15.  0.  0.  0.  0.
  0.  0.  0.  0.  0.  0. 16.  0.  7.  6.  0.  0.  0.  0.  0.  0.  0.  0.
  0.  0.  0.  0.  1.  0.  3.  8.  0.  0.  0.  0.  0.  0.  0.  0.  0.  0.
  0.  0.  2.  0. 13.  9.  0.  0.  0.  0.  0.  0.  0.  0.  0.  0.  0.  0.
  5.  0.  0.  0.  0.  0.  0.  0.  0.  0.  0.  0.  0.  0.  0.  0.  0.  0.
  0.  0.  0.  0.  0.  0.  0.  0.  0.  0.  0.  0.  0.  0.  0.  0.  0.  0.
  0.  0.  0.  0.  0.  0.  0.  0.  0.  0.  0.  0.  0.  0.  0.  0.  0.  0.
  0.  0.  0.  0.  0.  0.  0.  0.  0.  0.  0.  0.  0.  0.  0.  0.  0.  0.
  0.  0.  0.  0.  0.  0.  0.  0.  0.]