[ 0.  0.  0.  0.  0.  0.  0.  0.  0.  0.  0.  0.  0.  0.  0.  0.  0.  0.
  0.  0.  0.  0.  0.  0.  0.  0.  0.  0.  0.  0.  0.  0.  0.  0.  0.  0.
  0.  0. 21.  0.  0.  0.  0.  0.  0.  0.  0.  0.  0.  0. 15.  0. 20. 18.
 28. 33.  0.  0.  0.  0.  0.  0.  0.  0.  0. 14. 12. 17. 16. 25.  0.  0.
  0.  0.  0.  0.  0.  0.  0.  7.  0. 13. 19. 26.  3. 22. 35.  0.  0.  0.
  0.  0.  0.  0.  0.  6.  8. 11. 10. 23.  0. 24.  0.  0.  0.  0.  0.  0.
  0.  0.  0.  4.  1. 27. 29. 31. 32.  0.  0.  0.  0.  0.  0.  0.  0.  0.
  9.  2.  5. 30.  0. 34.  0.  0.  0.  0.  0.  0.  0.  0.  0. 57. 36. 37.
 43. 45. 47. 48.  0.  0.  0.  0.  0.  0.  0.  0. 51. 41. 38.  0. 44. 39.
  0.  0.  0.  0.  0.  0.  0.  0.  0. 49. 40. 46. 42.  0.  0.  0.  0.  0.
  0.  0.  0.  0.  0. 56. 58.  0. 50.  0.  0.  0.  0.  0.  0.  0.  0.  0.
  0. 55. 54.  0. 52.  0.  0.  0.  0.  0.  0.  0.  0.  0.  0.  0.  0.  0.
 53.  0.  0.  0.  0.  0.  0.  0.  0.]