[ 0.  0.  0.  0.  0.  0.  0.  0.  0.  0.  0.  0.  0.  0.  0.  0.  0.  0.
  0.  0.  0.  0.  0.  0.  0.  0.  0.  0.  0.  0.  0.  0.  0.  0.  0.  0.
  0.  0.  0.  0.  0.  0.  0.  0.  0.  0.  0.  0.  0.  0.  0.  0.  0.  0.
  0.  0.  0.  0.  0.  0.  0.  0.  0.  0.  0.  0.  0.  0.  0.  0.  0.  0.
  0.  0.  0.  0.  0.  0.  0.  0.  0.  0.  0.  3.  0.  0.  0.  0.  0.  0.
  0.  0.  0.  0.  0.  0.  9.  0.  0.  0.  0.  0.  0.  0.  0.  0.  0.  0.
  0.  0.  0.  6.  1. 11.  0.  5.  0.  0.  0.  0.  0.  0.  0.  0.  0. 13.
  8.  2. 12.  0.  0.  0.  0.  0.  0.  0.  0.  0. 27. 16. 25.  4.  0.  7.
  0.  0.  0.  0.  0.  0.  0.  0.  0.  0. 20. 10. 15.  0.  0.  0.  0.  0.
  0.  0.  0.  0.  0.  0. 23. 18. 22. 14. 28.  0.  0.  0.  0.  0.  0.  0.
  0.  0.  0. 19. 21.  0. 26. 17.  0.  0.  0.  0.  0.  0.  0.  0.  0.  0.
  0.  0. 24.  0.  0.  0.  0.  0.  0.  0.  0.  0.  0.  0.  0.  0.  0.  0.
  0.  0.  0.  0.  0.  0.  0.  0.  0.]