[ 0.  0.  0.  0.  0.  0.  0.  0.  0.  0.  0.  0.  0.  0.  0.  0.  0.  0.
  0.  0.  0.  0.  0.  0.  0.  0.  0.  0.  0.  0.  0.  0.  0.  0.  0.  0.
  0.  0.  0.  0.  0.  0.  0.  0.  0.  0.  0.  0.  0.  0.  0.  0.  0.  0.
  0.  0.  0.  0.  0.  0.  0.  0.  0.  0.  0.  0.  0.  0.  0.  0.  0. 18.
  0.  0.  0.  0.  0.  0.  0.  0.  0.  0.  0.  0.  0.  0. 17. 14.  0.  0.
  0.  0.  0.  0.  0.  0.  0.  0.  0.  0.  6. 13.  0. 19.  0.  0.  0.  0.
  0.  0.  0.  0.  0.  0. 10.  9.  3. 15. 24. 23.  0.  0.  0.  0.  0.  0.
  0.  0. 11.  0.  4. 20. 21. 16.  0.  0.  0.  0.  0.  0.  0.  0.  0. 12.
  0.  0.  0.  2.  5.  0.  0.  0.  0.  0.  0.  0.  0.  0.  0. 32.  8.  0.
  1.  7.  0.  0.  0.  0.  0.  0.  0.  0.  0. 30. 31. 22. 26.  0.  0.  0.
  0.  0.  0.  0.  0.  0.  0.  0.  0.  0. 25. 27. 28.  0.  0.  0.  0.  0.
  0.  0.  0.  0.  0.  0.  0.  0.  0.  0. 29.  0.  0.  0.  0.  0.  0.  0.
  0.  0.  0.  0.  0.  0.  0.  0.  0.]