[ 0.  0.  0.  0.  0.  0.  0.  0.  0.  0.  0.  0.  0.  0.  0.  0.  0.  0.
  0.  0.  0.  0.  0.  0.  0.  0.  0.  0.  0.  0.  0.  0.  0.  0.  0.  0.
  0.  0.  0.  0.  0.  0.  0.  0.  0.  0.  0.  0.  0.  0.  0.  0.  0.  0.
  0.  0.  0.  0.  0.  0.  0.  0.  0.  0.  0.  0.  0.  0.  0.  0.  0.  0.
  0.  0.  0.  0.  0.  0.  0.  0.  0.  0.  0.  8.  0.  0.  0.  0.  0.  0.
  0.  0.  0.  0.  0.  0.  0.  6.  0.  0.  0.  0.  0.  0.  0.  0.  0.  0.
  0.  0.  0.  4.  1.  5.  0. 10.  0.  0.  0.  0.  0.  0.  0.  0.  0.  9.
  0.  2. 11.  3.  0. 21.  0.  0.  0.  0.  0.  0.  0.  0.  0.  0. 16.  7.
 13. 15. 19. 20.  0.  0.  0.  0.  0.  0.  0.  0.  0.  0. 12.  0. 14. 17.
  0.  0.  0.  0.  0.  0.  0.  0.  0.  0.  0.  0.  0.  0.  0. 18.  0.  0.
  0.  0.  0.  0.  0.  0.  0.  0.  0.  0.  0.  0.  0.  0.  0.  0.  0.  0.
  0.  0.  0.  0.  0.  0.  0.  0.  0.  0.  0.  0.  0.  0.  0.  0.  0.  0.
  0.  0.  0.  0.  0.  0.  0.  0.  0.]