[ 0.  0.  0.  0.  0.  0.  0.  0.  0.  0.  0.  0.  0.  0.  0.  0.  0.  0.
  0.  0.  0.  0.  0.  0.  0.  0.  0.  0.  0.  0.  0.  0.  0.  0.  0.  0.
  0.  0.  0.  0.  0.  0.  0.  0.  0.  0.  0.  0.  0.  0.  0.  0.  0. 23.
  0.  0.  0.  0.  0.  0.  0.  0.  0.  0.  0.  0. 20. 24. 22.  0.  0.  0.
  0.  0.  0.  0.  0.  0.  0.  0. 14. 17.  4. 16.  0. 11.  0.  0.  0.  0.
  0.  0.  0.  0.  0.  5. 13.  3.  6. 10.  0.  0.  0.  0.  0.  0.  0.  0.
 27. 21.  0. 15.  1.  8.  7.  0.  0.  0.  0.  0.  0.  0.  0. 25.  0.  0.
  0.  2.  9.  0.  0.  0.  0.  0.  0.  0.  0. 26.  0.  0.  0. 18. 12.  0.
  0.  0.  0.  0.  0.  0.  0.  0.  0.  0.  0. 19.  0.  0.  0.  0.  0.  0.
  0.  0.  0.  0.  0.  0.  0.  0.  0.  0.  0.  0.  0.  0.  0.  0.  0.  0.
  0.  0.  0.  0.  0.  0.  0.  0.  0.  0.  0.  0.  0.  0.  0.  0.  0.  0.
  0.  0.  0.  0.  0.  0.  0.  0.  0.  0.  0.  0.  0.  0.  0.  0.  0.  0.
  0.  0.  0.  0.  0.  0.  0.  0.  0.]