[ 0.  0.  0.  0.  0.  0.  0.  0.  0.  0.  0.  0.  0.  0.  0.  0.  0.  0.
  0.  0.  0.  0.  0.  0.  0.  0.  0.  0.  0.  0.  0.  0.  0.  0.  0.  0.
  0.  0.  0.  0.  0.  0.  0.  0.  0.  0.  0.  0.  0.  0.  0.  0.  0.  0.
  0.  0.  0.  0.  0.  0.  0.  0.  0.  0.  0.  0.  0.  0.  0.  0.  0.  0.
  0.  0.  0.  0.  0.  0.  0.  0.  0.  0.  0.  0.  0.  0.  0.  0.  0.  0.
  0.  0.  0. 18.  0. 13.  3. 10.  0.  0. 14.  0.  0.  0.  0.  0.  0.  0.
  0. 17. 16.  8.  1.  7. 12.  0.  0.  0.  0.  0.  0.  0.  0.  0.  0. 11.
 24.  2.  4.  5.  0.  0.  0.  0.  0.  0.  0.  0.  0.  0.  0.  0. 15.  6.
 28.  0.  0.  0.  0.  0.  0.  0.  0.  0.  0.  0. 22. 19. 21.  9.  0.  0.
  0.  0.  0.  0.  0.  0.  0.  0.  0.  0.  0. 20. 23.  0.  0.  0.  0.  0.
  0.  0.  0.  0.  0.  0.  0.  0. 29. 27. 25.  0.  0.  0.  0.  0.  0.  0.
  0.  0.  0.  0.  0.  0.  0.  0. 26.  0.  0.  0.  0.  0.  0.  0.  0.  0.
  0.  0.  0.  0.  0.  0.  0.  0.  0.]